images,pilltype,prod_code_id,is_ref,is_front,is_new,image_path,label,ID,Enabled?,created at,updated at,spp,setid,splsize,pillbox_size,splshape,splshape_text,pillbox_shape_text,splscore,pillbox_score,splimprint,pillbox_imprint,splcolor,splcolor_text,pillbox_color_text,spl_strength,spl_ingredients,spl_inactive_ing,source,rxtty,rxstring,rxcui,RxNorm Update time,product_code,part_num,part_medicine_name,ndc9,ndc_labeler_code,ndc_product_code,medicine_name,marketing_act_code,effective_time,file_name,equal_product_code,dosage_form,document_type,dea_schedule_code,dea_schedule_name,author_type,author,approval_code,image_source,has_image,epc_match,version_number,laberer_code,application_number,updated,stale,new,Pillbox Value,Unnamed: 55
00002-3228-30_PART_1_OF_1_CHAL10_SB_391E1C80.jpg,00002-3228-30,3228,TRUE,FALSE,FALSE,fcn_mix_weight/dr_224/00002-3228-30_PART_1_OF_1_CHAL10_SB_391E1C80.jpg,00002-3228-30_391E1C80,23357,TRUE,10/17/2017 05:31:01 PM,2020-02-10 17:03:31,309de576-c318-404a-bc15-660c2b1876fb-0002-3228-0,309de576-c318-404a-bc15-660c2b1876fb,16,,C48336,CAPSULE,,1,,LILLY;3228;25;mg,,C48325;C48333,WHITE;BLUE,,Atomoxetine hydrochloride 25 mg;,Atomoxetine hydrochloride[Atomoxetine];,"STARCH, Corn;DIMETHICONE;Gelatin, Unspecified;sodium lauryl sulfate;FD&C BLUE NO. 2;FERROSOFERRIC OXIDE;titanium dioxide;",HRX,SBD,atomoxetine 25 MG Oral Capsule [Strattera],352319,2020-02-10 15:26:00,0002-3228,0,,23228,2,3228,Strattera,active,20200225,bef991ff-4775-4854-94c1-88081bbf9354.xml,,C25158,34391-3,,,LABELER,Eli Lilly and Company,C73594,NLM,TRUE,,62,,,TRUE,FALSE,FALSE,TRUE,TRUE
00002-3228-30_PART_1_OF_1_CHAL10_SF_391E1C80.jpg,00002-3228-30,3228,TRUE,TRUE,FALSE,fcn_mix_weight/dr_224/00002-3228-30_PART_1_OF_1_CHAL10_SF_391E1C80.jpg,00002-3228-30_391E1C80,23357,TRUE,10/17/2017 05:31:01 PM,2020-02-10 17:03:31,309de576-c318-404a-bc15-660c2b1876fb-0002-3228-0,309de576-c318-404a-bc15-660c2b1876fb,16,,C48336,CAPSULE,,1,,LILLY;3228;25;mg,,C48325;C48333,WHITE;BLUE,,Atomoxetine hydrochloride 25 mg;,Atomoxetine hydrochloride[Atomoxetine];,"STARCH, Corn;DIMETHICONE;Gelatin, Unspecified;sodium lauryl sulfate;FD&C BLUE NO. 2;FERROSOFERRIC OXIDE;titanium dioxide;",HRX,SBD,atomoxetine 25 MG Oral Capsule [Strattera],352319,2020-02-10 15:26:00,0002-3228,0,,23228,2,3228,Strattera,active,20200225,bef991ff-4775-4854-94c1-88081bbf9354.xml,,C25158,34391-3,,,LABELER,Eli Lilly and Company,C73594,NLM,TRUE,,62,,,TRUE,FALSE,FALSE,TRUE,TRUE
00002-3229-30_PART_1_OF_1_CHAL10_SB_3E1E1F50.jpg,00002-3229-30,3229,TRUE,FALSE,FALSE,fcn_mix_weight/dr_224/00002-3229-30_PART_1_OF_1_CHAL10_SB_3E1E1F50.jpg,00002-3229-30_3E1E1F50,12858,TRUE,10/17/2017 05:30:16 PM,2020-02-10 17:10:09,309de576-c318-404a-bc15-660c2b1876fb-0002-3229-0,309de576-c318-404a-bc15-660c2b1876fb,16,,C48336,CAPSULE,,1,,LILLY;3229;40;mg,,C48333,BLUE,,Atomoxetine hydrochloride 40 mg;,Atomoxetine hydrochloride[Atomoxetine];,"STARCH, Corn;DIMETHICONE;Gelatin, Unspecified;sodium lauryl sulfate;FD&C BLUE NO. 2;FERROSOFERRIC OXIDE;titanium dioxide;",HRX,SBD,atomoxetine 40 MG Oral Capsule [Strattera],352320,2020-02-10 15:59:52,0002-3229,0,,23229,2,3229,Strattera,active,20200225,bef991ff-4775-4854-94c1-88081bbf9354.xml,,C25158,34391-3,,,LABELER,Eli Lilly and Company,C73594,NLM,TRUE,,62,,,TRUE,FALSE,FALSE,TRUE,TRUE
00002-3229-30_PART_1_OF_1_CHAL10_SF_3E1E1F50.jpg,00002-3229-30,3229,TRUE,TRUE,FALSE,fcn_mix_weight/dr_224/00002-3229-30_PART_1_OF_1_CHAL10_SF_3E1E1F50.jpg,00002-3229-30_3E1E1F50,12858,TRUE,10/17/2017 05:30:16 PM,2020-02-10 17:10:09,309de576-c318-404a-bc15-660c2b1876fb-0002-3229-0,309de576-c318-404a-bc15-660c2b1876fb,16,,C48336,CAPSULE,,1,,LILLY;3229;40;mg,,C48333,BLUE,,Atomoxetine hydrochloride 40 mg;,Atomoxetine hydrochloride[Atomoxetine];,"STARCH, Corn;DIMETHICONE;Gelatin, Unspecified;sodium lauryl sulfate;FD&C BLUE NO. 2;FERROSOFERRIC OXIDE;titanium dioxide;",HRX,SBD,atomoxetine 40 MG Oral Capsule [Strattera],352320,2020-02-10 15:59:52,0002-3229,0,,23229,2,3229,Strattera,active,20200225,bef991ff-4775-4854-94c1-88081bbf9354.xml,,C25158,34391-3,,,LABELER,Eli Lilly and Company,C73594,NLM,TRUE,,62,,,TRUE,FALSE,FALSE,TRUE,TRUE
00002-3238-30_PART_1_OF_1_CHAL10_SB_361E1B30.jpg,00002-3238-30,3238,TRUE,FALSE,FALSE,fcn_mix_weight/dr_224/00002-3238-30_PART_1_OF_1_CHAL10_SB_361E1B30.jpg,00002-3238-30_361E1B30,10625,TRUE,10/17/2017 05:30:07 PM,2020-02-10 17:10:09,309de576-c318-404a-bc15-660c2b1876fb-0002-3238-0,309de576-c318-404a-bc15-660c2b1876fb,16,,C48336,CAPSULE,,1,,LILLY;3238;18;mg,,C48325;C48330,WHITE;YELLOW,,Atomoxetine hydrochloride 18 mg;,Atomoxetine hydrochloride[Atomoxetine];,"STARCH, Corn;DIMETHICONE;Gelatin, Unspecified;sodium lauryl sulfate;FERRIC OXIDE YELLOW;titanium dioxide;",HRX,SBD,atomoxetine 18 MG Oral Capsule [Strattera],352318,2020-02-10 15:59:50,0002-3238,0,,23238,2,3238,Strattera,active,20200225,bef991ff-4775-4854-94c1-88081bbf9354.xml,,C25158,34391-3,,,LABELER,Eli Lilly and Company,C73594,NLM,TRUE,,62,,,TRUE,FALSE,FALSE,TRUE,TRUE
00002-3238-30_PART_1_OF_1_CHAL10_SF_361E1B30.jpg,00002-3238-30,3238,TRUE,TRUE,FALSE,fcn_mix_weight/dr_224/00002-3238-30_PART_1_OF_1_CHAL10_SF_361E1B30.jpg,00002-3238-30_361E1B30,10625,TRUE,10/17/2017 05:30:07 PM,2020-02-10 17:10:09,309de576-c318-404a-bc15-660c2b1876fb-0002-3238-0,309de576-c318-404a-bc15-660c2b1876fb,16,,C48336,CAPSULE,,1,,LILLY;3238;18;mg,,C48325;C48330,WHITE;YELLOW,,Atomoxetine hydrochloride 18 mg;,Atomoxetine hydrochloride[Atomoxetine];,"STARCH, Corn;DIMETHICONE;Gelatin, Unspecified;sodium lauryl sulfate;FERRIC OXIDE YELLOW;titanium dioxide;",HRX,SBD,atomoxetine 18 MG Oral Capsule [Strattera],352318,2020-02-10 15:59:50,0002-3238,0,,23238,2,3238,Strattera,active,20200225,bef991ff-4775-4854-94c1-88081bbf9354.xml,,C25158,34391-3,,,LABELER,Eli Lilly and Company,C73594,NLM,TRUE,,62,,,TRUE,FALSE,FALSE,TRUE,TRUE
00002-3239-30_PART_1_OF_1_CHAL10_SB_3F1E1F80.jpg,00002-3239-30,3239,TRUE,FALSE,FALSE,fcn_mix_weight/dr_224/00002-3239-30_PART_1_OF_1_CHAL10_SB_3F1E1F80.jpg,00002-3239-30_3F1E1F80,25303,TRUE,10/17/2017 05:31:09 PM,2020-02-10 17:12:41,309de576-c318-404a-bc15-660c2b1876fb-0002-3239-0,309de576-c318-404a-bc15-660c2b1876fb,18,,C48336,CAPSULE,,1,,LILLY;3239;60;mg,,C48333;C48330,BLUE;YELLOW,,Atomoxetine hydrochloride 60 mg;,Atomoxetine hydrochloride[Atomoxetine];,"STARCH, Corn;DIMETHICONE;Gelatin, Unspecified;sodium lauryl sulfate;FD&C BLUE NO. 2;FERRIC OXIDE YELLOW;FERROSOFERRIC OXIDE;titanium dioxide;",HRX,SBD,atomoxetine 60 MG Oral Capsule [Strattera],352321,2020-02-10 16:04:13,0002-3239,0,,23239,2,3239,Strattera,active,20200225,bef991ff-4775-4854-94c1-88081bbf9354.xml,,C25158,34391-3,,,LABELER,Eli Lilly and Company,C73594,NLM,TRUE,,62,,,TRUE,FALSE,FALSE,TRUE,TRUE
00002-3239-30_PART_1_OF_1_CHAL10_SF_3F1E1F80.jpg,00002-3239-30,3239,TRUE,TRUE,FALSE,fcn_mix_weight/dr_224/00002-3239-30_PART_1_OF_1_CHAL10_SF_3F1E1F80.jpg,00002-3239-30_3F1E1F80,25303,TRUE,10/17/2017 05:31:09 PM,2020-02-10 17:12:41,309de576-c318-404a-bc15-660c2b1876fb-0002-3239-0,309de576-c318-404a-bc15-660c2b1876fb,18,,C48336,CAPSULE,,1,,LILLY;3239;60;mg,,C48333;C48330,BLUE;YELLOW,,Atomoxetine hydrochloride 60 mg;,Atomoxetine hydrochloride[Atomoxetine];,"STARCH, Corn;DIMETHICONE;Gelatin, Unspecified;sodium lauryl sulfate;FD&C BLUE NO. 2;FERRIC OXIDE YELLOW;FERROSOFERRIC OXIDE;titanium dioxide;",HRX,SBD,atomoxetine 60 MG Oral Capsule [Strattera],352321,2020-02-10 16:04:13,0002-3239,0,,23239,2,3239,Strattera,active,20200225,bef991ff-4775-4854-94c1-88081bbf9354.xml,,C25158,34391-3,,,LABELER,Eli Lilly and Company,C73594,NLM,TRUE,,62,,,TRUE,FALSE,FALSE,TRUE,TRUE
00002-3250-30_PART_1_OF_1_CHAL10_SB_431E21C1.jpg,00002-3250-30,3250,TRUE,FALSE,FALSE,fcn_mix_weight/dr_224/00002-3250-30_PART_1_OF_1_CHAL10_SB_431E21C1.jpg,00002-3250-30_431E21C1,23681,TRUE,10/17/2017 05:31:02 PM,2020-02-10 17:03:31,309de576-c318-404a-bc15-660c2b1876fb-0002-3250-0,309de576-c318-404a-bc15-660c2b1876fb,18,,C48336,CAPSULE,,1,,LILLY;3250;80;mg,,C48325;C48332,WHITE;BROWN,ORANGE,Atomoxetine hydrochloride 80 mg;,Atomoxetine hydrochloride[Atomoxetine];,"STARCH, Corn;DIMETHICONE;Gelatin, Unspecified;sodium lauryl sulfate;FERRIC OXIDE YELLOW;FERRIC OXIDE RED;titanium dioxide;",HRX,SBD,atomoxetine 80 MG Oral Capsule [Strattera],617947,2020-02-10 15:26:00,0002-3250,0,,23250,2,3250,Strattera,active,20200225,bef991ff-4775-4854-94c1-88081bbf9354.xml,,C25158,34391-3,,,LABELER,Eli Lilly and Company,C73594,NLM,TRUE,,62,,,TRUE,FALSE,FALSE,TRUE,TRUE
00002-3250-30_PART_1_OF_1_CHAL10_SF_431E21C1.jpg,00002-3250-30,3250,TRUE,TRUE,FALSE,fcn_mix_weight/dr_224/00002-3250-30_PART_1_OF_1_CHAL10_SF_431E21C1.jpg,00002-3250-30_431E21C1,23681,TRUE,10/17/2017 05:31:02 PM,2020-02-10 17:03:31,309de576-c318-404a-bc15-660c2b1876fb-0002-3250-0,309de576-c318-404a-bc15-660c2b1876fb,18,,C48336,CAPSULE,,1,,LILLY;3250;80;mg,,C48325;C48332,WHITE;BROWN,ORANGE,Atomoxetine hydrochloride 80 mg;,Atomoxetine hydrochloride[Atomoxetine];,"STARCH, Corn;DIMETHICONE;Gelatin, Unspecified;sodium lauryl sulfate;FERRIC OXIDE YELLOW;FERRIC OXIDE RED;titanium dioxide;",HRX,SBD,atomoxetine 80 MG Oral Capsule [Strattera],617947,2020-02-10 15:26:00,0002-3250,0,,23250,2,3250,Strattera,active,20200225,bef991ff-4775-4854-94c1-88081bbf9354.xml,,C25158,34391-3,,,LABELER,Eli Lilly and Company,C73594,NLM,TRUE,,62,,,TRUE,FALSE,FALSE,TRUE,TRUE
00002-3251-30_PART_1_OF_1_CHAL10_SB_451E2281.jpg,00002-3251-30,3251,TRUE,FALSE,FALSE,fcn_mix_weight/dr_224/00002-3251-30_PART_1_OF_1_CHAL10_SB_451E2281.jpg,00002-3251-30_451E2281,31696,TRUE,10/17/2017 05:31:37 PM,2020-02-10 17:15:48,309de576-c318-404a-bc15-660c2b1876fb-0002-3251-0,309de576-c318-404a-bc15-660c2b1876fb,20,,C48336,CAPSULE,,1,,LILLY;3251;100;mg,,C48332,BROWN,,Atomoxetine hydrochloride 100 mg;,Atomoxetine hydrochloride[Atomoxetine];,"STARCH, Corn;DIMETHICONE;Gelatin, Unspecified;sodium lauryl sulfate;FERRIC OXIDE YELLOW;FERRIC OXIDE RED;titanium dioxide;",HRX,SBD,atomoxetine 100 MG Oral Capsule [Strattera],617945,2020-02-10 16:30:31,0002-3251,0,,23251,2,3251,Strattera,active,20200225,bef991ff-4775-4854-94c1-88081bbf9354.xml,,C25158,34391-3,,,LABELER,Eli Lilly and Company,C73594,NLM,TRUE,,62,,,TRUE,FALSE,FALSE,TRUE,TRUE
00002-3251-30_PART_1_OF_1_CHAL10_SF_451E2281.jpg,00002-3251-30,3251,TRUE,TRUE,FALSE,fcn_mix_weight/dr_224/00002-3251-30_PART_1_OF_1_CHAL10_SF_451E2281.jpg,00002-3251-30_451E2281,31696,TRUE,10/17/2017 05:31:37 PM,2020-02-10 17:15:48,309de576-c318-404a-bc15-660c2b1876fb-0002-3251-0,309de576-c318-404a-bc15-660c2b1876fb,20,,C48336,CAPSULE,,1,,LILLY;3251;100;mg,,C48332,BROWN,,Atomoxetine hydrochloride 100 mg;,Atomoxetine hydrochloride[Atomoxetine];,"STARCH, Corn;DIMETHICONE;Gelatin, Unspecified;sodium lauryl sulfate;FERRIC OXIDE YELLOW;FERRIC OXIDE RED;titanium dioxide;",HRX,SBD,atomoxetine 100 MG Oral Capsule [Strattera],617945,2020-02-10 16:30:31,0002-3251,0,,23251,2,3251,Strattera,active,20200225,bef991ff-4775-4854-94c1-88081bbf9354.xml,,C25158,34391-3,,,LABELER,Eli Lilly and Company,C73594,NLM,TRUE,,62,,,TRUE,FALSE,FALSE,TRUE,TRUE
00002-4463-30_PART_1_OF_1_CHAL10_SB_B5155ACA.jpg,00002-4463-30,4463,TRUE,FALSE,FALSE,fcn_mix_weight/dr_224/00002-4463-30_PART_1_OF_1_CHAL10_SB_B5155ACA.jpg,00002-4463-30_B5155ACA,18599,TRUE,10/17/2017 05:30:41 PM,2020-02-10 17:01:59,bcd8f8ab-81a2-4891-83db-24a0b0e25895-0002-4463-0,bcd8f8ab-81a2-4891-83db-24a0b0e25895,11,,C48345,OVAL,TEAR,1,,C;10,,C48330,YELLOW,,Tadalafil 10 mg;,Tadalafil[Tadalafil];,"Hydroxypropyl cellulose, Unspecified;Hypromellose, Unspecified;Ferric Oxide Yellow;Lactose monohydrate;Magnesium stearate;Microcrystalline cellulose;Sodium lauryl sulfate;Talc;Titanium dioxide;Croscarmellose sodium;Triacetin;",HRX,SBD,tadalafil 10 MG Oral Tablet [Cialis],402096,2020-02-10 15:18:26,0002-4463,0,,24463,2,4463,Cialis,active,20200612,5bb8bb3f-c4a8-499b-b9cb-c927576f0578.xml,,C42931,34391-3,,,LABELER,Eli Lilly and Company,C73594,NLM,TRUE,,45,,,TRUE,FALSE,FALSE,TRUE,TRUE
00002-4463-30_PART_1_OF_1_CHAL10_SF_B5155ACA.jpg,00002-4463-30,4463,TRUE,TRUE,FALSE,fcn_mix_weight/dr_224/00002-4463-30_PART_1_OF_1_CHAL10_SF_B5155ACA.jpg,00002-4463-30_B5155ACA,18599,TRUE,10/17/2017 05:30:41 PM,2020-02-10 17:01:59,bcd8f8ab-81a2-4891-83db-24a0b0e25895-0002-4463-0,bcd8f8ab-81a2-4891-83db-24a0b0e25895,11,,C48345,OVAL,TEAR,1,,C;10,,C48330,YELLOW,,Tadalafil 10 mg;,Tadalafil[Tadalafil];,"Hydroxypropyl cellulose, Unspecified;Hypromellose, Unspecified;Ferric Oxide Yellow;Lactose monohydrate;Magnesium stearate;Microcrystalline cellulose;Sodium lauryl sulfate;Talc;Titanium dioxide;Croscarmellose sodium;Triacetin;",HRX,SBD,tadalafil 10 MG Oral Tablet [Cialis],402096,2020-02-10 15:18:26,0002-4463,0,,24463,2,4463,Cialis,active,20200612,5bb8bb3f-c4a8-499b-b9cb-c927576f0578.xml,,C42931,34391-3,,,LABELER,Eli Lilly and Company,C73594,NLM,TRUE,,45,,,TRUE,FALSE,FALSE,TRUE,TRUE
00002-4464-30_PART_1_OF_1_CHAL10_SB_B8155C1A.jpg,00002-4464-30,4464,TRUE,FALSE,FALSE,fcn_mix_weight/dr_224/00002-4464-30_PART_1_OF_1_CHAL10_SB_B8155C1A.jpg,00002-4464-30_B8155C1A,28525,TRUE,10/17/2017 05:31:23 PM,2020-02-10 17:13:36,bcd8f8ab-81a2-4891-83db-24a0b0e25895-0002-4464-0,bcd8f8ab-81a2-4891-83db-24a0b0e25895,12,,C48345,OVAL,TEAR,1,,C;20,,C48330,YELLOW,,Tadalafil 20 mg;,Tadalafil[Tadalafil];,"Hydroxypropyl cellulose, Unspecified;Hypromellose, Unspecified;Ferric Oxide Yellow;Lactose monohydrate;Magnesium stearate;Microcrystalline cellulose;Sodium lauryl sulfate;Talc;Titanium dioxide;Croscarmellose sodium;Triacetin;",HRX,SBD,tadalafil 20 MG Oral Tablet [Cialis],402097,2020-02-10 16:18:47,0002-4464,0,,24464,2,4464,Cialis,active,20200612,5bb8bb3f-c4a8-499b-b9cb-c927576f0578.xml,,C42931,34391-3,,,LABELER,Eli Lilly and Company,C73594,NLM,TRUE,,45,,,TRUE,FALSE,FALSE,TRUE,TRUE
00002-4464-30_PART_1_OF_1_CHAL10_SF_B8155C1A.jpg,00002-4464-30,4464,TRUE,TRUE,FALSE,fcn_mix_weight/dr_224/00002-4464-30_PART_1_OF_1_CHAL10_SF_B8155C1A.jpg,00002-4464-30_B8155C1A,28525,TRUE,10/17/2017 05:31:23 PM,2020-02-10 17:13:36,bcd8f8ab-81a2-4891-83db-24a0b0e25895-0002-4464-0,bcd8f8ab-81a2-4891-83db-24a0b0e25895,12,,C48345,OVAL,TEAR,1,,C;20,,C48330,YELLOW,,Tadalafil 20 mg;,Tadalafil[Tadalafil];,"Hydroxypropyl cellulose, Unspecified;Hypromellose, Unspecified;Ferric Oxide Yellow;Lactose monohydrate;Magnesium stearate;Microcrystalline cellulose;Sodium lauryl sulfate;Talc;Titanium dioxide;Croscarmellose sodium;Triacetin;",HRX,SBD,tadalafil 20 MG Oral Tablet [Cialis],402097,2020-02-10 16:18:47,0002-4464,0,,24464,2,4464,Cialis,active,20200612,5bb8bb3f-c4a8-499b-b9cb-c927576f0578.xml,,C42931,34391-3,,,LABELER,Eli Lilly and Company,C73594,NLM,TRUE,,45,,,TRUE,FALSE,FALSE,TRUE,TRUE
00003-4222-16_PART_1_OF_1_CHAL10_SB_F215F93F.jpg,00003-4222-16,4222,TRUE,FALSE,FALSE,fcn_mix_weight/dr_224/00003-4222-16_PART_1_OF_1_CHAL10_SB_F215F93F.jpg,00003-4222-16_F215F93F,42961,TRUE,10/17/2017 05:32:28 PM,10/17/2017 05:32:28 PM,c1ac4f63-695c-6bd6-4a7f-ecb97e03569e-0003-4222-0,c1ac4f63-695c-6bd6-4a7f-ecb97e03569e,23,,C48345,OVAL,,1,,2;5;1000;4222,,C48330,YELLOW,,saxagliptin hydrochloride 2.5 mg;metformin hydrochloride 1000 mg;,saxagliptin hydrochloride[saxagliptin anhydrous];metformin hydrochloride[metformin];,carboxymethylcellulose sodium;hypromellose 2208 (15000 mpa.s);magnesium stearate;,HRX,,24 HR Metformin hydrochloride 1000 MG / saxagliptin 2.5 MG Extended Release Oral Tablet [Kombiglyze],1043567,,0003-4222,0,,34222,3,4222,KOMBIGLYZE,active,20130524,c6216adf-3a9a-424c-8ae1-7ed2da42a108.xml,,C42930,34391-3,,,LABELER,"E.R. Squibb & Sons, L.L.C.",C73594,NLM,TRUE,,6,,,FALSE,TRUE,FALSE,TRUE,TRUE
00003-4222-16_PART_1_OF_1_CHAL10_SF_F215F93F.jpg,00003-4222-16,4222,TRUE,TRUE,FALSE,fcn_mix_weight/dr_224/00003-4222-16_PART_1_OF_1_CHAL10_SF_F215F93F.jpg,00003-4222-16_F215F93F,42961,TRUE,10/17/2017 05:32:28 PM,10/17/2017 05:32:28 PM,c1ac4f63-695c-6bd6-4a7f-ecb97e03569e-0003-4222-0,c1ac4f63-695c-6bd6-4a7f-ecb97e03569e,23,,C48345,OVAL,,1,,2;5;1000;4222,,C48330,YELLOW,,saxagliptin hydrochloride 2.5 mg;metformin hydrochloride 1000 mg;,saxagliptin hydrochloride[saxagliptin anhydrous];metformin hydrochloride[metformin];,carboxymethylcellulose sodium;hypromellose 2208 (15000 mpa.s);magnesium stearate;,HRX,,24 HR Metformin hydrochloride 1000 MG / saxagliptin 2.5 MG Extended Release Oral Tablet [Kombiglyze],1043567,,0003-4222,0,,34222,3,4222,KOMBIGLYZE,active,20130524,c6216adf-3a9a-424c-8ae1-7ed2da42a108.xml,,C42930,34391-3,,,LABELER,"E.R. Squibb & Sons, L.L.C.",C73594,NLM,TRUE,,6,,,FALSE,TRUE,FALSE,TRUE,TRUE
00004-0800-85_PART_1_OF_1_CHAL10_SB_491E24C1.jpg,00004-0800-85,800,TRUE,FALSE,FALSE,fcn_mix_weight/dr_224/00004-0800-85_PART_1_OF_1_CHAL10_SB_491E24C1.jpg,00004-0800-85_491E24C1,31742,TRUE,10/17/2017 05:31:37 PM,2020-02-10 17:11:06,ee3c9555-60f2-4f82-a760-11983c86e97b-0004-0800-0,ee3c9555-60f2-4f82-a760-11983c86e97b,18,,C48336,CAPSULE,,1,,ROCHE;75;mg,,C48324;C48330,GRAY;YELLOW,,oseltamivir phosphate 75 mg;,oseltamivir phosphate[OSELTAMIVIR ACID];,"starch, corn;talc;povidone K30;croscarmellose sodium;sodium stearyl fumarate;GELATIN, UNSPECIFIED;titanium dioxide;ferric oxide yellow;ferrosoferric oxide;ferric oxide red;FD&C blue No. 2;shellac;",HRX,SBD,oseltamivir 75 MG Oral Capsule [Tamiflu],261315,2020-02-10 16:04:56,0004-0800,0,,40800,4,800,Tamiflu,active,20190809,2ab9b2c2-2190-4717-a89e-b56a13878aed.xml,,C25158,34391-3,,,LABELER,"Genentech, Inc.",C73594,NLM,TRUE,,38,,,TRUE,FALSE,FALSE,TRUE,TRUE
00004-0800-85_PART_1_OF_1_CHAL10_SF_491E24C1.jpg,00004-0800-85,800,TRUE,TRUE,FALSE,fcn_mix_weight/dr_224/00004-0800-85_PART_1_OF_1_CHAL10_SF_491E24C1.jpg,00004-0800-85_491E24C1,31742,TRUE,10/17/2017 05:31:37 PM,2020-02-10 17:11:06,ee3c9555-60f2-4f82-a760-11983c86e97b-0004-0800-0,ee3c9555-60f2-4f82-a760-11983c86e97b,18,,C48336,CAPSULE,,1,,ROCHE;75;mg,,C48324;C48330,GRAY;YELLOW,,oseltamivir phosphate 75 mg;,oseltamivir phosphate[OSELTAMIVIR ACID];,"starch, corn;talc;povidone K30;croscarmellose sodium;sodium stearyl fumarate;GELATIN, UNSPECIFIED;titanium dioxide;ferric oxide yellow;ferrosoferric oxide;ferric oxide red;FD&C blue No. 2;shellac;",HRX,SBD,oseltamivir 75 MG Oral Capsule [Tamiflu],261315,2020-02-10 16:04:56,0004-0800,0,,40800,4,800,Tamiflu,active,20190809,2ab9b2c2-2190-4717-a89e-b56a13878aed.xml,,C25158,34391-3,,,LABELER,"Genentech, Inc.",C73594,NLM,TRUE,,38,,,TRUE,FALSE,FALSE,TRUE,TRUE
00006-0112-54_PART_1_OF_1_CHAL10_SB_131609E0.jpg,00006-0112-54,112,TRUE,FALSE,FALSE,fcn_mix_weight/dr_224/00006-0112-54_PART_1_OF_1_CHAL10_SB_131609E0.jpg,00006-0112-54_131609E0,42285,TRUE,10/17/2017 05:32:25 PM,2020-02-10 17:15:49,f85a48d0-0407-4c50-b0fa-7673a160bf01-0006-0112-0,f85a48d0-0407-4c50-b0fa-7673a160bf01,8,,C48348,ROUND,,1,,112,,C48332,BROWN,,SITAGLIPTIN PHOSPHATE 50 mg;,SITAGLIPTIN PHOSPHATE[SITAGLIPTIN];,"ANHYDROUS DIBASIC CALCIUM PHOSPHATE;CROSCARMELLOSE SODIUM;magnesium stearate;MICROCRYSTALLINE CELLULOSE;POLYETHYLENE GLYCOL, UNSPECIFIED;POLYVINYL ALCOHOL, UNSPECIFIED;FERRIC OXIDE RED;SODIUM STEARYL FUMARATE;talc;titanium dioxide;FERRIC OXIDE YELLOW;",HRX,SBD,sitagliptin 50 MG Oral Tablet [Januvia],665044,2020-02-10 16:30:35,0006-0112,0,,60112,6,112,JANUVIA,active,20190812,18128ec1-8748-4f68-a7e8-f004ec697b29.xml,,C42931,34391-3,,,LABELER,Merck Sharp & Dohme Corp.,C73594,NLM,TRUE,,60,,,TRUE,FALSE,FALSE,TRUE,TRUE
00006-0112-54_PART_1_OF_1_CHAL10_SF_131609E0.jpg,00006-0112-54,112,TRUE,TRUE,FALSE,fcn_mix_weight/dr_224/00006-0112-54_PART_1_OF_1_CHAL10_SF_131609E0.jpg,00006-0112-54_131609E0,42285,TRUE,10/17/2017 05:32:25 PM,2020-02-10 17:15:49,f85a48d0-0407-4c50-b0fa-7673a160bf01-0006-0112-0,f85a48d0-0407-4c50-b0fa-7673a160bf01,8,,C48348,ROUND,,1,,112,,C48332,BROWN,,SITAGLIPTIN PHOSPHATE 50 mg;,SITAGLIPTIN PHOSPHATE[SITAGLIPTIN];,"ANHYDROUS DIBASIC CALCIUM PHOSPHATE;CROSCARMELLOSE SODIUM;magnesium stearate;MICROCRYSTALLINE CELLULOSE;POLYETHYLENE GLYCOL, UNSPECIFIED;POLYVINYL ALCOHOL, UNSPECIFIED;FERRIC OXIDE RED;SODIUM STEARYL FUMARATE;talc;titanium dioxide;FERRIC OXIDE YELLOW;",HRX,SBD,sitagliptin 50 MG Oral Tablet [Januvia],665044,2020-02-10 16:30:35,0006-0112,0,,60112,6,112,JANUVIA,active,20190812,18128ec1-8748-4f68-a7e8-f004ec697b29.xml,,C42931,34391-3,,,LABELER,Merck Sharp & Dohme Corp.,C73594,NLM,TRUE,,60,,,TRUE,FALSE,FALSE,TRUE,TRUE
00006-0277-54_PART_1_OF_1_CHAL10_SB_16160B30.jpg,00006-0277-54,277,TRUE,FALSE,FALSE,fcn_mix_weight/dr_224/00006-0277-54_PART_1_OF_1_CHAL10_SB_16160B30.jpg,00006-0277-54_16160B30,47875,TRUE,10/17/2017 05:32:50 PM,2020-02-10 17:11:43,f85a48d0-0407-4c50-b0fa-7673a160bf01-0006-0277-0,f85a48d0-0407-4c50-b0fa-7673a160bf01,10,,C48348,ROUND,,1,,277,,C48332,BROWN,,SITAGLIPTIN PHOSPHATE 100 mg;,SITAGLIPTIN PHOSPHATE[SITAGLIPTIN];,"ANHYDROUS DIBASIC CALCIUM PHOSPHATE;croscarmellose sodium;magnesium stearate;MICROCRYSTALLINE CELLULOSE;POLYETHYLENE GLYCOL, UNSPECIFIED;POLYVINYL ALCOHOL, UNSPECIFIED;FERRIC OXIDE RED;SODIUM STEARYL FUMARATE;talc;titanium dioxide;FERRIC OXIDE YELLOW;",HRX,SBD,sitagliptin 100 MG Oral Tablet [Januvia],665036,2020-02-10 16:08:09,0006-0277,0,,60277,6,277,JANUVIA,active,20190812,18128ec1-8748-4f68-a7e8-f004ec697b29.xml,,C42931,34391-3,,,LABELER,Merck Sharp & Dohme Corp.,C73594,NLM,TRUE,,60,,,TRUE,FALSE,FALSE,TRUE,TRUE
00006-0277-54_PART_1_OF_1_CHAL10_SF_16160B30.jpg,00006-0277-54,277,TRUE,TRUE,FALSE,fcn_mix_weight/dr_224/00006-0277-54_PART_1_OF_1_CHAL10_SF_16160B30.jpg,00006-0277-54_16160B30,47875,TRUE,10/17/2017 05:32:50 PM,2020-02-10 17:11:43,f85a48d0-0407-4c50-b0fa-7673a160bf01-0006-0277-0,f85a48d0-0407-4c50-b0fa-7673a160bf01,10,,C48348,ROUND,,1,,277,,C48332,BROWN,,SITAGLIPTIN PHOSPHATE 100 mg;,SITAGLIPTIN PHOSPHATE[SITAGLIPTIN];,"ANHYDROUS DIBASIC CALCIUM PHOSPHATE;croscarmellose sodium;magnesium stearate;MICROCRYSTALLINE CELLULOSE;POLYETHYLENE GLYCOL, UNSPECIFIED;POLYVINYL ALCOHOL, UNSPECIFIED;FERRIC OXIDE RED;SODIUM STEARYL FUMARATE;talc;titanium dioxide;FERRIC OXIDE YELLOW;",HRX,SBD,sitagliptin 100 MG Oral Tablet [Januvia],665036,2020-02-10 16:08:09,0006-0277,0,,60277,6,277,JANUVIA,active,20190812,18128ec1-8748-4f68-a7e8-f004ec697b29.xml,,C42931,34391-3,,,LABELER,Merck Sharp & Dohme Corp.,C73594,NLM,TRUE,,60,,,TRUE,FALSE,FALSE,TRUE,TRUE
00006-0749-54_PART_1_OF_1_CHAL10_SB_821DC16E.jpg,00006-0749-54,749,TRUE,FALSE,FALSE,fcn_mix_weight/dr_224/00006-0749-54_PART_1_OF_1_CHAL10_SB_821DC16E.jpg,00006-0749-54_821DC16E,41133,TRUE,10/17/2017 05:32:20 PM,2020-02-10 17:08:26,fdbfe194-b845-42c5-bb87-a48118bc72e7-0006-0749-0,fdbfe194-b845-42c5-bb87-a48118bc72e7,14,,C48345,OVAL,,1,,MSD;749,,C48326,RED,,SIMVASTATIN 40 mg;,SIMVASTATIN[SIMVASTATIN];,"ASCORBIC ACID;BUTYLATED HYDROXYANISOLE;CITRIC ACID MONOHYDRATE;HYDROXYPROPYL CELLULOSE (1600000 WAMW);HYPROMELLOSE 2910 (6 MPA.S);FERRIC OXIDE RED;LACTOSE, UNSPECIFIED FORM;MAGNESIUM STEARATE;MICROCRYSTALLINE CELLULOSE;STARCH, CORN;TALC;TITANIUM DIOXIDE;",HRX,SBD,simvastatin 40 MG Oral Tablet [Zocor],152923,2020-02-10 15:50:11,0006-0749,0,,60749,6,749,ZOCOR,active,20200421,8bf6d0cc-c2c2-445b-93f9-20b2720fac24.xml,,C42931,34391-3,,,LABELER,Merck Sharp & Dohme Corp.,C73594,NLM,TRUE,,38,,,TRUE,FALSE,FALSE,TRUE,TRUE
00006-0749-54_PART_1_OF_1_CHAL10_SF_821DC16E.jpg,00006-0749-54,749,TRUE,TRUE,FALSE,fcn_mix_weight/dr_224/00006-0749-54_PART_1_OF_1_CHAL10_SF_821DC16E.jpg,00006-0749-54_821DC16E,41133,TRUE,10/17/2017 05:32:20 PM,2020-02-10 17:08:26,fdbfe194-b845-42c5-bb87-a48118bc72e7-0006-0749-0,fdbfe194-b845-42c5-bb87-a48118bc72e7,14,,C48345,OVAL,,1,,MSD;749,,C48326,RED,,SIMVASTATIN 40 mg;,SIMVASTATIN[SIMVASTATIN];,"ASCORBIC ACID;BUTYLATED HYDROXYANISOLE;CITRIC ACID MONOHYDRATE;HYDROXYPROPYL CELLULOSE (1600000 WAMW);HYPROMELLOSE 2910 (6 MPA.S);FERRIC OXIDE RED;LACTOSE, UNSPECIFIED FORM;MAGNESIUM STEARATE;MICROCRYSTALLINE CELLULOSE;STARCH, CORN;TALC;TITANIUM DIOXIDE;",HRX,SBD,simvastatin 40 MG Oral Tablet [Zocor],152923,2020-02-10 15:50:11,0006-0749,0,,60749,6,749,ZOCOR,active,20200421,8bf6d0cc-c2c2-445b-93f9-20b2720fac24.xml,,C42931,34391-3,,,LABELER,Merck Sharp & Dohme Corp.,C73594,NLM,TRUE,,38,,,TRUE,FALSE,FALSE,TRUE,TRUE
00007-4471-20_PART_1_OF_1_CHAL10_SB_7618BB55.jpg,00007-4471-20,4471,TRUE,FALSE,FALSE,fcn_mix_weight/dr_224/00007-4471-20_PART_1_OF_1_CHAL10_SB_7618BB55.jpg,00007-4471-20_7618BB55,15038,TRUE,10/17/2017 05:30:25 PM,10/17/2017 05:30:25 PM,b9f8ba41-3f86-4633-3e8e-fcf1cffa9756-0007-4471-0,b9f8ba41-3f86-4633-3e8e-fcf1cffa9756,8,,C48348,ROUND,,1,,PARNATE;SB,,C48326,RED,,TRANYLCYPROMINE 10 mg,TRANYLCYPROMINE SULFATE[TRANYLCYPROMINE],"CELLULOSE, MICROCRYSTALLINE / ANHYDROUS CITRIC ACID / CROSCARMELLOSE SODIUM / D&C RED NO. 7 / FD&C BLUE NO. 2 / FD&C RED NO. 40 / FD&C YELLOW NO. 6 / GELATIN / LACTOSE / MAGNESIUM STEARATE / TALC / TITANIUM DIOXIDE",HRX,,Parnate 10 MG (as tranylcypromine sulfate) Oral Tablet,104838,,0007-4471,0,,74471,7,4471,PARNATE,active,20120405,8b69466d-5bc0-4b64-b8ba-d6859b557c17.xml,,C42931,34391-3,,,LABELER,GlaxoSmithKline LLC,C73594,NLM,TRUE,,8,,,FALSE,TRUE,FALSE,TRUE,TRUE
00007-4471-20_PART_1_OF_1_CHAL10_SF_7618BB55.jpg,00007-4471-20,4471,TRUE,TRUE,FALSE,fcn_mix_weight/dr_224/00007-4471-20_PART_1_OF_1_CHAL10_SF_7618BB55.jpg,00007-4471-20_7618BB55,15038,TRUE,10/17/2017 05:30:25 PM,10/17/2017 05:30:25 PM,b9f8ba41-3f86-4633-3e8e-fcf1cffa9756-0007-4471-0,b9f8ba41-3f86-4633-3e8e-fcf1cffa9756,8,,C48348,ROUND,,1,,PARNATE;SB,,C48326,RED,,TRANYLCYPROMINE 10 mg,TRANYLCYPROMINE SULFATE[TRANYLCYPROMINE],"CELLULOSE, MICROCRYSTALLINE / ANHYDROUS CITRIC ACID / CROSCARMELLOSE SODIUM / D&C RED NO. 7 / FD&C BLUE NO. 2 / FD&C RED NO. 40 / FD&C YELLOW NO. 6 / GELATIN / LACTOSE / MAGNESIUM STEARATE / TALC / TITANIUM DIOXIDE",HRX,,Parnate 10 MG (as tranylcypromine sulfate) Oral Tablet,104838,,0007-4471,0,,74471,7,4471,PARNATE,active,20120405,8b69466d-5bc0-4b64-b8ba-d6859b557c17.xml,,C42931,34391-3,,,LABELER,GlaxoSmithKline LLC,C73594,NLM,TRUE,,8,,,FALSE,TRUE,FALSE,TRUE,TRUE
00007-4642-13_PART_1_OF_1_CHAL10_SB_8C18C666.jpg,00007-4642-13,4642,TRUE,FALSE,FALSE,fcn_mix_weight/dr_224/00007-4642-13_PART_1_OF_1_CHAL10_SB_8C18C666.jpg,00007-4642-13_8C18C666,2510,TRUE,10/17/2017 05:29:31 PM,2020-02-10 17:16:32,616224ff-a925-4b38-9ca2-00fbf669380f-0007-4642-0,616224ff-a925-4b38-9ca2-00fbf669380f,10,,C48348,ROUND,,1,,GS;FFS;75,,C48328,PINK,RED,ELTROMBOPAG OLAMINE 75 mg;,ELTROMBOPAG OLAMINE[ELTROMBOPAG];,"MAGNESIUM STEARATE;MANNITOL;CELLULOSE, MICROCRYSTALLINE;POVIDONES;SODIUM STARCH GLYCOLATE TYPE A POTATO;HYPROMELLOSES;POLYETHYLENE GLYCOL 400;TITANIUM DIOXIDE;FERRIC OXIDE RED;FERROSOFERRIC OXIDE;",HRX,,,,2020-02-10 16:34:06,0007-4642,0,,74642,7,4642,PROMACTA,completed,20150824,c7c46a73-1f77-45f6-ab60-1aa8f9e87463.xml,,C42931,34391-3,,,LABELER,GlaxoSmithKline LLC,C73594,NLM,TRUE,,21,,,TRUE,FALSE,FALSE,TRUE,TRUE
00007-4642-13_PART_1_OF_1_CHAL10_SF_8C18C666.jpg,00007-4642-13,4642,TRUE,TRUE,FALSE,fcn_mix_weight/dr_224/00007-4642-13_PART_1_OF_1_CHAL10_SF_8C18C666.jpg,00007-4642-13_8C18C666,2510,TRUE,10/17/2017 05:29:31 PM,2020-02-10 17:16:32,616224ff-a925-4b38-9ca2-00fbf669380f-0007-4642-0,616224ff-a925-4b38-9ca2-00fbf669380f,10,,C48348,ROUND,,1,,GS;FFS;75,,C48328,PINK,RED,ELTROMBOPAG OLAMINE 75 mg;,ELTROMBOPAG OLAMINE[ELTROMBOPAG];,"MAGNESIUM STEARATE;MANNITOL;CELLULOSE, MICROCRYSTALLINE;POVIDONES;SODIUM STARCH GLYCOLATE TYPE A POTATO;HYPROMELLOSES;POLYETHYLENE GLYCOL 400;TITANIUM DIOXIDE;FERRIC OXIDE RED;FERROSOFERRIC OXIDE;",HRX,,,,2020-02-10 16:34:06,0007-4642,0,,74642,7,4642,PROMACTA,completed,20150824,c7c46a73-1f77-45f6-ab60-1aa8f9e87463.xml,,C42931,34391-3,,,LABELER,GlaxoSmithKline LLC,C73594,NLM,TRUE,,21,,,TRUE,FALSE,FALSE,TRUE,TRUE
00007-4882-13_PART_1_OF_1_CHAL10_SB_E118F097.jpg,00007-4882-13,4882,TRUE,FALSE,FALSE,fcn_mix_weight/dr_224/00007-4882-13_PART_1_OF_1_CHAL10_SB_E118F097.jpg,00007-4882-13_E118F097,5767,TRUE,10/17/2017 05:29:46 PM,2020-02-10 17:09:49,c1859eee-b5b9-401e-34ac-254a30218555-0007-4882-0,c1859eee-b5b9-401e-34ac-254a30218555,13,,C48345,OVAL,,1,,GS;YX7,,C48329,GREEN,,ROPINIROLE HYDROCHLORIDE 12 mg;,ROPINIROLE HYDROCHLORIDE[ROPINIROLE];,"CARBOXYMETHYLCELLULOSE SODIUM, UNSPECIFIED FORM;SILICON DIOXIDE;GLYCERYL DIBEHENATE;HYDROGENATED CASTOR OIL;HYPROMELLOSE, UNSPECIFIED;LACTOSE MONOHYDRATE;MAGNESIUM STEARATE;MALTODEXTRIN;MANNITOL;POVIDONE, UNSPECIFIED;HYPROMELLOSE 2910 (6 MPA.S);TITANIUM DIOXIDE;POLYETHYLENE GLYCOL 400;FD&C BLUE NO. 2;FERRIC OXIDE YELLOW;",HRX,SBD,24 HR ropinirole 12 MG Extended Release Oral Tablet [Requip],824961,2020-02-10 15:09:12,0007-4882,0,,74882,7,4882,REQUIP,completed,20200720,ad111526-a002-4082-8a9a-1cc3b7eddf30.xml,,C42930,34391-3,,,LABELER,GlaxoSmithKline LLC,C73594,NLM,TRUE,,21,,,TRUE,FALSE,FALSE,TRUE,TRUE
00007-4882-13_PART_1_OF_1_CHAL10_SF_E118F097.jpg,00007-4882-13,4882,TRUE,TRUE,FALSE,fcn_mix_weight/dr_224/00007-4882-13_PART_1_OF_1_CHAL10_SF_E118F097.jpg,00007-4882-13_E118F097,5767,TRUE,10/17/2017 05:29:46 PM,2020-02-10 17:09:49,c1859eee-b5b9-401e-34ac-254a30218555-0007-4882-0,c1859eee-b5b9-401e-34ac-254a30218555,13,,C48345,OVAL,,1,,GS;YX7,,C48329,GREEN,,ROPINIROLE HYDROCHLORIDE 12 mg;,ROPINIROLE HYDROCHLORIDE[ROPINIROLE];,"CARBOXYMETHYLCELLULOSE SODIUM, UNSPECIFIED FORM;SILICON DIOXIDE;GLYCERYL DIBEHENATE;HYDROGENATED CASTOR OIL;HYPROMELLOSE, UNSPECIFIED;LACTOSE MONOHYDRATE;MAGNESIUM STEARATE;MALTODEXTRIN;MANNITOL;POVIDONE, UNSPECIFIED;HYPROMELLOSE 2910 (6 MPA.S);TITANIUM DIOXIDE;POLYETHYLENE GLYCOL 400;FD&C BLUE NO. 2;FERRIC OXIDE YELLOW;",HRX,SBD,24 HR ropinirole 12 MG Extended Release Oral Tablet [Requip],824961,2020-02-10 15:09:12,0007-4882,0,,74882,7,4882,REQUIP,completed,20200720,ad111526-a002-4082-8a9a-1cc3b7eddf30.xml,,C42930,34391-3,,,LABELER,GlaxoSmithKline LLC,C73594,NLM,TRUE,,21,,,TRUE,FALSE,FALSE,TRUE,TRUE
00007-4891-20_PART_1_OF_1_CHAL10_SB_CD18E6D7.jpg,00007-4891-20,4891,TRUE,FALSE,FALSE,fcn_mix_weight/dr_224/00007-4891-20_PART_1_OF_1_CHAL10_SB_CD18E6D7.jpg,00007-4891-20_CD18E6D7,3411,TRUE,10/17/2017 05:29:35 PM,2020-02-10 17:16:55,de0bb94f-4fd8-4f27-5ba6-6f392dd5160f-0007-4891-0,de0bb94f-4fd8-4f27-5ba6-6f392dd5160f,8,,C48340,FREEFORM,PENTAGON (5 SIDED),1,,SB;4891,,C48330,YELLOW,,ROPINIROLE HYDROCHLORIDE 0.5 mg;,ROPINIROLE HYDROCHLORIDE[ROPINIROLE];,CROSCARMELLOSE SODIUM;LACTOSE MONOHYDRATE;MAGNESIUM STEARATE;MICROCRYSTALLINE CELLULOSE;HYPROMELLOSE 2910 (6 MPA.S);POLYETHYLENE GLYCOL 400;TITANIUM DIOXIDE;FERRIC OXIDE YELLOW;FERRIC OXIDE RED;INDIGOTINDISULFONATE SODIUM;FD&C BLUE NO. 2;ALUMINUM OXIDE;,HRX,SBD,ropinirole 0.5 MG Oral Tablet [Requip],213068,2020-02-10 16:17:17,0007-4891,0,,74891,7,4891,REQUIP,completed,20180219,1f8d4972-d7e0-4f31-a10c-6ff0936047b1.xml,,C42931,34391-3,,,LABELER,GlaxoSmithKline LLC,C73594,NLM,TRUE,,17,,,TRUE,FALSE,FALSE,TRUE,TRUE
00007-4891-20_PART_1_OF_1_CHAL10_SF_CD18E6D7.jpg,00007-4891-20,4891,TRUE,TRUE,FALSE,fcn_mix_weight/dr_224/00007-4891-20_PART_1_OF_1_CHAL10_SF_CD18E6D7.jpg,00007-4891-20_CD18E6D7,3411,TRUE,10/17/2017 05:29:35 PM,2020-02-10 17:16:55,de0bb94f-4fd8-4f27-5ba6-6f392dd5160f-0007-4891-0,de0bb94f-4fd8-4f27-5ba6-6f392dd5160f,8,,C48340,FREEFORM,PENTAGON (5 SIDED),1,,SB;4891,,C48330,YELLOW,,ROPINIROLE HYDROCHLORIDE 0.5 mg;,ROPINIROLE HYDROCHLORIDE[ROPINIROLE];,CROSCARMELLOSE SODIUM;LACTOSE MONOHYDRATE;MAGNESIUM STEARATE;MICROCRYSTALLINE CELLULOSE;HYPROMELLOSE 2910 (6 MPA.S);POLYETHYLENE GLYCOL 400;TITANIUM DIOXIDE;FERRIC OXIDE YELLOW;FERRIC OXIDE RED;INDIGOTINDISULFONATE SODIUM;FD&C BLUE NO. 2;ALUMINUM OXIDE;,HRX,SBD,ropinirole 0.5 MG Oral Tablet [Requip],213068,2020-02-10 16:17:17,0007-4891,0,,74891,7,4891,REQUIP,completed,20180219,1f8d4972-d7e0-4f31-a10c-6ff0936047b1.xml,,C42931,34391-3,,,LABELER,GlaxoSmithKline LLC,C73594,NLM,TRUE,,17,,,TRUE,FALSE,FALSE,TRUE,TRUE
00007-4892-20_PART_1_OF_1_CHAL10_SB_BE18DF56.jpg,00007-4892-20,4892,TRUE,FALSE,FALSE,fcn_mix_weight/dr_224/00007-4892-20_PART_1_OF_1_CHAL10_SB_BE18DF56.jpg,00007-4892-20_BE18DF56,44319,TRUE,10/17/2017 05:32:34 PM,2020-02-10 17:15:30,de0bb94f-4fd8-4f27-5ba6-6f392dd5160f-0007-4892-0,de0bb94f-4fd8-4f27-5ba6-6f392dd5160f,8,,C48340,FREEFORM,PENTAGON (5 SIDED),1,,SB;4892,,C48329,GREEN,,ROPINIROLE HYDROCHLORIDE 1 mg;,ROPINIROLE HYDROCHLORIDE[ROPINIROLE];,CROSCARMELLOSE SODIUM;LACTOSE MONOHYDRATE;MAGNESIUM STEARATE;MICROCRYSTALLINE CELLULOSE;HYPROMELLOSE 2910 (6 MPA.S);POLYETHYLENE GLYCOL 400;TITANIUM DIOXIDE;FERRIC OXIDE YELLOW;FD&C BLUE NO. 2;ALUMINUM OXIDE;,HRX,SBD,ropinirole 1 MG Oral Tablet [Requip],152953,2020-02-10 16:28:58,0007-4892,0,,74892,7,4892,REQUIP,completed,20180219,1f8d4972-d7e0-4f31-a10c-6ff0936047b1.xml,,C42931,34391-3,,,LABELER,GlaxoSmithKline LLC,C73594,NLM,TRUE,,17,,,TRUE,FALSE,FALSE,TRUE,TRUE
00007-4892-20_PART_1_OF_1_CHAL10_SF_BE18DF56.jpg,00007-4892-20,4892,TRUE,TRUE,FALSE,fcn_mix_weight/dr_224/00007-4892-20_PART_1_OF_1_CHAL10_SF_BE18DF56.jpg,00007-4892-20_BE18DF56,44319,TRUE,10/17/2017 05:32:34 PM,2020-02-10 17:15:30,de0bb94f-4fd8-4f27-5ba6-6f392dd5160f-0007-4892-0,de0bb94f-4fd8-4f27-5ba6-6f392dd5160f,8,,C48340,FREEFORM,PENTAGON (5 SIDED),1,,SB;4892,,C48329,GREEN,,ROPINIROLE HYDROCHLORIDE 1 mg;,ROPINIROLE HYDROCHLORIDE[ROPINIROLE];,CROSCARMELLOSE SODIUM;LACTOSE MONOHYDRATE;MAGNESIUM STEARATE;MICROCRYSTALLINE CELLULOSE;HYPROMELLOSE 2910 (6 MPA.S);POLYETHYLENE GLYCOL 400;TITANIUM DIOXIDE;FERRIC OXIDE YELLOW;FD&C BLUE NO. 2;ALUMINUM OXIDE;,HRX,SBD,ropinirole 1 MG Oral Tablet [Requip],152953,2020-02-10 16:28:58,0007-4892,0,,74892,7,4892,REQUIP,completed,20180219,1f8d4972-d7e0-4f31-a10c-6ff0936047b1.xml,,C42931,34391-3,,,LABELER,GlaxoSmithKline LLC,C73594,NLM,TRUE,,17,,,TRUE,FALSE,FALSE,TRUE,TRUE
00007-4893-20_PART_1_OF_1_CHAL10_SB_D118E887.jpg,00007-4893-20,4893,TRUE,FALSE,FALSE,fcn_mix_weight/dr_224/00007-4893-20_PART_1_OF_1_CHAL10_SB_D118E887.jpg,00007-4893-20_D118E887,19590,TRUE,10/17/2017 05:30:45 PM,2020-02-10 17:13:11,de0bb94f-4fd8-4f27-5ba6-6f392dd5160f-0007-4893-0,de0bb94f-4fd8-4f27-5ba6-6f392dd5160f,8,,C48340,FREEFORM,PENTAGON (5 SIDED),1,,SB;4893,,C48330,YELLOW,PINK,ROPINIROLE HYDROCHLORIDE 2 mg;,ROPINIROLE HYDROCHLORIDE[ROPINIROLE];,CROSCARMELLOSE SODIUM;LACTOSE MONOHYDRATE;MAGNESIUM STEARATE;MICROCRYSTALLINE CELLULOSE;HYPROMELLOSE 2910 (6 MPA.S);POLYETHYLENE GLYCOL 400;TITANIUM DIOXIDE;FERRIC OXIDE YELLOW;FERRIC OXIDE RED;,HRX,SBD,ropinirole 2 MG Oral Tablet [Requip],152954,2020-02-10 16:16:36,0007-4893,0,,74893,7,4893,REQUIP,completed,20180219,1f8d4972-d7e0-4f31-a10c-6ff0936047b1.xml,,C42931,34391-3,,,LABELER,GlaxoSmithKline LLC,C73594,NLM,TRUE,,17,,,TRUE,FALSE,FALSE,TRUE,TRUE
00007-4893-20_PART_1_OF_1_CHAL10_SF_D118E887.jpg,00007-4893-20,4893,TRUE,TRUE,FALSE,fcn_mix_weight/dr_224/00007-4893-20_PART_1_OF_1_CHAL10_SF_D118E887.jpg,00007-4893-20_D118E887,19590,TRUE,10/17/2017 05:30:45 PM,2020-02-10 17:13:11,de0bb94f-4fd8-4f27-5ba6-6f392dd5160f-0007-4893-0,de0bb94f-4fd8-4f27-5ba6-6f392dd5160f,8,,C48340,FREEFORM,PENTAGON (5 SIDED),1,,SB;4893,,C48330,YELLOW,PINK,ROPINIROLE HYDROCHLORIDE 2 mg;,ROPINIROLE HYDROCHLORIDE[ROPINIROLE];,CROSCARMELLOSE SODIUM;LACTOSE MONOHYDRATE;MAGNESIUM STEARATE;MICROCRYSTALLINE CELLULOSE;HYPROMELLOSE 2910 (6 MPA.S);POLYETHYLENE GLYCOL 400;TITANIUM DIOXIDE;FERRIC OXIDE YELLOW;FERRIC OXIDE RED;,HRX,SBD,ropinirole 2 MG Oral Tablet [Requip],152954,2020-02-10 16:16:36,0007-4893,0,,74893,7,4893,REQUIP,completed,20180219,1f8d4972-d7e0-4f31-a10c-6ff0936047b1.xml,,C42931,34391-3,,,LABELER,GlaxoSmithKline LLC,C73594,NLM,TRUE,,17,,,TRUE,FALSE,FALSE,TRUE,TRUE
00007-4896-20_PART_1_OF_1_CHAL10_SB_D818EC47.jpg,00007-4896-20,4896,TRUE,FALSE,FALSE,fcn_mix_weight/dr_224/00007-4896-20_PART_1_OF_1_CHAL10_SB_D818EC47.jpg,00007-4896-20_D818EC47,27523,TRUE,10/17/2017 05:31:19 PM,2020-02-10 17:00:46,de0bb94f-4fd8-4f27-5ba6-6f392dd5160f-0007-4896-0,de0bb94f-4fd8-4f27-5ba6-6f392dd5160f,8,,C48340,FREEFORM,PENTAGON (5 SIDED),1,,SB;4896,,C48332,BROWN,,ROPINIROLE HYDROCHLORIDE 4 mg;,ROPINIROLE HYDROCHLORIDE[ROPINIROLE];,CROSCARMELLOSE SODIUM;LACTOSE MONOHYDRATE;MAGNESIUM STEARATE;MICROCRYSTALLINE CELLULOSE;HYPROMELLOSE 2910 (6 MPA.S);POLYETHYLENE GLYCOL 400;TITANIUM DIOXIDE;FD&C YELLOW NO. 6;FD&C BLUE NO. 2;INDIGOTINDISULFONATE SODIUM;ALUMINUM OXIDE;,HRX,SBD,ropinirole 4 MG Oral Tablet [Requip],261309,2020-02-10 15:12:33,0007-4896,0,,74896,7,4896,REQUIP,completed,20180219,1f8d4972-d7e0-4f31-a10c-6ff0936047b1.xml,,C42931,34391-3,,,LABELER,GlaxoSmithKline LLC,C73594,NLM,TRUE,,17,,,TRUE,FALSE,FALSE,TRUE,TRUE
00007-4896-20_PART_1_OF_1_CHAL10_SF_D818EC47.jpg,00007-4896-20,4896,TRUE,TRUE,FALSE,fcn_mix_weight/dr_224/00007-4896-20_PART_1_OF_1_CHAL10_SF_D818EC47.jpg,00007-4896-20_D818EC47,27523,TRUE,10/17/2017 05:31:19 PM,2020-02-10 17:00:46,de0bb94f-4fd8-4f27-5ba6-6f392dd5160f-0007-4896-0,de0bb94f-4fd8-4f27-5ba6-6f392dd5160f,8,,C48340,FREEFORM,PENTAGON (5 SIDED),1,,SB;4896,,C48332,BROWN,,ROPINIROLE HYDROCHLORIDE 4 mg;,ROPINIROLE HYDROCHLORIDE[ROPINIROLE];,CROSCARMELLOSE SODIUM;LACTOSE MONOHYDRATE;MAGNESIUM STEARATE;MICROCRYSTALLINE CELLULOSE;HYPROMELLOSE 2910 (6 MPA.S);POLYETHYLENE GLYCOL 400;TITANIUM DIOXIDE;FD&C YELLOW NO. 6;FD&C BLUE NO. 2;INDIGOTINDISULFONATE SODIUM;ALUMINUM OXIDE;,HRX,SBD,ropinirole 4 MG Oral Tablet [Requip],261309,2020-02-10 15:12:33,0007-4896,0,,74896,7,4896,REQUIP,completed,20180219,1f8d4972-d7e0-4f31-a10c-6ff0936047b1.xml,,C42931,34391-3,,,LABELER,GlaxoSmithKline LLC,C73594,NLM,TRUE,,17,,,TRUE,FALSE,FALSE,TRUE,TRUE
00009-0055-01_PART_1_OF_1_CHAL10_SB_CA1DE53F.jpg,00009-0055-01,55,TRUE,FALSE,FALSE,fcn_mix_weight/dr_224/00009-0055-01_PART_1_OF_1_CHAL10_SB_CA1DE53F.jpg,00009-0055-01_CA1DE53F,40202,TRUE,10/17/2017 05:32:16 PM,2020-02-10 17:07:29,388e249d-b9b6-44c3-9f8f-880eced0239f-0009-0055-0,388e249d-b9b6-44c3-9f8f-880eced0239f,9,,C48345,OVAL,,2,,XANAX;0;5,,C48331,ORANGE,,ALPRAZOLAM 0.5 mg;,ALPRAZOLAM[ALPRAZOLAM];,"POWDERED CELLULOSE;STARCH, CORN;DOCUSATE SODIUM;LACTOSE, UNSPECIFIED FORM;MAGNESIUM STEARATE;SILICON DIOXIDE;SODIUM BENZOATE;FD&C YELLOW NO. 6;",HRX,SBD,alprazolam 0.5 MG Oral Tablet [Xanax],141928,2020-02-10 15:44:38,0009-0055,0,,90055,9,55,Xanax,active,20200214,d95506a3-aba6-47f4-83c4-443a4cce678b.xml,,C42998,34391-3,C48677,CIV,LABELER,Pharmacia and Upjohn Company LLC,C73594,NLM,TRUE,,19,,,TRUE,FALSE,FALSE,TRUE,TRUE
00009-0055-01_PART_1_OF_1_CHAL10_SF_CA1DE53F.jpg,00009-0055-01,55,TRUE,TRUE,FALSE,fcn_mix_weight/dr_224/00009-0055-01_PART_1_OF_1_CHAL10_SF_CA1DE53F.jpg,00009-0055-01_CA1DE53F,40202,TRUE,10/17/2017 05:32:16 PM,2020-02-10 17:07:29,388e249d-b9b6-44c3-9f8f-880eced0239f-0009-0055-0,388e249d-b9b6-44c3-9f8f-880eced0239f,9,,C48345,OVAL,,2,,XANAX;0;5,,C48331,ORANGE,,ALPRAZOLAM 0.5 mg;,ALPRAZOLAM[ALPRAZOLAM];,"POWDERED CELLULOSE;STARCH, CORN;DOCUSATE SODIUM;LACTOSE, UNSPECIFIED FORM;MAGNESIUM STEARATE;SILICON DIOXIDE;SODIUM BENZOATE;FD&C YELLOW NO. 6;",HRX,SBD,alprazolam 0.5 MG Oral Tablet [Xanax],141928,2020-02-10 15:44:38,0009-0055,0,,90055,9,55,Xanax,active,20200214,d95506a3-aba6-47f4-83c4-443a4cce678b.xml,,C42998,34391-3,C48677,CIV,LABELER,Pharmacia and Upjohn Company LLC,C73594,NLM,TRUE,,19,,,TRUE,FALSE,FALSE,TRUE,TRUE
00009-7663-04_PART_1_OF_1_CHAL10_SB_FD12FEA7.jpg,00009-7663-04,7663,TRUE,FALSE,FALSE,fcn_mix_weight/dr_224/00009-7663-04_PART_1_OF_1_CHAL10_SB_FD12FEA7.jpg,00009-7663-04_FD12FEA7,30191,TRUE,10/17/2017 05:31:30 PM,2020-02-10 17:10:42,cf066b7a-032a-416c-8d40-15ba581423e3-0009-7663-0,cf066b7a-032a-416c-8d40-15ba581423e3,6,,C48348,ROUND,,1,,7663,,C48325,WHITE,,EXEMESTANE 25 mg;,EXEMESTANE[EXEMESTANE];,"MANNITOL;CROSPOVIDONE (15 MPA.S AT 5%);POLYSORBATE 80;HYPROMELLOSE, UNSPECIFIED;SILICON DIOXIDE;MICROCRYSTALLINE CELLULOSE;MAGNESIUM STEARATE;POLYETHYLENE GLYCOL 6000;SUCROSE;MAGNESIUM CARBONATE;TITANIUM DIOXIDE;METHYLPARABEN;POLYVINYL ALCOHOL, UNSPECIFIED;SODIUM STARCH GLYCOLATE TYPE A POTATO;",HRX,SBD,exemestane 25 MG Oral Tablet [Aromasin],261317,2020-02-10 16:02:43,0009-7663,0,,97663,9,7663,Aromasin,active,20180530,40854c54-150e-4545-a099-db1d95b3edce.xml,,C42998,34391-3,,,LABELER,Pharmacia and Upjohn Company LLC,C73594,NLM,TRUE,,16,,,TRUE,FALSE,FALSE,TRUE,TRUE
00009-7663-04_PART_1_OF_1_CHAL10_SF_FD12FEA7.jpg,00009-7663-04,7663,TRUE,TRUE,FALSE,fcn_mix_weight/dr_224/00009-7663-04_PART_1_OF_1_CHAL10_SF_FD12FEA7.jpg,00009-7663-04_FD12FEA7,30191,TRUE,10/17/2017 05:31:30 PM,2020-02-10 17:10:42,cf066b7a-032a-416c-8d40-15ba581423e3-0009-7663-0,cf066b7a-032a-416c-8d40-15ba581423e3,6,,C48348,ROUND,,1,,7663,,C48325,WHITE,,EXEMESTANE 25 mg;,EXEMESTANE[EXEMESTANE];,"MANNITOL;CROSPOVIDONE (15 MPA.S AT 5%);POLYSORBATE 80;HYPROMELLOSE, UNSPECIFIED;SILICON DIOXIDE;MICROCRYSTALLINE CELLULOSE;MAGNESIUM STEARATE;POLYETHYLENE GLYCOL 6000;SUCROSE;MAGNESIUM CARBONATE;TITANIUM DIOXIDE;METHYLPARABEN;POLYVINYL ALCOHOL, UNSPECIFIED;SODIUM STARCH GLYCOLATE TYPE A POTATO;",HRX,SBD,exemestane 25 MG Oral Tablet [Aromasin],261317,2020-02-10 16:02:43,0009-7663,0,,97663,9,7663,Aromasin,active,20180530,40854c54-150e-4545-a099-db1d95b3edce.xml,,C42998,34391-3,,,LABELER,Pharmacia and Upjohn Company LLC,C73594,NLM,TRUE,,16,,,TRUE,FALSE,FALSE,TRUE,TRUE
00037-2250-10_PART_1_OF_1_CHAL10_SB_BD1D5EFA.jpg,00037-2250-10,2250,TRUE,FALSE,FALSE,fcn_mix_weight/dr_224/00037-2250-10_PART_1_OF_1_CHAL10_SB_BD1D5EFA.jpg,00037-2250-10_BD1D5EFA,34130,TRUE,10/17/2017 05:31:48 PM,2020-02-10 17:08:20,6297cf20-830a-11dc-94c8-0002a5d5c51b-0037-2250-0,6297cf20-830a-11dc-94c8-0002a5d5c51b,10,,C48348,ROUND,,1,,SOMA;250,,C48325,WHITE,,CARISOPRODOL 250 mg;,CARISOPRODOL[CARISOPRODOL];,,HRX,SBD,carisoprodol 250 MG Oral Tablet [Soma],730918,2020-02-10 15:49:41,0037-2250,0,,372250,37,2250,Soma,active,20190315,f1040579-1917-4488-9df8-ca3424ebd03b.xml,,C42998,34391-3,C48677,CIV,LABELER,Meda Pharmaceuticals,C73594,NLM,TRUE,,17,,,TRUE,FALSE,FALSE,TRUE,TRUE
00037-2250-10_PART_1_OF_1_CHAL10_SF_BD1D5EFA.jpg,00037-2250-10,2250,TRUE,TRUE,FALSE,fcn_mix_weight/dr_224/00037-2250-10_PART_1_OF_1_CHAL10_SF_BD1D5EFA.jpg,00037-2250-10_BD1D5EFA,34130,TRUE,10/17/2017 05:31:48 PM,2020-02-10 17:08:20,6297cf20-830a-11dc-94c8-0002a5d5c51b-0037-2250-0,6297cf20-830a-11dc-94c8-0002a5d5c51b,10,,C48348,ROUND,,1,,SOMA;250,,C48325,WHITE,,CARISOPRODOL 250 mg;,CARISOPRODOL[CARISOPRODOL];,,HRX,SBD,carisoprodol 250 MG Oral Tablet [Soma],730918,2020-02-10 15:49:41,0037-2250,0,,372250,37,2250,Soma,active,20190315,f1040579-1917-4488-9df8-ca3424ebd03b.xml,,C42998,34391-3,C48677,CIV,LABELER,Meda Pharmaceuticals,C73594,NLM,TRUE,,17,,,TRUE,FALSE,FALSE,TRUE,TRUE
00049-4910-30_PART_1_OF_1_CHAL10_SB_881DC46E.jpg,00049-4910-30,4910,TRUE,FALSE,FALSE,fcn_mix_weight/dr_224/00049-4910-30_PART_1_OF_1_CHAL10_SB_881DC46E.jpg,00049-4910-30_881DC46E,22107,TRUE,10/17/2017 05:30:55 PM,2020-02-10 16:59:16,fe9e8b7d-61ea-409d-84aa-3ebd79a046b5-0049-4910-0,fe9e8b7d-61ea-409d-84aa-3ebd79a046b5,13,,C48345,OVAL,,2,,ZOLOFT;100;mg,,C48330,YELLOW,,SERTRALINE HYDROCHLORIDE 100 mg;,SERTRALINE HYDROCHLORIDE[SERTRALINE];,"DIBASIC CALCIUM PHOSPHATE DIHYDRATE;HYDROXYPROPYL CELLULOSE (1600000 WAMW);HYPROMELLOSE, UNSPECIFIED;MAGNESIUM STEARATE;MICROCRYSTALLINE CELLULOSE;POLYETHYLENE GLYCOL, UNSPECIFIED;POLYSORBATE 80;FERRIC OXIDE YELLOW;TITANIUM DIOXIDE;",HRX,SBD,sertraline 100 MG Oral Tablet [Zoloft],208149,2020-02-10 15:06:51,0049-4910,0,,494910,49,4910,Zoloft,active,20200414,6e2187c7-aab5-4cc9-a624-13fbf6f6b795.xml,,C42931,34391-3,,,LABELER,Roerig,C73594,NLM,TRUE,,55,,,TRUE,FALSE,FALSE,TRUE,TRUE
00049-4910-30_PART_1_OF_1_CHAL10_SF_881DC46E.jpg,00049-4910-30,4910,TRUE,TRUE,FALSE,fcn_mix_weight/dr_224/00049-4910-30_PART_1_OF_1_CHAL10_SF_881DC46E.jpg,00049-4910-30_881DC46E,22107,TRUE,10/17/2017 05:30:55 PM,2020-02-10 16:59:16,fe9e8b7d-61ea-409d-84aa-3ebd79a046b5-0049-4910-0,fe9e8b7d-61ea-409d-84aa-3ebd79a046b5,13,,C48345,OVAL,,2,,ZOLOFT;100;mg,,C48330,YELLOW,,SERTRALINE HYDROCHLORIDE 100 mg;,SERTRALINE HYDROCHLORIDE[SERTRALINE];,"DIBASIC CALCIUM PHOSPHATE DIHYDRATE;HYDROXYPROPYL CELLULOSE (1600000 WAMW);HYPROMELLOSE, UNSPECIFIED;MAGNESIUM STEARATE;MICROCRYSTALLINE CELLULOSE;POLYETHYLENE GLYCOL, UNSPECIFIED;POLYSORBATE 80;FERRIC OXIDE YELLOW;TITANIUM DIOXIDE;",HRX,SBD,sertraline 100 MG Oral Tablet [Zoloft],208149,2020-02-10 15:06:51,0049-4910,0,,494910,49,4910,Zoloft,active,20200414,6e2187c7-aab5-4cc9-a624-13fbf6f6b795.xml,,C42931,34391-3,,,LABELER,Roerig,C73594,NLM,TRUE,,55,,,TRUE,FALSE,FALSE,TRUE,TRUE
00054-0017-25_PART_1_OF_1_CHAL10_SB_F7217BFB.jpg,00054-0017-25,17,TRUE,FALSE,FALSE,fcn_mix_weight/dr_224/00054-0017-25_PART_1_OF_1_CHAL10_SB_F7217BFB.jpg,00054-0017-25_F7217BFB,31064,TRUE,10/17/2017 05:31:34 PM,2020-02-10 17:14:14,3115aef0-fd50-4ec8-a064-3effb695f3f2-0054-0017-0,3115aef0-fd50-4ec8-a064-3effb695f3f2,6,,C48348,ROUND,,2,,54;899,,C48325,WHITE,,PREDNISONE 10 mg;,PREDNISONE[PREDNISONE];,"LACTOSE MONOHYDRATE;MAGNESIUM STEARATE;MICROCRYSTALLINE CELLULOSE;STARCH, CORN;SODIUM STARCH GLYCOLATE TYPE A POTATO;",HRX,SCD,prednisone 10 MG Oral Tablet,198145,2020-02-10 16:05:32,0054-0017,0,,540017,54,17,PredniSONE,active,20190610,114e22f8-b459-47c6-aa0f-5bf096f924d6.xml,,C42998,34391-3,,,LABELER,Hikma Pharmaceuticals USA Inc.,C73584,NLM,TRUE,,15,,,TRUE,FALSE,FALSE,TRUE,TRUE
00054-0017-25_PART_1_OF_1_CHAL10_SF_F7217BFB.jpg,00054-0017-25,17,TRUE,TRUE,FALSE,fcn_mix_weight/dr_224/00054-0017-25_PART_1_OF_1_CHAL10_SF_F7217BFB.jpg,00054-0017-25_F7217BFB,31064,TRUE,10/17/2017 05:31:34 PM,2020-02-10 17:14:14,3115aef0-fd50-4ec8-a064-3effb695f3f2-0054-0017-0,3115aef0-fd50-4ec8-a064-3effb695f3f2,6,,C48348,ROUND,,2,,54;899,,C48325,WHITE,,PREDNISONE 10 mg;,PREDNISONE[PREDNISONE];,"LACTOSE MONOHYDRATE;MAGNESIUM STEARATE;MICROCRYSTALLINE CELLULOSE;STARCH, CORN;SODIUM STARCH GLYCOLATE TYPE A POTATO;",HRX,SCD,prednisone 10 MG Oral Tablet,198145,2020-02-10 16:05:32,0054-0017,0,,540017,54,17,PredniSONE,active,20190610,114e22f8-b459-47c6-aa0f-5bf096f924d6.xml,,C42998,34391-3,,,LABELER,Hikma Pharmaceuticals USA Inc.,C73584,NLM,TRUE,,15,,,TRUE,FALSE,FALSE,TRUE,TRUE
00054-0109-25_PART_1_OF_1_CHAL10_SB_00268004.jpg,00054-0109-25,109,TRUE,FALSE,FALSE,fcn_mix_weight/dr_224/00054-0109-25_PART_1_OF_1_CHAL10_SB_00268004.jpg,00054-0109-25_00268004,31363,TRUE,10/17/2017 05:31:35 PM,2020-02-10 17:08:25,7e9e84f7-ff47-463d-bf47-7a9745960aae-0054-0109-0,7e9e84f7-ff47-463d-bf47-7a9745960aae,12,14,C48336,CAPSULE,,1,,54;602,,C48333,BLUE,,RAMIPRIL 10 mg;,RAMIPRIL[RAMIPRILAT];,"STARCH, CORN;GELATIN, UNSPECIFIED;TITANIUM DIOXIDE;FERROSOFERRIC OXIDE;FD&C BLUE NO. 2;FD&C RED NO. 40;FD&C YELLOW NO. 6;PROPYLENE GLYCOL;SHELLAC;D&C RED NO. 28;FD&C BLUE NO. 1;",HRX,SCD,ramipril 10 MG Oral Capsule,261962,2020-02-10 15:50:05,0054-0109,0,,540109,54,109,Ramipril,active,20191106,2ec10e11-b3af-4197-b5ab-634b072dde1e.xml,,C25158,34391-3,,,LABELER,West-Ward Pharmaceuticals Corp.,C73584,NLM,TRUE,,8,,,TRUE,FALSE,FALSE,TRUE,TRUE
00054-0109-25_PART_1_OF_1_CHAL10_SF_00268004.jpg,00054-0109-25,109,TRUE,TRUE,FALSE,fcn_mix_weight/dr_224/00054-0109-25_PART_1_OF_1_CHAL10_SF_00268004.jpg,00054-0109-25_00268004,31363,TRUE,10/17/2017 05:31:35 PM,2020-02-10 17:08:25,7e9e84f7-ff47-463d-bf47-7a9745960aae-0054-0109-0,7e9e84f7-ff47-463d-bf47-7a9745960aae,12,14,C48336,CAPSULE,,1,,54;602,,C48333,BLUE,,RAMIPRIL 10 mg;,RAMIPRIL[RAMIPRILAT];,"STARCH, CORN;GELATIN, UNSPECIFIED;TITANIUM DIOXIDE;FERROSOFERRIC OXIDE;FD&C BLUE NO. 2;FD&C RED NO. 40;FD&C YELLOW NO. 6;PROPYLENE GLYCOL;SHELLAC;D&C RED NO. 28;FD&C BLUE NO. 1;",HRX,SCD,ramipril 10 MG Oral Capsule,261962,2020-02-10 15:50:05,0054-0109,0,,540109,54,109,Ramipril,active,20191106,2ec10e11-b3af-4197-b5ab-634b072dde1e.xml,,C25158,34391-3,,,LABELER,West-Ward Pharmaceuticals Corp.,C73584,NLM,TRUE,,8,,,TRUE,FALSE,FALSE,TRUE,TRUE
00054-0166-25_PART_1_OF_1_CHAL10_SB_6A1DB56D.jpg,00054-0166-25,166,TRUE,FALSE,FALSE,fcn_mix_weight/dr_224/00054-0166-25_PART_1_OF_1_CHAL10_SB_6A1DB56D.jpg,00054-0166-25_6A1DB56D,19121,TRUE,10/17/2017 05:30:43 PM,2020-02-10 17:07:58,e94895d9-f040-4a75-9f04-9814238b8f3c-0054-0166-0,e94895d9-f040-4a75-9f04-9814238b8f3c,18,,C48345,OVAL,,1,,54;135,,C48325,WHITE,,MYCOPHENOLATE MOFETIL 500 mg;,MYCOPHENOLATE MOFETIL[MYCOPHENOLIC ACID];,"CROSCARMELLOSE SODIUM;MAGNESIUM STEARATE;POLYDEXTROSE;STARCH, CORN;TITANIUM DIOXIDE;TRIACETIN;PEG-15 HYDROXYSTEARATE;MICROCRYSTALLINE CELLULOSE;POVIDONE, UNSPECIFIED;HYPROMELLOSE, UNSPECIFIED;",HRX,SCD,mycophenolate mofetil 500 MG Oral Tablet,200060,2020-02-10 15:47:30,0054-0166,0,,540166,54,166,Mycophenolate Mofetil,active,20200707,3f02329e-e7b1-40d0-928c-4850c4ad949d.xml,,C42998,34391-3,,,LABELER,West-Ward Pharmaceuticals Corp,C73584,NLM,TRUE,,16,,,TRUE,FALSE,FALSE,TRUE,TRUE
00054-0166-25_PART_1_OF_1_CHAL10_SF_6A1DB56D.jpg,00054-0166-25,166,TRUE,TRUE,FALSE,fcn_mix_weight/dr_224/00054-0166-25_PART_1_OF_1_CHAL10_SF_6A1DB56D.jpg,00054-0166-25_6A1DB56D,19121,TRUE,10/17/2017 05:30:43 PM,2020-02-10 17:07:58,e94895d9-f040-4a75-9f04-9814238b8f3c-0054-0166-0,e94895d9-f040-4a75-9f04-9814238b8f3c,18,,C48345,OVAL,,1,,54;135,,C48325,WHITE,,MYCOPHENOLATE MOFETIL 500 mg;,MYCOPHENOLATE MOFETIL[MYCOPHENOLIC ACID];,"CROSCARMELLOSE SODIUM;MAGNESIUM STEARATE;POLYDEXTROSE;STARCH, CORN;TITANIUM DIOXIDE;TRIACETIN;PEG-15 HYDROXYSTEARATE;MICROCRYSTALLINE CELLULOSE;POVIDONE, UNSPECIFIED;HYPROMELLOSE, UNSPECIFIED;",HRX,SCD,mycophenolate mofetil 500 MG Oral Tablet,200060,2020-02-10 15:47:30,0054-0166,0,,540166,54,166,Mycophenolate Mofetil,active,20200707,3f02329e-e7b1-40d0-928c-4850c4ad949d.xml,,C42998,34391-3,,,LABELER,West-Ward Pharmaceuticals Corp,C73584,NLM,TRUE,,16,,,TRUE,FALSE,FALSE,TRUE,TRUE
00054-4182-25_PART_1_OF_1_CHAL10_SB_77233BF9.jpg,00054-4182-25,4182,TRUE,FALSE,FALSE,fcn_mix_weight/dr_224/00054-4182-25_PART_1_OF_1_CHAL10_SB_77233BF9.jpg,00054-4182-25_77233BF9,22818,TRUE,10/17/2017 05:30:58 PM,2020-02-10 17:02:22,b15200fb-1826-472b-a907-e677a272513b-0054-4182-0,b15200fb-1826-472b-a907-e677a272513b,6,,C48348,ROUND,,2,,54;943,,C48328,PINK,,DEXAMETHASONE 1.5 mg;,DEXAMETHASONE[DEXAMETHASONE];,"FD&C BLUE NO. 1;FD&C RED NO. 3;FD&C RED NO. 40;LACTOSE MONOHYDRATE;MAGNESIUM STEARATE;STARCH, CORN;SUCROSE;",HRX,SCD,dexamethasone 1.5 MG Oral Tablet,197580,2020-02-10 15:20:13,0054-4182,0,,544182,54,4182,Dexamethasone,active,20200626,e74b178b-cb09-4679-9bf7-3a60ace78c24.xml,,C42998,34391-3,,,LABELER,West-Ward Pharmaceuticals Corp.,C73584,NLM,TRUE,,6,,,TRUE,FALSE,FALSE,TRUE,TRUE
00054-4182-25_PART_1_OF_1_CHAL10_SF_77233BF9.jpg,00054-4182-25,4182,TRUE,TRUE,FALSE,fcn_mix_weight/dr_224/00054-4182-25_PART_1_OF_1_CHAL10_SF_77233BF9.jpg,00054-4182-25_77233BF9,22818,TRUE,10/17/2017 05:30:58 PM,2020-02-10 17:02:22,b15200fb-1826-472b-a907-e677a272513b-0054-4182-0,b15200fb-1826-472b-a907-e677a272513b,6,,C48348,ROUND,,2,,54;943,,C48328,PINK,,DEXAMETHASONE 1.5 mg;,DEXAMETHASONE[DEXAMETHASONE];,"FD&C BLUE NO. 1;FD&C RED NO. 3;FD&C RED NO. 40;LACTOSE MONOHYDRATE;MAGNESIUM STEARATE;STARCH, CORN;SUCROSE;",HRX,SCD,dexamethasone 1.5 MG Oral Tablet,197580,2020-02-10 15:20:13,0054-4182,0,,544182,54,4182,Dexamethasone,active,20200626,e74b178b-cb09-4679-9bf7-3a60ace78c24.xml,,C42998,34391-3,,,LABELER,West-Ward Pharmaceuticals Corp.,C73584,NLM,TRUE,,6,,,TRUE,FALSE,FALSE,TRUE,TRUE
00054-4728-25_PART_1_OF_1_CHAL10_SB_8723C3EE.jpg,00054-4728-25,4728,TRUE,FALSE,FALSE,fcn_mix_weight/dr_224/00054-4728-25_PART_1_OF_1_CHAL10_SB_8723C3EE.jpg,00054-4728-25_8723C3EE,18419,TRUE,10/17/2017 05:30:40 PM,2020-02-10 17:07:34,3115aef0-fd50-4ec8-a064-3effb695f3f2-0054-4728-0,3115aef0-fd50-4ec8-a064-3effb695f3f2,6,,C48348,ROUND,,2,,54;612,,C48325,WHITE,,PREDNISONE 5 mg;,PREDNISONE[PREDNISONE];,"LACTOSE MONOHYDRATE;MAGNESIUM STEARATE;MICROCRYSTALLINE CELLULOSE;STARCH, CORN;SODIUM STARCH GLYCOLATE TYPE A POTATO;STEARIC ACID;",HRX,SCD,prednisone 5 MG Oral Tablet,312617,2020-02-10 15:45:11,0054-4728,0,,544728,54,4728,PredniSONE,active,20190610,114e22f8-b459-47c6-aa0f-5bf096f924d6.xml,,C42998,34391-3,,,LABELER,Hikma Pharmaceuticals USA Inc.,C73584,NLM,TRUE,,15,,,TRUE,FALSE,FALSE,TRUE,TRUE
00054-4728-25_PART_1_OF_1_CHAL10_SF_8723C3EE.jpg,00054-4728-25,4728,TRUE,TRUE,FALSE,fcn_mix_weight/dr_224/00054-4728-25_PART_1_OF_1_CHAL10_SF_8723C3EE.jpg,00054-4728-25_8723C3EE,18419,TRUE,10/17/2017 05:30:40 PM,2020-02-10 17:07:34,3115aef0-fd50-4ec8-a064-3effb695f3f2-0054-4728-0,3115aef0-fd50-4ec8-a064-3effb695f3f2,6,,C48348,ROUND,,2,,54;612,,C48325,WHITE,,PREDNISONE 5 mg;,PREDNISONE[PREDNISONE];,"LACTOSE MONOHYDRATE;MAGNESIUM STEARATE;MICROCRYSTALLINE CELLULOSE;STARCH, CORN;SODIUM STARCH GLYCOLATE TYPE A POTATO;STEARIC ACID;",HRX,SCD,prednisone 5 MG Oral Tablet,312617,2020-02-10 15:45:11,0054-4728,0,,544728,54,4728,PredniSONE,active,20190610,114e22f8-b459-47c6-aa0f-5bf096f924d6.xml,,C42998,34391-3,,,LABELER,Hikma Pharmaceuticals USA Inc.,C73584,NLM,TRUE,,15,,,TRUE,FALSE,FALSE,TRUE,TRUE
00056-0170-70_PART_1_OF_1_CHAL10_SB_95134AFA.jpg,00056-0170-70,170,TRUE,FALSE,FALSE,fcn_mix_weight/dr_224/00056-0170-70_PART_1_OF_1_CHAL10_SB_95134AFA.jpg,00056-0170-70_95134AFA,37485,TRUE,10/17/2017 05:32:03 PM,2020-02-10 17:02:22,d91934a0-902e-c26c-23ca-d5accc4151b6-0056-0170-0,d91934a0-902e-c26c-23ca-d5accc4151b6,9,,C48348,ROUND,,2,,2;COUMADIN,,C48327,PURPLE,,warfarin sodium 2 mg;,warfarin sodium[warfarin];,"ANHYDROUS LACTOSE;starch, tapioca;magnesium stearate;FD&C Blue No. 2;FD&C Red No. 40;aluminum hydroxide;",HRX,SBD,warfarin sodium 2 MG Oral Tablet [Coumadin],855304,2020-02-10 15:20:12,0056-0170,0,,560170,56,170,COUMADIN,completed,20200828,4fa626bf-835e-4641-b783-bc1c8e3ad767.xml,,C42998,34391-3,,,LABELER,Bristol-Myers Squibb Pharma Company,C73594,NLM,TRUE,,22,,,TRUE,FALSE,FALSE,TRUE,TRUE
00056-0170-70_PART_1_OF_1_CHAL10_SF_95134AFA.jpg,00056-0170-70,170,TRUE,TRUE,FALSE,fcn_mix_weight/dr_224/00056-0170-70_PART_1_OF_1_CHAL10_SF_95134AFA.jpg,00056-0170-70_95134AFA,37485,TRUE,10/17/2017 05:32:03 PM,2020-02-10 17:02:22,d91934a0-902e-c26c-23ca-d5accc4151b6-0056-0170-0,d91934a0-902e-c26c-23ca-d5accc4151b6,9,,C48348,ROUND,,2,,2;COUMADIN,,C48327,PURPLE,,warfarin sodium 2 mg;,warfarin sodium[warfarin];,"ANHYDROUS LACTOSE;starch, tapioca;magnesium stearate;FD&C Blue No. 2;FD&C Red No. 40;aluminum hydroxide;",HRX,SBD,warfarin sodium 2 MG Oral Tablet [Coumadin],855304,2020-02-10 15:20:12,0056-0170,0,,560170,56,170,COUMADIN,completed,20200828,4fa626bf-835e-4641-b783-bc1c8e3ad767.xml,,C42998,34391-3,,,LABELER,Bristol-Myers Squibb Pharma Company,C73594,NLM,TRUE,,22,,,TRUE,FALSE,FALSE,TRUE,TRUE
00056-0176-70_PART_1_OF_1_CHAL10_SB_99134CAA.jpg,00056-0176-70,176,TRUE,FALSE,FALSE,fcn_mix_weight/dr_224/00056-0176-70_PART_1_OF_1_CHAL10_SB_99134CAA.jpg,00056-0176-70_99134CAA,3843,TRUE,10/17/2017 05:29:37 PM,2020-02-10 17:01:52,d91934a0-902e-c26c-23ca-d5accc4151b6-0056-0176-0,d91934a0-902e-c26c-23ca-d5accc4151b6,9,,C48348,ROUND,,2,,2;1;2;COUMADIN,,C48329,GREEN,,warfarin sodium 2.5 mg;,warfarin sodium[warfarin];,"ANHYDROUS LACTOSE;starch, tapioca;magnesium stearate;D&C Yellow No. 10;FD&C Blue No. 1;aluminum hydroxide;",HRX,SBD,warfarin sodium 2.5 MG Oral Tablet [Coumadin],855314,2020-02-10 15:17:44,0056-0176,0,,560176,56,176,COUMADIN,completed,20200828,4fa626bf-835e-4641-b783-bc1c8e3ad767.xml,,C42998,34391-3,,,LABELER,Bristol-Myers Squibb Pharma Company,C73594,NLM,TRUE,,22,,,TRUE,FALSE,FALSE,TRUE,TRUE
00056-0176-70_PART_1_OF_1_CHAL10_SF_99134CAA.jpg,00056-0176-70,176,TRUE,TRUE,FALSE,fcn_mix_weight/dr_224/00056-0176-70_PART_1_OF_1_CHAL10_SF_99134CAA.jpg,00056-0176-70_99134CAA,3843,TRUE,10/17/2017 05:29:37 PM,2020-02-10 17:01:52,d91934a0-902e-c26c-23ca-d5accc4151b6-0056-0176-0,d91934a0-902e-c26c-23ca-d5accc4151b6,9,,C48348,ROUND,,2,,2;1;2;COUMADIN,,C48329,GREEN,,warfarin sodium 2.5 mg;,warfarin sodium[warfarin];,"ANHYDROUS LACTOSE;starch, tapioca;magnesium stearate;D&C Yellow No. 10;FD&C Blue No. 1;aluminum hydroxide;",HRX,SBD,warfarin sodium 2.5 MG Oral Tablet [Coumadin],855314,2020-02-10 15:17:44,0056-0176,0,,560176,56,176,COUMADIN,completed,20200828,4fa626bf-835e-4641-b783-bc1c8e3ad767.xml,,C42998,34391-3,,,LABELER,Bristol-Myers Squibb Pharma Company,C73594,NLM,TRUE,,22,,,TRUE,FALSE,FALSE,TRUE,TRUE
00056-0188-70_PART_1_OF_1_CHAL10_SB_9B134DFA.jpg,00056-0188-70,188,TRUE,FALSE,FALSE,fcn_mix_weight/dr_224/00056-0188-70_PART_1_OF_1_CHAL10_SB_9B134DFA.jpg,00056-0188-70_9B134DFA,31629,TRUE,10/17/2017 05:31:37 PM,2020-02-10 17:10:49,d91934a0-902e-c26c-23ca-d5accc4151b6-0056-0188-0,d91934a0-902e-c26c-23ca-d5accc4151b6,9,,C48348,ROUND,,2,,3;COUMADIN,,C48332,BROWN,,warfarin sodium 3 mg;,warfarin sodium[warfarin];,"ANHYDROUS LACTOSE;starch, tapioca;magnesium stearate;FD&C Yellow No. 6;FD&C Blue No. 2;FD&C Red No. 40;aluminum hydroxide;",HRX,SBD,warfarin sodium 3 MG Oral Tablet [Coumadin],855320,2020-02-10 16:03:26,0056-0188,0,,560188,56,188,COUMADIN,completed,20200828,4fa626bf-835e-4641-b783-bc1c8e3ad767.xml,,C42998,34391-3,,,LABELER,Bristol-Myers Squibb Pharma Company,C73594,NLM,TRUE,,22,,,TRUE,FALSE,FALSE,TRUE,TRUE
00056-0188-70_PART_1_OF_1_CHAL10_SF_9B134DFA.jpg,00056-0188-70,188,TRUE,TRUE,FALSE,fcn_mix_weight/dr_224/00056-0188-70_PART_1_OF_1_CHAL10_SF_9B134DFA.jpg,00056-0188-70_9B134DFA,31629,TRUE,10/17/2017 05:31:37 PM,2020-02-10 17:10:49,d91934a0-902e-c26c-23ca-d5accc4151b6-0056-0188-0,d91934a0-902e-c26c-23ca-d5accc4151b6,9,,C48348,ROUND,,2,,3;COUMADIN,,C48332,BROWN,,warfarin sodium 3 mg;,warfarin sodium[warfarin];,"ANHYDROUS LACTOSE;starch, tapioca;magnesium stearate;FD&C Yellow No. 6;FD&C Blue No. 2;FD&C Red No. 40;aluminum hydroxide;",HRX,SBD,warfarin sodium 3 MG Oral Tablet [Coumadin],855320,2020-02-10 16:03:26,0056-0188,0,,560188,56,188,COUMADIN,completed,20200828,4fa626bf-835e-4641-b783-bc1c8e3ad767.xml,,C42998,34391-3,,,LABELER,Bristol-Myers Squibb Pharma Company,C73594,NLM,TRUE,,22,,,TRUE,FALSE,FALSE,TRUE,TRUE
00062-2085-12_PART_1_OF_1_CHAL10_SB_06130328.jpg,00062-2085-12,2085,TRUE,FALSE,FALSE,fcn_mix_weight/dr_224/00062-2085-12_PART_1_OF_1_CHAL10_SB_06130328.jpg,00062-2085-12_06130328,10333,TRUE,10/17/2017 05:30:06 PM,10/17/2017 05:30:06 PM,b13ba9bf-1661-456a-8eae-6d110ea08c94-0062-2085-0,b13ba9bf-1661-456a-8eae-6d110ea08c94,6,,C48348,ROUND,,1,,A,,C48325,WHITE,,almotriptan 12.5 mg,almotriptan malate[almotriptan],mannitol / powdered cellulose / sodium starch glycolate type A potato / sodium stearyl fumarate / titanium dioxide / hypromelloses / polyethylene glycols / propylene glycol / ferric oxide red / carnauba wax,HRX,,Axert 12.5 MG Oral Tablet,284589,,0062-2085,0,,622085,62,2085,Axert,active,20110429,92255367-fea8-4a0e-9844-5a37e7a72f54.xml,,C42897,34391-3,,,LABELER,"Ortho-McNeil-Janssen Pharmaceuticals, Inc.",C73594,NLM,TRUE,,5,,,FALSE,TRUE,FALSE,TRUE,TRUE
00062-2085-12_PART_1_OF_1_CHAL10_SF_06130328.jpg,00062-2085-12,2085,TRUE,TRUE,FALSE,fcn_mix_weight/dr_224/00062-2085-12_PART_1_OF_1_CHAL10_SF_06130328.jpg,00062-2085-12_06130328,10333,TRUE,10/17/2017 05:30:06 PM,10/17/2017 05:30:06 PM,b13ba9bf-1661-456a-8eae-6d110ea08c94-0062-2085-0,b13ba9bf-1661-456a-8eae-6d110ea08c94,6,,C48348,ROUND,,1,,A,,C48325,WHITE,,almotriptan 12.5 mg,almotriptan malate[almotriptan],mannitol / powdered cellulose / sodium starch glycolate type A potato / sodium stearyl fumarate / titanium dioxide / hypromelloses / polyethylene glycols / propylene glycol / ferric oxide red / carnauba wax,HRX,,Axert 12.5 MG Oral Tablet,284589,,0062-2085,0,,622085,62,2085,Axert,active,20110429,92255367-fea8-4a0e-9844-5a37e7a72f54.xml,,C42897,34391-3,,,LABELER,"Ortho-McNeil-Janssen Pharmaceuticals, Inc.",C73594,NLM,TRUE,,5,,,FALSE,TRUE,FALSE,TRUE,TRUE
00069-1540-68_PART_1_OF_1_CHAL10_SB_BB1C5DE2.jpg,00069-1540-68,1540,TRUE,FALSE,FALSE,fcn_mix_weight/dr_224/00069-1540-68_PART_1_OF_1_CHAL10_SB_BB1C5DE2.jpg,00069-1540-68_BB1C5DE2,28507,TRUE,10/17/2017 05:31:23 PM,2020-02-10 17:10:11,abd6a2ca-40c2-485c-bc53-db1c652505ed-0069-1540-0,abd6a2ca-40c2-485c-bc53-db1c652505ed,10,,C48348,ROUND,,1,,NORVASC;10,,C48325,WHITE,,AMLODIPINE BESYLATE 10 mg;,AMLODIPINE BESYLATE[AMLODIPINE];,MICROCRYSTALLINE CELLULOSE;ANHYDROUS DIBASIC CALCIUM PHOSPHATE;SODIUM STARCH GLYCOLATE TYPE A POTATO;MAGNESIUM STEARATE;,HRX,SBD,amlodipine 10 MG Oral Tablet [Norvasc],212575,2020-02-10 15:59:59,0069-1540,0,,691540,69,1540,Norvasc,active,20190314,3f5ca9a3-9076-49ab-b247-669c337f3364.xml,,C42998,34391-3,,,LABELER,Pfizer Laboratories Div Pfizer Inc,C73594,NLM,TRUE,,19,,,TRUE,FALSE,FALSE,TRUE,TRUE
00069-1540-68_PART_1_OF_1_CHAL10_SF_BB1C5DE2.jpg,00069-1540-68,1540,TRUE,TRUE,FALSE,fcn_mix_weight/dr_224/00069-1540-68_PART_1_OF_1_CHAL10_SF_BB1C5DE2.jpg,00069-1540-68_BB1C5DE2,28507,TRUE,10/17/2017 05:31:23 PM,2020-02-10 17:10:11,abd6a2ca-40c2-485c-bc53-db1c652505ed-0069-1540-0,abd6a2ca-40c2-485c-bc53-db1c652505ed,10,,C48348,ROUND,,1,,NORVASC;10,,C48325,WHITE,,AMLODIPINE BESYLATE 10 mg;,AMLODIPINE BESYLATE[AMLODIPINE];,MICROCRYSTALLINE CELLULOSE;ANHYDROUS DIBASIC CALCIUM PHOSPHATE;SODIUM STARCH GLYCOLATE TYPE A POTATO;MAGNESIUM STEARATE;,HRX,SBD,amlodipine 10 MG Oral Tablet [Norvasc],212575,2020-02-10 15:59:59,0069-1540,0,,691540,69,1540,Norvasc,active,20190314,3f5ca9a3-9076-49ab-b247-669c337f3364.xml,,C42998,34391-3,,,LABELER,Pfizer Laboratories Div Pfizer Inc,C73594,NLM,TRUE,,19,,,TRUE,FALSE,FALSE,TRUE,TRUE
00069-2600-66_PART_1_OF_1_CHAL10_SB_3A211D78.jpg,00069-2600-66,2600,TRUE,FALSE,FALSE,fcn_mix_weight/dr_224/00069-2600-66_PART_1_OF_1_CHAL10_SB_3A211D78.jpg,00069-2600-66_3A211D78,25683,TRUE,10/17/2017 05:31:11 PM,2020-02-10 17:06:53,e04aa152-b08d-47f7-b976-f8bee4c386db-0069-2600-0,e04aa152-b08d-47f7-b976-f8bee4c386db,17,,C48336,CAPSULE,OVAL,1,,PROCARDIA;PFIZER;260,,C48331,ORANGE,,NIFEDIPINE 10 mg;,NIFEDIPINE[NIFEDIPINE];,"GLYCERIN;PEPPERMINT OIL;POLYETHYLENE GLYCOL, UNSPECIFIED;FD&C YELLOW NO. 6;FERRIC OXIDE RED;WATER;SACCHARIN SODIUM;",HRX,SBD,nifedipine 10 MG Oral Capsule [Procardia],207765,2020-02-10 15:41:41,0069-2600,0,,692600,69,2600,Procardia,active,20180131,8d71fb42-a120-48ea-821e-a0d353146d12.xml,,C25158,34391-3,,,LABELER,Pfizer Laboratories Div Pfizer Inc,C73594,NLM,TRUE,,11,,,TRUE,FALSE,FALSE,TRUE,TRUE
00069-2600-66_PART_1_OF_1_CHAL10_SF_3A211D78.jpg,00069-2600-66,2600,TRUE,TRUE,FALSE,fcn_mix_weight/dr_224/00069-2600-66_PART_1_OF_1_CHAL10_SF_3A211D78.jpg,00069-2600-66_3A211D78,25683,TRUE,10/17/2017 05:31:11 PM,2020-02-10 17:06:53,e04aa152-b08d-47f7-b976-f8bee4c386db-0069-2600-0,e04aa152-b08d-47f7-b976-f8bee4c386db,17,,C48336,CAPSULE,OVAL,1,,PROCARDIA;PFIZER;260,,C48331,ORANGE,,NIFEDIPINE 10 mg;,NIFEDIPINE[NIFEDIPINE];,"GLYCERIN;PEPPERMINT OIL;POLYETHYLENE GLYCOL, UNSPECIFIED;FD&C YELLOW NO. 6;FERRIC OXIDE RED;WATER;SACCHARIN SODIUM;",HRX,SBD,nifedipine 10 MG Oral Capsule [Procardia],207765,2020-02-10 15:41:41,0069-2600,0,,692600,69,2600,Procardia,active,20180131,8d71fb42-a120-48ea-821e-a0d353146d12.xml,,C25158,34391-3,,,LABELER,Pfizer Laboratories Div Pfizer Inc,C73594,NLM,TRUE,,11,,,TRUE,FALSE,FALSE,TRUE,TRUE
00069-4210-30_PART_1_OF_1_CHAL10_SB_641DB26D.jpg,00069-4210-30,4210,TRUE,FALSE,FALSE,fcn_mix_weight/dr_224/00069-4210-30_PART_1_OF_1_CHAL10_SB_641DB26D.jpg,00069-4210-30_641DB26D,18042,TRUE,10/17/2017 05:30:38 PM,2020-02-10 17:07:24,0b0be196-0c62-461c-94f4-9a35339b4501-0069-4210-0,0b0be196-0c62-461c-94f4-9a35339b4501,11,,C48338,DIAMOND,,1,,VGR50;Pfizer,,C48333,BLUE,,SILDENAFIL CITRATE 50 mg;,SILDENAFIL CITRATE[SILDENAFIL];,"MICROCRYSTALLINE CELLULOSE;ANHYDROUS DIBASIC CALCIUM PHOSPHATE;CROSCARMELLOSE SODIUM;MAGNESIUM STEARATE;HYPROMELLOSE, UNSPECIFIED;TITANIUM DIOXIDE;LACTOSE, UNSPECIFIED FORM;TRIACETIN;FD&C BLUE NO. 2;ALUMINUM OXIDE;",HRX,SBD,sildenafil 50 MG Oral Tablet [Viagra],213270,2020-02-10 15:44:05,0069-4210,0,,694210,69,4210,Viagra,active,20171231,fa73b749-cc9f-4ab1-8ef0-631b808057ed.xml,,C42931,34391-3,,,LABELER,Pfizer Laboratories Div Pfizer Inc,C73594,NLM,TRUE,,22,,,TRUE,FALSE,FALSE,TRUE,TRUE
00069-4210-30_PART_1_OF_1_CHAL10_SF_641DB26D.jpg,00069-4210-30,4210,TRUE,TRUE,FALSE,fcn_mix_weight/dr_224/00069-4210-30_PART_1_OF_1_CHAL10_SF_641DB26D.jpg,00069-4210-30_641DB26D,18042,TRUE,10/17/2017 05:30:38 PM,2020-02-10 17:07:24,0b0be196-0c62-461c-94f4-9a35339b4501-0069-4210-0,0b0be196-0c62-461c-94f4-9a35339b4501,11,,C48338,DIAMOND,,1,,VGR50;Pfizer,,C48333,BLUE,,SILDENAFIL CITRATE 50 mg;,SILDENAFIL CITRATE[SILDENAFIL];,"MICROCRYSTALLINE CELLULOSE;ANHYDROUS DIBASIC CALCIUM PHOSPHATE;CROSCARMELLOSE SODIUM;MAGNESIUM STEARATE;HYPROMELLOSE, UNSPECIFIED;TITANIUM DIOXIDE;LACTOSE, UNSPECIFIED FORM;TRIACETIN;FD&C BLUE NO. 2;ALUMINUM OXIDE;",HRX,SBD,sildenafil 50 MG Oral Tablet [Viagra],213270,2020-02-10 15:44:05,0069-4210,0,,694210,69,4210,Viagra,active,20171231,fa73b749-cc9f-4ab1-8ef0-631b808057ed.xml,,C42931,34391-3,,,LABELER,Pfizer Laboratories Div Pfizer Inc,C73594,NLM,TRUE,,22,,,TRUE,FALSE,FALSE,TRUE,TRUE
00071-0155-23_PART_1_OF_1_CHAL10_SB_711C38F1.jpg,00071-0155-23,155,TRUE,FALSE,FALSE,fcn_mix_weight/dr_224/00071-0155-23_PART_1_OF_1_CHAL10_SB_711C38F1.jpg,00071-0155-23_711C38F1,35795,TRUE,10/17/2017 05:31:56 PM,2020-02-10 17:07:19,c6e131fe-e7df-4876-83f7-9156fc4e8228-0071-0155-0,c6e131fe-e7df-4876-83f7-9156fc4e8228,10,,C48345,OVAL,,1,,PD;155;10,,C48325,WHITE,,ATORVASTATIN CALCIUM TRIHYDRATE 10 mg;,ATORVASTATIN CALCIUM TRIHYDRATE[ATORVASTATIN];,"CALCIUM CARBONATE;CANDELILLA WAX;CROSCARMELLOSE SODIUM;HYDROXYPROPYL CELLULOSE (1600000 WAMW);LACTOSE MONOHYDRATE;MAGNESIUM STEARATE;MICROCRYSTALLINE CELLULOSE;HYPROMELLOSE, UNSPECIFIED;POLYETHYLENE GLYCOL, UNSPECIFIED;TALC;TITANIUM DIOXIDE;POLYSORBATE 80;",HRX,SBD,atorvastatin 10 MG Oral Tablet [Lipitor],617314,2020-02-10 15:43:46,0071-0155,0,,710155,71,155,Lipitor,active,20200827,0d9a1305-fbf0-458b-8567-2abe14924cb1.xml,,C42931,34391-3,,,LABELER,Parke-Davis Div of Pfizer Inc,C73594,NLM,TRUE,,25,,,TRUE,FALSE,FALSE,TRUE,TRUE
00071-0155-23_PART_1_OF_1_CHAL10_SF_711C38F1.jpg,00071-0155-23,155,TRUE,TRUE,FALSE,fcn_mix_weight/dr_224/00071-0155-23_PART_1_OF_1_CHAL10_SF_711C38F1.jpg,00071-0155-23_711C38F1,35795,TRUE,10/17/2017 05:31:56 PM,2020-02-10 17:07:19,c6e131fe-e7df-4876-83f7-9156fc4e8228-0071-0155-0,c6e131fe-e7df-4876-83f7-9156fc4e8228,10,,C48345,OVAL,,1,,PD;155;10,,C48325,WHITE,,ATORVASTATIN CALCIUM TRIHYDRATE 10 mg;,ATORVASTATIN CALCIUM TRIHYDRATE[ATORVASTATIN];,"CALCIUM CARBONATE;CANDELILLA WAX;CROSCARMELLOSE SODIUM;HYDROXYPROPYL CELLULOSE (1600000 WAMW);LACTOSE MONOHYDRATE;MAGNESIUM STEARATE;MICROCRYSTALLINE CELLULOSE;HYPROMELLOSE, UNSPECIFIED;POLYETHYLENE GLYCOL, UNSPECIFIED;TALC;TITANIUM DIOXIDE;POLYSORBATE 80;",HRX,SBD,atorvastatin 10 MG Oral Tablet [Lipitor],617314,2020-02-10 15:43:46,0071-0155,0,,710155,71,155,Lipitor,active,20200827,0d9a1305-fbf0-458b-8567-2abe14924cb1.xml,,C42931,34391-3,,,LABELER,Parke-Davis Div of Pfizer Inc,C73594,NLM,TRUE,,25,,,TRUE,FALSE,FALSE,TRUE,TRUE
00071-0156-23_PART_1_OF_1_CHAL10_SB_741C3A41.jpg,00071-0156-23,156,TRUE,FALSE,FALSE,fcn_mix_weight/dr_224/00071-0156-23_PART_1_OF_1_CHAL10_SB_741C3A41.jpg,00071-0156-23_741C3A41,5044,TRUE,10/17/2017 05:29:43 PM,2020-02-10 17:15:09,c6e131fe-e7df-4876-83f7-9156fc4e8228-0071-0156-0,c6e131fe-e7df-4876-83f7-9156fc4e8228,12,,C48345,OVAL,,1,,PD;156;20,,C48325,WHITE,,ATORVASTATIN CALCIUM TRIHYDRATE 20 mg;,ATORVASTATIN CALCIUM TRIHYDRATE[ATORVASTATIN];,"CALCIUM CARBONATE;CANDELILLA WAX;CROSCARMELLOSE SODIUM;HYDROXYPROPYL CELLULOSE (1600000 WAMW);LACTOSE MONOHYDRATE;MAGNESIUM STEARATE;MICROCRYSTALLINE CELLULOSE;HYPROMELLOSE, UNSPECIFIED;POLYETHYLENE GLYCOL, UNSPECIFIED;TALC;TITANIUM DIOXIDE;POLYSORBATE 80;",HRX,SBD,atorvastatin 20 MG Oral Tablet [Lipitor],617318,2020-02-10 16:27:10,0071-0156,0,,710156,71,156,Lipitor,active,20200827,0d9a1305-fbf0-458b-8567-2abe14924cb1.xml,,C42931,34391-3,,,LABELER,Parke-Davis Div of Pfizer Inc,C73594,NLM,TRUE,,25,,,TRUE,FALSE,FALSE,TRUE,TRUE
00071-0156-23_PART_1_OF_1_CHAL10_SF_741C3A41.jpg,00071-0156-23,156,TRUE,TRUE,FALSE,fcn_mix_weight/dr_224/00071-0156-23_PART_1_OF_1_CHAL10_SF_741C3A41.jpg,00071-0156-23_741C3A41,5044,TRUE,10/17/2017 05:29:43 PM,2020-02-10 17:15:09,c6e131fe-e7df-4876-83f7-9156fc4e8228-0071-0156-0,c6e131fe-e7df-4876-83f7-9156fc4e8228,12,,C48345,OVAL,,1,,PD;156;20,,C48325,WHITE,,ATORVASTATIN CALCIUM TRIHYDRATE 20 mg;,ATORVASTATIN CALCIUM TRIHYDRATE[ATORVASTATIN];,"CALCIUM CARBONATE;CANDELILLA WAX;CROSCARMELLOSE SODIUM;HYDROXYPROPYL CELLULOSE (1600000 WAMW);LACTOSE MONOHYDRATE;MAGNESIUM STEARATE;MICROCRYSTALLINE CELLULOSE;HYPROMELLOSE, UNSPECIFIED;POLYETHYLENE GLYCOL, UNSPECIFIED;TALC;TITANIUM DIOXIDE;POLYSORBATE 80;",HRX,SBD,atorvastatin 20 MG Oral Tablet [Lipitor],617318,2020-02-10 16:27:10,0071-0156,0,,710156,71,156,Lipitor,active,20200827,0d9a1305-fbf0-458b-8567-2abe14924cb1.xml,,C42931,34391-3,,,LABELER,Parke-Davis Div of Pfizer Inc,C73594,NLM,TRUE,,25,,,TRUE,FALSE,FALSE,TRUE,TRUE
00071-0419-24_PART_1_OF_1_CHAL10_SB_361C9B04.jpg,00071-0419-24,419,TRUE,FALSE,FALSE,fcn_mix_weight/dr_224/00071-0419-24_PART_1_OF_1_CHAL10_SB_361C9B04.jpg,00071-0419-24_361C9B04,6435,TRUE,10/17/2017 05:29:49 PM,2020-02-10 17:05:54,79ba021e-183c-4b4d-822e-4ff5ef54ca61-0071-0419-0,79ba021e-183c-4b4d-822e-4ff5ef54ca61,4,,C48348,ROUND,,1,,N;6,,C48325,WHITE,,NITROGLYCERIN 0.6 mg;,NITROGLYCERIN[NITROGLYCERIN];,"LACTOSE MONOHYDRATE;GLYCERYL MONOSTEARATE;CALCIUM STEARATE;SILICON DIOXIDE;STARCH, CORN;",HRX,SBD,nitroglycerin 0.6 MG Sublingual Tablet [Nitrostat],207361,2020-02-10 15:36:41,0071-0419,0,,710419,71,419,Nitrostat,active,20180228,b21bdc0d-86ca-4a5f-9695-a7a8064f5bed.xml,,C42998,34391-3,,,LABELER,Parke-Davis Div of Pfizer Inc,C73594,NLM,TRUE,,14,,,TRUE,FALSE,FALSE,TRUE,TRUE
00071-0419-24_PART_1_OF_1_CHAL10_SF_361C9B04.jpg,00071-0419-24,419,TRUE,TRUE,FALSE,fcn_mix_weight/dr_224/00071-0419-24_PART_1_OF_1_CHAL10_SF_361C9B04.jpg,00071-0419-24_361C9B04,6435,TRUE,10/17/2017 05:29:49 PM,2020-02-10 17:05:54,79ba021e-183c-4b4d-822e-4ff5ef54ca61-0071-0419-0,79ba021e-183c-4b4d-822e-4ff5ef54ca61,4,,C48348,ROUND,,1,,N;6,,C48325,WHITE,,NITROGLYCERIN 0.6 mg;,NITROGLYCERIN[NITROGLYCERIN];,"LACTOSE MONOHYDRATE;GLYCERYL MONOSTEARATE;CALCIUM STEARATE;SILICON DIOXIDE;STARCH, CORN;",HRX,SBD,nitroglycerin 0.6 MG Sublingual Tablet [Nitrostat],207361,2020-02-10 15:36:41,0071-0419,0,,710419,71,419,Nitrostat,active,20180228,b21bdc0d-86ca-4a5f-9695-a7a8064f5bed.xml,,C42998,34391-3,,,LABELER,Parke-Davis Div of Pfizer Inc,C73594,NLM,TRUE,,14,,,TRUE,FALSE,FALSE,TRUE,TRUE
00071-1015-68_PART_1_OF_1_CHAL10_SB_5215A92D.jpg,00071-1015-68,1015,TRUE,FALSE,FALSE,fcn_mix_weight/dr_224/00071-1015-68_PART_1_OF_1_CHAL10_SB_5215A92D.jpg,00071-1015-68_5215A92D,19529,TRUE,10/17/2017 05:30:45 PM,2020-02-10 17:03:11,60185c88-ecfd-46f9-adb9-b97c6b00a553-0071-1015-0,60185c88-ecfd-46f9-adb9-b97c6b00a553,16,,C48336,CAPSULE,,1,,Pfizer;PGN;100,,C48331,ORANGE,,PREGABALIN 100 mg;,PREGABALIN[PREGABALIN];,"LACTOSE MONOHYDRATE;STARCH, CORN;TALC;GELATIN, UNSPECIFIED;TITANIUM DIOXIDE;FERRIC OXIDE RED;SHELLAC;FERROSOFERRIC OXIDE;PROPYLENE GLYCOL;POTASSIUM HYDROXIDE;",HRX,SBD,pregabalin 100 MG Oral Capsule [Lyrica],607018,2020-02-10 15:24:15,0071-1015,0,,711015,71,1015,Lyrica,active,20200615,b9b1285a-2cb3-4789-8b0e-8d5e1b253534.xml,,C25158,34391-3,C48679,CV,LABELER,Parke-Davis Div of Pfizer Inc,C73594,NLM,TRUE,,47,,,TRUE,FALSE,FALSE,TRUE,TRUE
00071-1015-68_PART_1_OF_1_CHAL10_SF_5215A92D.jpg,00071-1015-68,1015,TRUE,TRUE,FALSE,fcn_mix_weight/dr_224/00071-1015-68_PART_1_OF_1_CHAL10_SF_5215A92D.jpg,00071-1015-68_5215A92D,19529,TRUE,10/17/2017 05:30:45 PM,2020-02-10 17:03:11,60185c88-ecfd-46f9-adb9-b97c6b00a553-0071-1015-0,60185c88-ecfd-46f9-adb9-b97c6b00a553,16,,C48336,CAPSULE,,1,,Pfizer;PGN;100,,C48331,ORANGE,,PREGABALIN 100 mg;,PREGABALIN[PREGABALIN];,"LACTOSE MONOHYDRATE;STARCH, CORN;TALC;GELATIN, UNSPECIFIED;TITANIUM DIOXIDE;FERRIC OXIDE RED;SHELLAC;FERROSOFERRIC OXIDE;PROPYLENE GLYCOL;POTASSIUM HYDROXIDE;",HRX,SBD,pregabalin 100 MG Oral Capsule [Lyrica],607018,2020-02-10 15:24:15,0071-1015,0,,711015,71,1015,Lyrica,active,20200615,b9b1285a-2cb3-4789-8b0e-8d5e1b253534.xml,,C25158,34391-3,C48679,CV,LABELER,Parke-Davis Div of Pfizer Inc,C73594,NLM,TRUE,,47,,,TRUE,FALSE,FALSE,TRUE,TRUE
00071-1017-68_PART_1_OF_1_CHAL10_SB_5515AAAD.jpg,00071-1017-68,1017,TRUE,FALSE,FALSE,fcn_mix_weight/dr_224/00071-1017-68_PART_1_OF_1_CHAL10_SB_5515AAAD.jpg,00071-1017-68_5515AAAD,21133,TRUE,10/17/2017 05:30:51 PM,2020-02-10 17:14:39,60185c88-ecfd-46f9-adb9-b97c6b00a553-0071-1017-0,60185c88-ecfd-46f9-adb9-b97c6b00a553,19,,C48336,CAPSULE,,1,,Pfizer;PGN;200,,C48331,ORANGE,,PREGABALIN 200 mg;,PREGABALIN[PREGABALIN];,"LACTOSE MONOHYDRATE;STARCH, CORN;TALC;GELATIN, UNSPECIFIED;TITANIUM DIOXIDE;FERRIC OXIDE RED;SHELLAC;FERROSOFERRIC OXIDE;PROPYLENE GLYCOL;POTASSIUM HYDROXIDE;",HRX,SBD,pregabalin 200 MG Oral Capsule [Lyrica],607022,2020-02-10 16:24:21,0071-1017,0,,711017,71,1017,Lyrica,active,20200615,b9b1285a-2cb3-4789-8b0e-8d5e1b253534.xml,,C25158,34391-3,C48679,CV,LABELER,Parke-Davis Div of Pfizer Inc,C73594,NLM,TRUE,,47,,,TRUE,FALSE,FALSE,TRUE,TRUE
00071-1017-68_PART_1_OF_1_CHAL10_SF_5515AAAD.jpg,00071-1017-68,1017,TRUE,TRUE,FALSE,fcn_mix_weight/dr_224/00071-1017-68_PART_1_OF_1_CHAL10_SF_5515AAAD.jpg,00071-1017-68_5515AAAD,21133,TRUE,10/17/2017 05:30:51 PM,2020-02-10 17:14:39,60185c88-ecfd-46f9-adb9-b97c6b00a553-0071-1017-0,60185c88-ecfd-46f9-adb9-b97c6b00a553,19,,C48336,CAPSULE,,1,,Pfizer;PGN;200,,C48331,ORANGE,,PREGABALIN 200 mg;,PREGABALIN[PREGABALIN];,"LACTOSE MONOHYDRATE;STARCH, CORN;TALC;GELATIN, UNSPECIFIED;TITANIUM DIOXIDE;FERRIC OXIDE RED;SHELLAC;FERROSOFERRIC OXIDE;PROPYLENE GLYCOL;POTASSIUM HYDROXIDE;",HRX,SBD,pregabalin 200 MG Oral Capsule [Lyrica],607022,2020-02-10 16:24:21,0071-1017,0,,711017,71,1017,Lyrica,active,20200615,b9b1285a-2cb3-4789-8b0e-8d5e1b253534.xml,,C25158,34391-3,C48679,CV,LABELER,Parke-Davis Div of Pfizer Inc,C73594,NLM,TRUE,,47,,,TRUE,FALSE,FALSE,TRUE,TRUE
00074-3020-11_PART_1_OF_1_CHAL10_SB_E01D703B.jpg,00074-3020-11,3020,TRUE,FALSE,FALSE,fcn_mix_weight/dr_224/00074-3020-11_PART_1_OF_1_CHAL10_SB_E01D703B.jpg,00074-3020-11_E01D703B,9735,TRUE,10/17/2017 05:30:03 PM,10/17/2017 05:30:03 PM,de358060-f54a-4f36-a0d5-3f34122aba53-0074-3020-0,de358060-f54a-4f36-a0d5-3f34122aba53,20,,C48345,OVAL,,1,,SOLVAY;5150,,C48326,RED,,EPROSARTAN MESYLATE 600 mg;HYDROCHLOROTHIAZIDE 25 mg;,EPROSARTAN MESYLATE[Eprosartan];HYDROCHLOROTHIAZIDE[hydrochlorothiazide];,"CELLULOSE, MICROCRYSTALLINE;LACTOSE MONOHYDRATE;STARCH, CORN;CROSPOVIDONE;MAGNESIUM STEARATE;WATER;POLYETHYLENE GLYCOL 3350;TITANIUM DIOXIDE;TALC;POLYVINYL ALCOHOL;FERRIC OXIDE RED;FERRIC OXIDE YELLOW;",HRX,,eprosartan 600 MG / Hydrochlorothiazide 25 MG Oral Tablet [Teveten HCT],352336,,0074-3020,0,,743020,74,3020,Teveten HCT,completed,20160401,8bcd443d-a799-406b-b479-e9fb9af0e91b.xml,,C42998,34391-3,,,LABELER,AbbVie Inc.,C73594,NLM,TRUE,,1456,,,FALSE,TRUE,FALSE,TRUE,TRUE
00074-3020-11_PART_1_OF_1_CHAL10_SF_E01D703B.jpg,00074-3020-11,3020,TRUE,TRUE,FALSE,fcn_mix_weight/dr_224/00074-3020-11_PART_1_OF_1_CHAL10_SF_E01D703B.jpg,00074-3020-11_E01D703B,9735,TRUE,10/17/2017 05:30:03 PM,10/17/2017 05:30:03 PM,de358060-f54a-4f36-a0d5-3f34122aba53-0074-3020-0,de358060-f54a-4f36-a0d5-3f34122aba53,20,,C48345,OVAL,,1,,SOLVAY;5150,,C48326,RED,,EPROSARTAN MESYLATE 600 mg;HYDROCHLOROTHIAZIDE 25 mg;,EPROSARTAN MESYLATE[Eprosartan];HYDROCHLOROTHIAZIDE[hydrochlorothiazide];,"CELLULOSE, MICROCRYSTALLINE;LACTOSE MONOHYDRATE;STARCH, CORN;CROSPOVIDONE;MAGNESIUM STEARATE;WATER;POLYETHYLENE GLYCOL 3350;TITANIUM DIOXIDE;TALC;POLYVINYL ALCOHOL;FERRIC OXIDE RED;FERRIC OXIDE YELLOW;",HRX,,eprosartan 600 MG / Hydrochlorothiazide 25 MG Oral Tablet [Teveten HCT],352336,,0074-3020,0,,743020,74,3020,Teveten HCT,completed,20160401,8bcd443d-a799-406b-b479-e9fb9af0e91b.xml,,C42998,34391-3,,,LABELER,AbbVie Inc.,C73594,NLM,TRUE,,1456,,,FALSE,TRUE,FALSE,TRUE,TRUE
00074-3040-11_PART_1_OF_1_CHAL10_SB_DB1D6DFB.jpg,00074-3040-11,3040,TRUE,FALSE,FALSE,fcn_mix_weight/dr_224/00074-3040-11_PART_1_OF_1_CHAL10_SB_DB1D6DFB.jpg,00074-3040-11_DB1D6DFB,32535,TRUE,10/17/2017 05:31:41 PM,10/17/2017 05:31:41 PM,7cde57a7-eded-4c22-b1c7-98afc5546997-0074-3040-0,7cde57a7-eded-4c22-b1c7-98afc5546997,20,,C48345,OVAL,,1,,SOLVAY;5046,,C48325,WHITE,,EPROSARTAN MESYLATE 600 mg;,EPROSARTAN MESYLATE[EPROSARTAN];,"CROSPOVIDONE;LACTOSE MONOHYDRATE;MAGNESIUM STEARATE;CELLULOSE, MICROCRYSTALLINE;POLYSORBATE 80;STARCH, CORN;TITANIUM DIOXIDE;POLYETHYLENE GLYCOLS;",HRX,,eprosartan 600 MG Oral Tablet [Teveten],261301,,0074-3040,0,,743040,74,3040,Teveten,active,20140804,f3076488-3dcf-7eae-051e-090a81caa565.xml,,C42998,34391-3,,,LABELER,AbbVie Inc.,C73594,NLM,TRUE,,1428,,,FALSE,TRUE,FALSE,TRUE,TRUE
00074-3040-11_PART_1_OF_1_CHAL10_SF_DB1D6DFB.jpg,00074-3040-11,3040,TRUE,TRUE,FALSE,fcn_mix_weight/dr_224/00074-3040-11_PART_1_OF_1_CHAL10_SF_DB1D6DFB.jpg,00074-3040-11_DB1D6DFB,32535,TRUE,10/17/2017 05:31:41 PM,10/17/2017 05:31:41 PM,7cde57a7-eded-4c22-b1c7-98afc5546997-0074-3040-0,7cde57a7-eded-4c22-b1c7-98afc5546997,20,,C48345,OVAL,,1,,SOLVAY;5046,,C48325,WHITE,,EPROSARTAN MESYLATE 600 mg;,EPROSARTAN MESYLATE[EPROSARTAN];,"CROSPOVIDONE;LACTOSE MONOHYDRATE;MAGNESIUM STEARATE;CELLULOSE, MICROCRYSTALLINE;POLYSORBATE 80;STARCH, CORN;TITANIUM DIOXIDE;POLYETHYLENE GLYCOLS;",HRX,,eprosartan 600 MG Oral Tablet [Teveten],261301,,0074-3040,0,,743040,74,3040,Teveten,active,20140804,f3076488-3dcf-7eae-051e-090a81caa565.xml,,C42998,34391-3,,,LABELER,AbbVie Inc.,C73594,NLM,TRUE,,1428,,,FALSE,TRUE,FALSE,TRUE,TRUE
00074-3290-13_PART_1_OF_1_CHAL10_SB_EC1D766B.jpg,00074-3290-13,3290,TRUE,FALSE,FALSE,fcn_mix_weight/dr_224/00074-3290-13_PART_1_OF_1_CHAL10_SB_EC1D766B.jpg,00074-3290-13_EC1D766B,36489,TRUE,10/17/2017 05:31:59 PM,2020-02-10 17:08:30,7023927e-1829-49c0-5c81-693489000d1c-0074-3290-0,7023927e-1829-49c0-5c81-693489000d1c,19,,C48345,OVAL,,1,,244,,C48326,RED,,TRANDOLAPRIL 4 mg;VERAPAMIL HYDROCHLORIDE 240 mg;,TRANDOLAPRIL[TRANDOLAPRILAT];VERAPAMIL HYDROCHLORIDE[VERAPAMIL];,"DOCUSATE SODIUM;ALCOHOL;CELLULOSE, MICROCRYSTALLINE;STARCH, CORN;LACTOSE MONOHYDRATE;FERRIC OXIDE RED;SODIUM STEARYL FUMARATE;MAGNESIUM STEARATE;WATER;SILICON DIOXIDE;SODIUM ALGINATE;TALC;TITANIUM DIOXIDE;HYPROMELLOSE, UNSPECIFIED;POLYETHYLENE GLYCOL, UNSPECIFIED;POVIDONE, UNSPECIFIED;HYDROXYPROPYL CELLULOSE (1600000 WAMW);",HRX,SBD,24 HR trandolapril 4 MG / verapamil hydrochloride 240 MG Extended Release Oral Tablet [Tarka],897855,2020-02-10 15:50:33,0074-3290,0,,743290,74,3290,Tarka,completed,20190923,24e0ea84-0e19-eb4e-4583-3d3520d1ec5a.xml,,C42930,34391-3,,,LABELER,AbbVie Inc.,C73594,NLM,TRUE,,1504,,,TRUE,FALSE,FALSE,TRUE,TRUE
00074-3290-13_PART_1_OF_1_CHAL10_SF_EC1D766B.jpg,00074-3290-13,3290,TRUE,TRUE,FALSE,fcn_mix_weight/dr_224/00074-3290-13_PART_1_OF_1_CHAL10_SF_EC1D766B.jpg,00074-3290-13_EC1D766B,36489,TRUE,10/17/2017 05:31:59 PM,2020-02-10 17:08:30,7023927e-1829-49c0-5c81-693489000d1c-0074-3290-0,7023927e-1829-49c0-5c81-693489000d1c,19,,C48345,OVAL,,1,,244,,C48326,RED,,TRANDOLAPRIL 4 mg;VERAPAMIL HYDROCHLORIDE 240 mg;,TRANDOLAPRIL[TRANDOLAPRILAT];VERAPAMIL HYDROCHLORIDE[VERAPAMIL];,"DOCUSATE SODIUM;ALCOHOL;CELLULOSE, MICROCRYSTALLINE;STARCH, CORN;LACTOSE MONOHYDRATE;FERRIC OXIDE RED;SODIUM STEARYL FUMARATE;MAGNESIUM STEARATE;WATER;SILICON DIOXIDE;SODIUM ALGINATE;TALC;TITANIUM DIOXIDE;HYPROMELLOSE, UNSPECIFIED;POLYETHYLENE GLYCOL, UNSPECIFIED;POVIDONE, UNSPECIFIED;HYDROXYPROPYL CELLULOSE (1600000 WAMW);",HRX,SBD,24 HR trandolapril 4 MG / verapamil hydrochloride 240 MG Extended Release Oral Tablet [Tarka],897855,2020-02-10 15:50:33,0074-3290,0,,743290,74,3290,Tarka,completed,20190923,24e0ea84-0e19-eb4e-4583-3d3520d1ec5a.xml,,C42930,34391-3,,,LABELER,AbbVie Inc.,C73594,NLM,TRUE,,1504,,,TRUE,FALSE,FALSE,TRUE,TRUE
00074-5182-19_PART_1_OF_1_CHAL10_SB_AF1D57AA.jpg,00074-5182-19,5182,TRUE,FALSE,FALSE,fcn_mix_weight/dr_224/00074-5182-19_PART_1_OF_1_CHAL10_SB_AF1D57AA.jpg,00074-5182-19_AF1D57AA,37383,TRUE,10/17/2017 05:32:03 PM,2020-02-10 17:11:41,1e11ad30-1041-4520-10b0-8f9d30d30fcc-0074-5182-0,1e11ad30-1041-4520-10b0-8f9d30d30fcc,7,,C48348,ROUND,,2,,SYNTHROID;75,,C48327,PURPLE,,LEVOTHYROXINE SODIUM 75 ug;,LEVOTHYROXINE SODIUM[LEVOTHYROXINE];,"ACACIA;LACTOSE MONOHYDRATE;MAGNESIUM STEARATE;TALC;FD&C RED NO. 40;FD&C BLUE NO. 2;SUCROSE;POVIDONE, UNSPECIFIED;",HRX,,,,2020-02-10 15:30:15,0074-5182,0,,745182,74,5182,Synthroid,completed,20200722,db21fc0c-4a2d-9922-39bd-8128e429bebc.xml,,C42998,34391-3,,,LABELER,AbbVie Inc.,C73594,NLM,TRUE,,1529,,,TRUE,FALSE,FALSE,TRUE,TRUE
00074-5182-19_PART_1_OF_1_CHAL10_SF_AF1D57AA.jpg,00074-5182-19,5182,TRUE,TRUE,FALSE,fcn_mix_weight/dr_224/00074-5182-19_PART_1_OF_1_CHAL10_SF_AF1D57AA.jpg,00074-5182-19_AF1D57AA,37383,TRUE,10/17/2017 05:32:03 PM,2020-02-10 17:11:41,1e11ad30-1041-4520-10b0-8f9d30d30fcc-0074-5182-0,1e11ad30-1041-4520-10b0-8f9d30d30fcc,7,,C48348,ROUND,,2,,SYNTHROID;75,,C48327,PURPLE,,LEVOTHYROXINE SODIUM 75 ug;,LEVOTHYROXINE SODIUM[LEVOTHYROXINE];,"ACACIA;LACTOSE MONOHYDRATE;MAGNESIUM STEARATE;TALC;FD&C RED NO. 40;FD&C BLUE NO. 2;SUCROSE;POVIDONE, UNSPECIFIED;",HRX,,,,2020-02-10 15:30:15,0074-5182,0,,745182,74,5182,Synthroid,completed,20200722,db21fc0c-4a2d-9922-39bd-8128e429bebc.xml,,C42998,34391-3,,,LABELER,AbbVie Inc.,C73594,NLM,TRUE,,1529,,,TRUE,FALSE,FALSE,TRUE,TRUE
00074-6122-90_PART_1_OF_1_CHAL10_SB_051D829C.jpg,00074-6122-90,6122,TRUE,FALSE,FALSE,fcn_mix_weight/dr_224/00074-6122-90_PART_1_OF_1_CHAL10_SB_051D829C.jpg,00074-6122-90_051D829C,7447,TRUE,10/17/2017 05:29:53 PM,2020-02-10 17:12:42,b693e68d-f812-4993-54b6-852e3517c344-0074-6122-0,b693e68d-f812-4993-54b6-852e3517c344,12,,C48345,OVAL,,1,,FI,a,C48330,YELLOW,,FENOFIBRATE 48 mg;,FENOFIBRATE[FENOFIBRIC ACID];,"TITANIUM DIOXIDE;TALC;XANTHAN GUM;D&C YELLOW NO. 10;FD&C YELLOW NO. 6;FD&C BLUE NO. 2;DOCUSATE SODIUM;SUCROSE;SODIUM LAURYL SULFATE;LACTOSE MONOHYDRATE;CELLULOSE, MICROCRYSTALLINE;MAGNESIUM STEARATE;LECITHIN, SOYBEAN;HYPROMELLOSE 2910 (3 MPA.S);POLYVINYL ALCOHOL, UNSPECIFIED;CROSPOVIDONE (120 .MU.M);",HRX,,,,2020-02-10 16:14:08,0074-6122,0,,746122,74,6122,Tricor,completed,20191018,572e8ea2-e961-7b2e-5fcb-9168f6dc2472.xml,,C42998,34391-3,,,LABELER,AbbVie Inc.,C73594,NLM,TRUE,,1507,,,TRUE,FALSE,FALSE,TRUE,TRUE
00074-6122-90_PART_1_OF_1_CHAL10_SF_051D829C.jpg,00074-6122-90,6122,TRUE,TRUE,FALSE,fcn_mix_weight/dr_224/00074-6122-90_PART_1_OF_1_CHAL10_SF_051D829C.jpg,00074-6122-90_051D829C,7447,TRUE,10/17/2017 05:29:53 PM,2020-02-10 17:12:42,b693e68d-f812-4993-54b6-852e3517c344-0074-6122-0,b693e68d-f812-4993-54b6-852e3517c344,12,,C48345,OVAL,,1,,FI,a,C48330,YELLOW,,FENOFIBRATE 48 mg;,FENOFIBRATE[FENOFIBRIC ACID];,"TITANIUM DIOXIDE;TALC;XANTHAN GUM;D&C YELLOW NO. 10;FD&C YELLOW NO. 6;FD&C BLUE NO. 2;DOCUSATE SODIUM;SUCROSE;SODIUM LAURYL SULFATE;LACTOSE MONOHYDRATE;CELLULOSE, MICROCRYSTALLINE;MAGNESIUM STEARATE;LECITHIN, SOYBEAN;HYPROMELLOSE 2910 (3 MPA.S);POLYVINYL ALCOHOL, UNSPECIFIED;CROSPOVIDONE (120 .MU.M);",HRX,,,,2020-02-10 16:14:08,0074-6122,0,,746122,74,6122,Tricor,completed,20191018,572e8ea2-e961-7b2e-5fcb-9168f6dc2472.xml,,C42998,34391-3,,,LABELER,AbbVie Inc.,C73594,NLM,TRUE,,1507,,,TRUE,FALSE,FALSE,TRUE,TRUE
00074-6594-90_PART_1_OF_1_CHAL10_SB_AB1D55FA.jpg,00074-6594-90,6594,TRUE,FALSE,FALSE,fcn_mix_weight/dr_224/00074-6594-90_PART_1_OF_1_CHAL10_SB_AB1D55FA.jpg,00074-6594-90_AB1D55FA,20585,TRUE,10/17/2017 05:30:49 PM,2020-02-10 17:09:49,1e11ad30-1041-4520-10b0-8f9d30d30fcc-0074-6594-0,1e11ad30-1041-4520-10b0-8f9d30d30fcc,7,,C48348,ROUND,,2,,SYNTHROID;88,,C48329,GREEN,,LEVOTHYROXINE SODIUM 88 ug;,LEVOTHYROXINE SODIUM[LEVOTHYROXINE];,"ACACIA;LACTOSE MONOHYDRATE;MAGNESIUM STEARATE;TALC;FD&C BLUE NO. 1;FD&C YELLOW NO. 6;D&C YELLOW NO. 10;SUCROSE;POVIDONE, UNSPECIFIED;",HRX,,,,2020-02-10 15:57:47,0074-6594,0,,746594,74,6594,Synthroid,completed,20200722,db21fc0c-4a2d-9922-39bd-8128e429bebc.xml,,C42998,34391-3,,,LABELER,AbbVie Inc.,C73594,NLM,TRUE,,1529,,,TRUE,FALSE,FALSE,TRUE,TRUE
00074-6594-90_PART_1_OF_1_CHAL10_SF_AB1D55FA.jpg,00074-6594-90,6594,TRUE,TRUE,FALSE,fcn_mix_weight/dr_224/00074-6594-90_PART_1_OF_1_CHAL10_SF_AB1D55FA.jpg,00074-6594-90_AB1D55FA,20585,TRUE,10/17/2017 05:30:49 PM,2020-02-10 17:09:49,1e11ad30-1041-4520-10b0-8f9d30d30fcc-0074-6594-0,1e11ad30-1041-4520-10b0-8f9d30d30fcc,7,,C48348,ROUND,,2,,SYNTHROID;88,,C48329,GREEN,,LEVOTHYROXINE SODIUM 88 ug;,LEVOTHYROXINE SODIUM[LEVOTHYROXINE];,"ACACIA;LACTOSE MONOHYDRATE;MAGNESIUM STEARATE;TALC;FD&C BLUE NO. 1;FD&C YELLOW NO. 6;D&C YELLOW NO. 10;SUCROSE;POVIDONE, UNSPECIFIED;",HRX,,,,2020-02-10 15:57:47,0074-6594,0,,746594,74,6594,Synthroid,completed,20200722,db21fc0c-4a2d-9922-39bd-8128e429bebc.xml,,C42998,34391-3,,,LABELER,AbbVie Inc.,C73594,NLM,TRUE,,1529,,,TRUE,FALSE,FALSE,TRUE,TRUE
00074-7068-19_PART_1_OF_1_CHAL10_SB_A31D51AA.jpg,00074-7068-19,7068,TRUE,FALSE,FALSE,fcn_mix_weight/dr_224/00074-7068-19_PART_1_OF_1_CHAL10_SB_A31D51AA.jpg,00074-7068-19_A31D51AA,20154,TRUE,10/17/2017 05:30:47 PM,2020-02-10 17:10:20,1e11ad30-1041-4520-10b0-8f9d30d30fcc-0074-7068-0,1e11ad30-1041-4520-10b0-8f9d30d30fcc,7,,C48348,ROUND,,2,,SYNTHROID;125,,C48332,BROWN,,LEVOTHYROXINE SODIUM 125 ug;,LEVOTHYROXINE SODIUM[LEVOTHYROXINE];,"ACACIA;LACTOSE MONOHYDRATE;MAGNESIUM STEARATE;TALC;FD&C YELLOW NO. 6;FD&C RED NO. 40;FD&C BLUE NO. 1;SUCROSE;POVIDONE, UNSPECIFIED;",HRX,,,,2020-02-10 16:00:46,0074-7068,0,,747068,74,7068,Synthroid,completed,20200722,db21fc0c-4a2d-9922-39bd-8128e429bebc.xml,,C42998,34391-3,,,LABELER,AbbVie Inc.,C73594,NLM,TRUE,,1529,,,TRUE,FALSE,FALSE,TRUE,TRUE
00074-7068-19_PART_1_OF_1_CHAL10_SF_A31D51AA.jpg,00074-7068-19,7068,TRUE,TRUE,FALSE,fcn_mix_weight/dr_224/00074-7068-19_PART_1_OF_1_CHAL10_SF_A31D51AA.jpg,00074-7068-19_A31D51AA,20154,TRUE,10/17/2017 05:30:47 PM,2020-02-10 17:10:20,1e11ad30-1041-4520-10b0-8f9d30d30fcc-0074-7068-0,1e11ad30-1041-4520-10b0-8f9d30d30fcc,7,,C48348,ROUND,,2,,SYNTHROID;125,,C48332,BROWN,,LEVOTHYROXINE SODIUM 125 ug;,LEVOTHYROXINE SODIUM[LEVOTHYROXINE];,"ACACIA;LACTOSE MONOHYDRATE;MAGNESIUM STEARATE;TALC;FD&C YELLOW NO. 6;FD&C RED NO. 40;FD&C BLUE NO. 1;SUCROSE;POVIDONE, UNSPECIFIED;",HRX,,,,2020-02-10 16:00:46,0074-7068,0,,747068,74,7068,Synthroid,completed,20200722,db21fc0c-4a2d-9922-39bd-8128e429bebc.xml,,C42998,34391-3,,,LABELER,AbbVie Inc.,C73594,NLM,TRUE,,1529,,,TRUE,FALSE,FALSE,TRUE,TRUE
00074-7070-90_PART_1_OF_1_CHAL10_SB_991D4CFA.jpg,00074-7070-90,7070,TRUE,FALSE,FALSE,fcn_mix_weight/dr_224/00074-7070-90_PART_1_OF_1_CHAL10_SB_991D4CFA.jpg,00074-7070-90_991D4CFA,2417,TRUE,10/17/2017 05:29:30 PM,2020-02-10 17:16:30,1e11ad30-1041-4520-10b0-8f9d30d30fcc-0074-7070-0,1e11ad30-1041-4520-10b0-8f9d30d30fcc,7,,C48348,ROUND,,2,,SYNTHROID;175,,C48327,PURPLE,,LEVOTHYROXINE SODIUM 175 ug;,LEVOTHYROXINE SODIUM[LEVOTHYROXINE];,"ACACIA;LACTOSE MONOHYDRATE;MAGNESIUM STEARATE;TALC;FD&C BLUE NO. 1;D&C RED NO. 27;D&C RED NO. 30;SUCROSE;POVIDONE, UNSPECIFIED;",HRX,,,,2020-02-10 16:33:53,0074-7070,0,,747070,74,7070,Synthroid,completed,20200722,db21fc0c-4a2d-9922-39bd-8128e429bebc.xml,,C42998,34391-3,,,LABELER,AbbVie Inc.,C73594,NLM,TRUE,,1529,,,TRUE,FALSE,FALSE,TRUE,TRUE
00074-7070-90_PART_1_OF_1_CHAL10_SF_991D4CFA.jpg,00074-7070-90,7070,TRUE,TRUE,FALSE,fcn_mix_weight/dr_224/00074-7070-90_PART_1_OF_1_CHAL10_SF_991D4CFA.jpg,00074-7070-90_991D4CFA,2417,TRUE,10/17/2017 05:29:30 PM,2020-02-10 17:16:30,1e11ad30-1041-4520-10b0-8f9d30d30fcc-0074-7070-0,1e11ad30-1041-4520-10b0-8f9d30d30fcc,7,,C48348,ROUND,,2,,SYNTHROID;175,,C48327,PURPLE,,LEVOTHYROXINE SODIUM 175 ug;,LEVOTHYROXINE SODIUM[LEVOTHYROXINE];,"ACACIA;LACTOSE MONOHYDRATE;MAGNESIUM STEARATE;TALC;FD&C BLUE NO. 1;D&C RED NO. 27;D&C RED NO. 30;SUCROSE;POVIDONE, UNSPECIFIED;",HRX,,,,2020-02-10 16:33:53,0074-7070,0,,747070,74,7070,Synthroid,completed,20200722,db21fc0c-4a2d-9922-39bd-8128e429bebc.xml,,C42998,34391-3,,,LABELER,AbbVie Inc.,C73594,NLM,TRUE,,1529,,,TRUE,FALSE,FALSE,TRUE,TRUE
00074-7149-90_PART_1_OF_1_CHAL10_SB_931D49FA.jpg,00074-7149-90,7149,TRUE,FALSE,FALSE,fcn_mix_weight/dr_224/00074-7149-90_PART_1_OF_1_CHAL10_SB_931D49FA.jpg,00074-7149-90_931D49FA,3309,TRUE,10/17/2017 05:29:35 PM,2020-02-10 17:08:48,1e11ad30-1041-4520-10b0-8f9d30d30fcc-0074-7149-0,1e11ad30-1041-4520-10b0-8f9d30d30fcc,7,,C48348,ROUND,,2,,SYNTHROID;300,,C48329,GREEN,,LEVOTHYROXINE SODIUM 300 ug;,LEVOTHYROXINE SODIUM[LEVOTHYROXINE];,"ACACIA;LACTOSE MONOHYDRATE;MAGNESIUM STEARATE;TALC;D&C YELLOW NO. 10;FD&C YELLOW NO. 6;FD&C BLUE NO. 1;SUCROSE;POVIDONE, UNSPECIFIED;",HRX,SBD,levothyroxine sodium 0.3 MG Oral Tablet [Synthroid],966218,2020-02-10 15:52:09,0074-7149,0,,747149,74,7149,Synthroid,active,20200722,db21fc0c-4a2d-9922-39bd-8128e429bebc.xml,,C42998,34391-3,,,LABELER,AbbVie Inc.,C73594,NLM,TRUE,,1529,,,TRUE,FALSE,FALSE,TRUE,TRUE
00074-7149-90_PART_1_OF_1_CHAL10_SF_931D49FA.jpg,00074-7149-90,7149,TRUE,TRUE,FALSE,fcn_mix_weight/dr_224/00074-7149-90_PART_1_OF_1_CHAL10_SF_931D49FA.jpg,00074-7149-90_931D49FA,3309,TRUE,10/17/2017 05:29:35 PM,2020-02-10 17:08:48,1e11ad30-1041-4520-10b0-8f9d30d30fcc-0074-7149-0,1e11ad30-1041-4520-10b0-8f9d30d30fcc,7,,C48348,ROUND,,2,,SYNTHROID;300,,C48329,GREEN,,LEVOTHYROXINE SODIUM 300 ug;,LEVOTHYROXINE SODIUM[LEVOTHYROXINE];,"ACACIA;LACTOSE MONOHYDRATE;MAGNESIUM STEARATE;TALC;D&C YELLOW NO. 10;FD&C YELLOW NO. 6;FD&C BLUE NO. 1;SUCROSE;POVIDONE, UNSPECIFIED;",HRX,SBD,levothyroxine sodium 0.3 MG Oral Tablet [Synthroid],966218,2020-02-10 15:52:09,0074-7149,0,,747149,74,7149,Synthroid,active,20200722,db21fc0c-4a2d-9922-39bd-8128e429bebc.xml,,C42998,34391-3,,,LABELER,AbbVie Inc.,C73594,NLM,TRUE,,1529,,,TRUE,FALSE,FALSE,TRUE,TRUE
00074-9296-90_PART_1_OF_1_CHAL10_SB_A51D52FA.jpg,00074-9296-90,9296,TRUE,FALSE,FALSE,fcn_mix_weight/dr_224/00074-9296-90_PART_1_OF_1_CHAL10_SB_A51D52FA.jpg,00074-9296-90_A51D52FA,46167,TRUE,10/17/2017 05:32:43 PM,2020-02-10 17:00:20,1e11ad30-1041-4520-10b0-8f9d30d30fcc-0074-9296-0,1e11ad30-1041-4520-10b0-8f9d30d30fcc,7,,C48348,ROUND,,2,,SYNTHROID;112,,C48326,RED,,LEVOTHYROXINE SODIUM 112 ug;,LEVOTHYROXINE SODIUM[LEVOTHYROXINE];,"ACACIA;LACTOSE MONOHYDRATE;MAGNESIUM STEARATE;TALC;D&C RED NO. 27;D&C RED NO. 30;SUCROSE;POVIDONE, UNSPECIFIED;",HRX,,,,2020-02-10 15:10:56,0074-9296,0,,749296,74,9296,Synthroid,completed,20200722,db21fc0c-4a2d-9922-39bd-8128e429bebc.xml,,C42998,34391-3,,,LABELER,AbbVie Inc.,C73594,NLM,TRUE,,1529,,,TRUE,FALSE,FALSE,TRUE,TRUE
00074-9296-90_PART_1_OF_1_CHAL10_SF_A51D52FA.jpg,00074-9296-90,9296,TRUE,TRUE,FALSE,fcn_mix_weight/dr_224/00074-9296-90_PART_1_OF_1_CHAL10_SF_A51D52FA.jpg,00074-9296-90_A51D52FA,46167,TRUE,10/17/2017 05:32:43 PM,2020-02-10 17:00:20,1e11ad30-1041-4520-10b0-8f9d30d30fcc-0074-9296-0,1e11ad30-1041-4520-10b0-8f9d30d30fcc,7,,C48348,ROUND,,2,,SYNTHROID;112,,C48326,RED,,LEVOTHYROXINE SODIUM 112 ug;,LEVOTHYROXINE SODIUM[LEVOTHYROXINE];,"ACACIA;LACTOSE MONOHYDRATE;MAGNESIUM STEARATE;TALC;D&C RED NO. 27;D&C RED NO. 30;SUCROSE;POVIDONE, UNSPECIFIED;",HRX,,,,2020-02-10 15:10:56,0074-9296,0,,749296,74,9296,Synthroid,completed,20200722,db21fc0c-4a2d-9922-39bd-8128e429bebc.xml,,C42998,34391-3,,,LABELER,AbbVie Inc.,C73594,NLM,TRUE,,1529,,,TRUE,FALSE,FALSE,TRUE,TRUE
00075-7700-60_PART_1_OF_1_CHAL10_SB_E51C72E3.jpg,00075-7700-60,7700,TRUE,FALSE,FALSE,fcn_mix_weight/dr_224/00075-7700-60_PART_1_OF_1_CHAL10_SB_E51C72E3.jpg,00075-7700-60_E51C72E3,19227,TRUE,10/17/2017 05:30:43 PM,2020-02-10 17:03:33,e49d207d-8e32-4183-94ba-cd264f124090-0075-7700-0,e49d207d-8e32-4183-94ba-cd264f124090,10,,C48345,OVAL,,1,,RPR;202,,C48325,WHITE,,riluzole 50 mg;,riluzole[riluzole];,"calcium phosphate, dibasic, anhydrous;cellulose, microcrystalline;silicon dioxide;magnesium stearate;croscarmellose sodium;hypromelloses;polyethylene glycol 6000;titanium dioxide;",HRX,,,,2020-02-10 15:26:06,0075-7700,0,,757700,75,7700,Rilutek,active,20121120,3d0700b2-3cee-4276-8228-dbf608fb2612.xml,,C42931,34391-3,,,LABELER,sanofi-aventis U.S. LLC,C73594,NLM,TRUE,,7,,,TRUE,FALSE,FALSE,TRUE,TRUE
00075-7700-60_PART_1_OF_1_CHAL10_SF_E51C72E3.jpg,00075-7700-60,7700,TRUE,TRUE,FALSE,fcn_mix_weight/dr_224/00075-7700-60_PART_1_OF_1_CHAL10_SF_E51C72E3.jpg,00075-7700-60_E51C72E3,19227,TRUE,10/17/2017 05:30:43 PM,2020-02-10 17:03:33,e49d207d-8e32-4183-94ba-cd264f124090-0075-7700-0,e49d207d-8e32-4183-94ba-cd264f124090,10,,C48345,OVAL,,1,,RPR;202,,C48325,WHITE,,riluzole 50 mg;,riluzole[riluzole];,"calcium phosphate, dibasic, anhydrous;cellulose, microcrystalline;silicon dioxide;magnesium stearate;croscarmellose sodium;hypromelloses;polyethylene glycol 6000;titanium dioxide;",HRX,,,,2020-02-10 15:26:06,0075-7700,0,,757700,75,7700,Rilutek,active,20121120,3d0700b2-3cee-4276-8228-dbf608fb2612.xml,,C42931,34391-3,,,LABELER,sanofi-aventis U.S. LLC,C73594,NLM,TRUE,,7,,,TRUE,FALSE,FALSE,TRUE,TRUE
00078-0358-34_PART_1_OF_1_CHAL10_SB_EA15750B.jpg,00078-0358-34,358,TRUE,FALSE,FALSE,fcn_mix_weight/dr_224/00078-0358-34_PART_1_OF_1_CHAL10_SB_EA15750B.jpg,00078-0358-34_EA15750B,5247,TRUE,10/17/2017 05:29:44 PM,2020-02-10 17:15:15,5ddba454-f3e6-43c2-a7a6-58365d297213-0078-0358-0,5ddba454-f3e6-43c2-a7a6-58365d297213,10,,C48345,OVAL,TEAR,1,,NVR;DV,,C48326,RED,,VALSARTAN 80 mg;,VALSARTAN[VALSARTAN];,"SILICON DIOXIDE;CROSPOVIDONE;HYPROMELLOSES;FERRIC OXIDE RED;MAGNESIUM STEARATE;CELLULOSE, MICROCRYSTALLINE;POLYETHYLENE GLYCOL 8000;TITANIUM DIOXIDE;FERROSOFERRIC OXIDE;",HRX,SBD,valsartan 80 MG Oral Tablet [Diovan],351761,2020-02-10 15:52:28,0078-0358,0,,780358,78,358,Diovan,active,20200826,b26a0881-5b24-49d9-ae66-2573b9f8bc6c.xml,,C42998,34391-3,,,LABELER,Novartis Pharmaceuticals Corporation,C73594,NLM,TRUE,,21,,,TRUE,FALSE,FALSE,TRUE,TRUE
00078-0358-34_PART_1_OF_1_CHAL10_SF_EA15750B.jpg,00078-0358-34,358,TRUE,TRUE,FALSE,fcn_mix_weight/dr_224/00078-0358-34_PART_1_OF_1_CHAL10_SF_EA15750B.jpg,00078-0358-34_EA15750B,5247,TRUE,10/17/2017 05:29:44 PM,2020-02-10 17:15:15,5ddba454-f3e6-43c2-a7a6-58365d297213-0078-0358-0,5ddba454-f3e6-43c2-a7a6-58365d297213,10,,C48345,OVAL,TEAR,1,,NVR;DV,,C48326,RED,,VALSARTAN 80 mg;,VALSARTAN[VALSARTAN];,"SILICON DIOXIDE;CROSPOVIDONE;HYPROMELLOSES;FERRIC OXIDE RED;MAGNESIUM STEARATE;CELLULOSE, MICROCRYSTALLINE;POLYETHYLENE GLYCOL 8000;TITANIUM DIOXIDE;FERROSOFERRIC OXIDE;",HRX,SBD,valsartan 80 MG Oral Tablet [Diovan],351761,2020-02-10 15:52:28,0078-0358,0,,780358,78,358,Diovan,active,20200826,b26a0881-5b24-49d9-ae66-2573b9f8bc6c.xml,,C42998,34391-3,,,LABELER,Novartis Pharmaceuticals Corporation,C73594,NLM,TRUE,,21,,,TRUE,FALSE,FALSE,TRUE,TRUE
00078-0359-34_PART_1_OF_1_CHAL10_SB_EC15765B.jpg,00078-0359-34,359,TRUE,FALSE,FALSE,fcn_mix_weight/dr_224/00078-0359-34_PART_1_OF_1_CHAL10_SB_EC15765B.jpg,00078-0359-34_EC15765B,36315,TRUE,10/17/2017 05:31:58 PM,2020-02-10 17:09:51,5ddba454-f3e6-43c2-a7a6-58365d297213-0078-0359-0,5ddba454-f3e6-43c2-a7a6-58365d297213,13,,C48345,OVAL,TEAR,1,,NVR;DX,,C48324;C48331,GRAY;ORANGE,,VALSARTAN 160 mg;,VALSARTAN[VALSARTAN];,"SILICON DIOXIDE;CROSPOVIDONE;HYPROMELLOSES;FERRIC OXIDE RED;MAGNESIUM STEARATE;CELLULOSE, MICROCRYSTALLINE;POLYETHYLENE GLYCOL 8000;TITANIUM DIOXIDE;FERRIC OXIDE YELLOW;FERROSOFERRIC OXIDE;",HRX,SBD,valsartan 160 MG Oral Tablet [Diovan],351762,2020-02-10 15:57:59,0078-0359,0,,780359,78,359,Diovan,active,20200826,b26a0881-5b24-49d9-ae66-2573b9f8bc6c.xml,,C42998,34391-3,,,LABELER,Novartis Pharmaceuticals Corporation,C73594,NLM,TRUE,,21,,,TRUE,FALSE,FALSE,TRUE,TRUE
00078-0359-34_PART_1_OF_1_CHAL10_SF_EC15765B.jpg,00078-0359-34,359,TRUE,TRUE,FALSE,fcn_mix_weight/dr_224/00078-0359-34_PART_1_OF_1_CHAL10_SF_EC15765B.jpg,00078-0359-34_EC15765B,36315,TRUE,10/17/2017 05:31:58 PM,2020-02-10 17:09:51,5ddba454-f3e6-43c2-a7a6-58365d297213-0078-0359-0,5ddba454-f3e6-43c2-a7a6-58365d297213,13,,C48345,OVAL,TEAR,1,,NVR;DX,,C48324;C48331,GRAY;ORANGE,,VALSARTAN 160 mg;,VALSARTAN[VALSARTAN];,"SILICON DIOXIDE;CROSPOVIDONE;HYPROMELLOSES;FERRIC OXIDE RED;MAGNESIUM STEARATE;CELLULOSE, MICROCRYSTALLINE;POLYETHYLENE GLYCOL 8000;TITANIUM DIOXIDE;FERRIC OXIDE YELLOW;FERROSOFERRIC OXIDE;",HRX,SBD,valsartan 160 MG Oral Tablet [Diovan],351762,2020-02-10 15:57:59,0078-0359,0,,780359,78,359,Diovan,active,20200826,b26a0881-5b24-49d9-ae66-2573b9f8bc6c.xml,,C42998,34391-3,,,LABELER,Novartis Pharmaceuticals Corporation,C73594,NLM,TRUE,,21,,,TRUE,FALSE,FALSE,TRUE,TRUE
00078-0360-34_PART_1_OF_1_CHAL10_SB_F015780B.jpg,00078-0360-34,360,TRUE,FALSE,FALSE,fcn_mix_weight/dr_224/00078-0360-34_PART_1_OF_1_CHAL10_SB_F015780B.jpg,00078-0360-34_F015780B,32635,TRUE,10/17/2017 05:31:41 PM,2020-02-10 17:08:52,5ddba454-f3e6-43c2-a7a6-58365d297213-0078-0360-0,5ddba454-f3e6-43c2-a7a6-58365d297213,16,,C48345,OVAL,TEAR,1,,NVR;DXL,,C48324;C48327,GRAY;PURPLE,BROWN,VALSARTAN 320 mg;,VALSARTAN[VALSARTAN];,"SILICON DIOXIDE;CROSPOVIDONE;HYPROMELLOSES;FERRIC OXIDE RED;MAGNESIUM STEARATE;CELLULOSE, MICROCRYSTALLINE;POLYETHYLENE GLYCOL 8000;TITANIUM DIOXIDE;FERRIC OXIDE YELLOW;FERROSOFERRIC OXIDE;",HRX,SBD,valsartan 320 MG Oral Tablet [Diovan],352001,2020-02-10 15:52:28,0078-0360,0,,780360,78,360,Diovan,active,20200826,b26a0881-5b24-49d9-ae66-2573b9f8bc6c.xml,,C42998,34391-3,,,LABELER,Novartis Pharmaceuticals Corporation,C73594,NLM,TRUE,,21,,,TRUE,FALSE,FALSE,TRUE,TRUE
00078-0360-34_PART_1_OF_1_CHAL10_SF_F015780B.jpg,00078-0360-34,360,TRUE,TRUE,FALSE,fcn_mix_weight/dr_224/00078-0360-34_PART_1_OF_1_CHAL10_SF_F015780B.jpg,00078-0360-34_F015780B,32635,TRUE,10/17/2017 05:31:41 PM,2020-02-10 17:08:52,5ddba454-f3e6-43c2-a7a6-58365d297213-0078-0360-0,5ddba454-f3e6-43c2-a7a6-58365d297213,16,,C48345,OVAL,TEAR,1,,NVR;DXL,,C48324;C48327,GRAY;PURPLE,BROWN,VALSARTAN 320 mg;,VALSARTAN[VALSARTAN];,"SILICON DIOXIDE;CROSPOVIDONE;HYPROMELLOSES;FERRIC OXIDE RED;MAGNESIUM STEARATE;CELLULOSE, MICROCRYSTALLINE;POLYETHYLENE GLYCOL 8000;TITANIUM DIOXIDE;FERRIC OXIDE YELLOW;FERROSOFERRIC OXIDE;",HRX,SBD,valsartan 320 MG Oral Tablet [Diovan],352001,2020-02-10 15:52:28,0078-0360,0,,780360,78,360,Diovan,active,20200826,b26a0881-5b24-49d9-ae66-2573b9f8bc6c.xml,,C42998,34391-3,,,LABELER,Novartis Pharmaceuticals Corporation,C73594,NLM,TRUE,,21,,,TRUE,FALSE,FALSE,TRUE,TRUE
00078-0486-15_PART_1_OF_1_CHAL10_SB_E61D736B.jpg,00078-0486-15,486,TRUE,FALSE,FALSE,fcn_mix_weight/dr_224/00078-0486-15_PART_1_OF_1_CHAL10_SB_E61D736B.jpg,00078-0486-15_E61D736B,7201,TRUE,10/17/2017 05:29:52 PM,2020-02-10 17:06:00,833c7a0b-5f64-4363-94d5-9a179049113a-0078-0486-0,833c7a0b-5f64-4363-94d5-9a179049113a,18,,C48345,OVAL,,1,,NVR;IU,,C48326,RED,,ALISKIREN HEMIFUMARATE 300 mg;,ALISKIREN HEMIFUMARATE[ALISKIREN];,"SILICON DIOXIDE;CROSPOVIDONE;HYPROMELLOSES;FERRIC OXIDE RED;MAGNESIUM STEARATE;CELLULOSE, MICROCRYSTALLINE;POLYETHYLENE GLYCOLS;TALC;TITANIUM DIOXIDE;FERROSOFERRIC OXIDE;",HRX,,,,2020-02-10 15:37:22,0078-0486,0,,780486,78,486,Tekturna,active,20151222,7728a56e-1ef0-48cd-bef7-ff51198e4e63.xml,,C42931,34391-3,,,LABELER,Novartis Pharmaceuticals Corporation,C73594,NLM,TRUE,,21,,,TRUE,FALSE,FALSE,TRUE,TRUE
00078-0486-15_PART_1_OF_1_CHAL10_SF_E61D736B.jpg,00078-0486-15,486,TRUE,TRUE,FALSE,fcn_mix_weight/dr_224/00078-0486-15_PART_1_OF_1_CHAL10_SF_E61D736B.jpg,00078-0486-15_E61D736B,7201,TRUE,10/17/2017 05:29:52 PM,2020-02-10 17:06:00,833c7a0b-5f64-4363-94d5-9a179049113a-0078-0486-0,833c7a0b-5f64-4363-94d5-9a179049113a,18,,C48345,OVAL,,1,,NVR;IU,,C48326,RED,,ALISKIREN HEMIFUMARATE 300 mg;,ALISKIREN HEMIFUMARATE[ALISKIREN];,"SILICON DIOXIDE;CROSPOVIDONE;HYPROMELLOSES;FERRIC OXIDE RED;MAGNESIUM STEARATE;CELLULOSE, MICROCRYSTALLINE;POLYETHYLENE GLYCOLS;TALC;TITANIUM DIOXIDE;FERROSOFERRIC OXIDE;",HRX,,,,2020-02-10 15:37:22,0078-0486,0,,780486,78,486,Tekturna,active,20151222,7728a56e-1ef0-48cd-bef7-ff51198e4e63.xml,,C42931,34391-3,,,LABELER,Novartis Pharmaceuticals Corporation,C73594,NLM,TRUE,,21,,,TRUE,FALSE,FALSE,TRUE,TRUE
00078-0521-15_PART_1_OF_1_CHAL10_SB_E51D72AB.jpg,00078-0521-15,521,TRUE,FALSE,FALSE,fcn_mix_weight/dr_224/00078-0521-15_PART_1_OF_1_CHAL10_SB_E51D72AB.jpg,00078-0521-15_E51D72AB,28476,TRUE,10/17/2017 05:31:23 PM,2020-02-10 17:12:39,2d545c2f-29a4-432f-bea9-2aeda6592a62-0078-0521-0,2d545c2f-29a4-432f-bea9-2aeda6592a62,15,,C48345,OVAL,,1,,NVR;LCI,,C48325,WHITE,,ALISKIREN HEMIFUMARATE 150 mg;HYDROCHLOROTHIAZIDE 12.5 mg;,ALISKIREN HEMIFUMARATE[ALISKIREN];HYDROCHLOROTHIAZIDE[HYDROCHLOROTHIAZIDE];,"SILICON DIOXIDE;CROSPOVIDONE;HYPROMELLOSES;FERRIC OXIDE RED;LACTOSE;MAGNESIUM STEARATE;CELLULOSE, MICROCRYSTALLINE;POLYETHYLENE GLYCOLS;POVIDONE;TALC;TITANIUM DIOXIDE;STARCH, WHEAT;",HRX,,,,2020-02-10 16:13:49,0078-0521,0,,780521,78,521,Tekturna HCT,active,20151222,99caa324-90fc-4adc-a417-1fbfc82d3940.xml,,C42931,34391-3,,,LABELER,Novartis Pharmaceuticals Corporation,C73594,NLM,TRUE,,23,,,TRUE,FALSE,FALSE,TRUE,TRUE
00078-0521-15_PART_1_OF_1_CHAL10_SF_E51D72AB.jpg,00078-0521-15,521,TRUE,TRUE,FALSE,fcn_mix_weight/dr_224/00078-0521-15_PART_1_OF_1_CHAL10_SF_E51D72AB.jpg,00078-0521-15_E51D72AB,28476,TRUE,10/17/2017 05:31:23 PM,2020-02-10 17:12:39,2d545c2f-29a4-432f-bea9-2aeda6592a62-0078-0521-0,2d545c2f-29a4-432f-bea9-2aeda6592a62,15,,C48345,OVAL,,1,,NVR;LCI,,C48325,WHITE,,ALISKIREN HEMIFUMARATE 150 mg;HYDROCHLOROTHIAZIDE 12.5 mg;,ALISKIREN HEMIFUMARATE[ALISKIREN];HYDROCHLOROTHIAZIDE[HYDROCHLOROTHIAZIDE];,"SILICON DIOXIDE;CROSPOVIDONE;HYPROMELLOSES;FERRIC OXIDE RED;LACTOSE;MAGNESIUM STEARATE;CELLULOSE, MICROCRYSTALLINE;POLYETHYLENE GLYCOLS;POVIDONE;TALC;TITANIUM DIOXIDE;STARCH, WHEAT;",HRX,,,,2020-02-10 16:13:49,0078-0521,0,,780521,78,521,Tekturna HCT,active,20151222,99caa324-90fc-4adc-a417-1fbfc82d3940.xml,,C42931,34391-3,,,LABELER,Novartis Pharmaceuticals Corporation,C73594,NLM,TRUE,,23,,,TRUE,FALSE,FALSE,TRUE,TRUE
00085-1322-01_PART_1_OF_1_CHAL10_SB_CF07E78F.jpg,00085-1322-01,1322,TRUE,FALSE,FALSE,fcn_mix_weight/dr_224/00085-1322-01_PART_1_OF_1_CHAL10_SB_CF07E78F.jpg,00085-1322-01_CF07E78F,10217,TRUE,10/17/2017 05:30:05 PM,2020-02-10 17:16:21,61a1562b-46c6-40ed-af02-305342e76e2f-0085-1322-0,61a1562b-46c6-40ed-af02-305342e76e2f,15,,C48345,OVAL,,1,,D12,,C48333;C48325,BLUE;WHITE,,desloratadine 2.5 mg;pseudoephedrine sulfate 120 mg;,desloratadine[desloratadine];pseudoephedrine sulfate[pseudoephedrine];,"hypromellose, unspecified;microcrystalline cellulose;povidone, unspecified;silicon dioxide;magnesium stearate;starch, corn;edetate disodium;anhydrous citric acid;stearic acid;FD&C Blue No. 2;aluminum oxide;",HRX,SBD,12 HR desloratadine 2.5 MG / pseudoephedrine sulfate 120 MG Extended Release Oral Tablet [Clarinex-D],1112250,2020-02-10 16:33:10,0085-1322,0,,851322,85,1322,CLARINEX-D 12 HOUR,active,20190315,b2168b53-275a-41d4-b81f-335bf12e2a2a.xml,,C42927,34391-3,,,LABELER,Merck Sharp & Dohme Corp.,C73594,NLM,TRUE,,13,,,TRUE,FALSE,FALSE,TRUE,TRUE
00085-1322-01_PART_1_OF_1_CHAL10_SF_CF07E78F.jpg,00085-1322-01,1322,TRUE,TRUE,FALSE,fcn_mix_weight/dr_224/00085-1322-01_PART_1_OF_1_CHAL10_SF_CF07E78F.jpg,00085-1322-01_CF07E78F,10217,TRUE,10/17/2017 05:30:05 PM,2020-02-10 17:16:21,61a1562b-46c6-40ed-af02-305342e76e2f-0085-1322-0,61a1562b-46c6-40ed-af02-305342e76e2f,15,,C48345,OVAL,,1,,D12,,C48333;C48325,BLUE;WHITE,,desloratadine 2.5 mg;pseudoephedrine sulfate 120 mg;,desloratadine[desloratadine];pseudoephedrine sulfate[pseudoephedrine];,"hypromellose, unspecified;microcrystalline cellulose;povidone, unspecified;silicon dioxide;magnesium stearate;starch, corn;edetate disodium;anhydrous citric acid;stearic acid;FD&C Blue No. 2;aluminum oxide;",HRX,SBD,12 HR desloratadine 2.5 MG / pseudoephedrine sulfate 120 MG Extended Release Oral Tablet [Clarinex-D],1112250,2020-02-10 16:33:10,0085-1322,0,,851322,85,1322,CLARINEX-D 12 HOUR,active,20190315,b2168b53-275a-41d4-b81f-335bf12e2a2a.xml,,C42927,34391-3,,,LABELER,Merck Sharp & Dohme Corp.,C73594,NLM,TRUE,,13,,,TRUE,FALSE,FALSE,TRUE,TRUE
00093-0011-98_PART_1_OF_1_CHAL10_SB_2829944C.jpg,00093-0011-98,11,TRUE,FALSE,FALSE,fcn_mix_weight/dr_224/00093-0011-98_PART_1_OF_1_CHAL10_SB_2829944C.jpg,00093-0011-98_2829944C,2449,TRUE,10/17/2017 05:29:31 PM,2020-02-10 17:12:07,b19238be-9962-478c-bd29-0f5f8d0abef3-0093-0011-0,b19238be-9962-478c-bd29-0f5f8d0abef3,8,,C48345,OVAL,,1,,93;11,,C48330,YELLOW,,PANTOPRAZOLE SODIUM 20 mg;,PANTOPRAZOLE SODIUM[PANTOPRAZOLE];,"CALCIUM CARBONATE;CALCIUM STEARATE;D&C YELLOW NO. 10;FD&C YELLOW NO. 6;HYPROMELLOSE 2910 (15 MPA.S);FERROSOFERRIC OXIDE;FERRIC OXIDE YELLOW;LACTOSE MONOHYDRATE;LOW-SUBSTITUTED HYDROXYPROPYL CELLULOSE, UNSPECIFIED;METHACRYLIC ACID - ETHYL ACRYLATE COPOLYMER (1:1) TYPE A;MICROCRYSTALLINE CELLULOSE;POLYETHYLENE GLYCOL 4000;PROPYLENE GLYCOL;SHELLAC;SODIUM CARBONATE;STEARIC ACID;TALC;TITANIUM DIOXIDE;TRIETHYL CITRATE;",HRX,SCD,pantoprazole 20 MG Delayed Release Oral Tablet,251872,2020-02-10 16:10:40,0093-0011,0,,930011,93,11,Pantoprazole Sodium,completed,20181101,ff6a1daa-6862-4ca8-b925-aac1dd214278.xml,,C42905,34391-3,,,LABELER,"Teva Pharmaceuticals USA, Inc.",C73584,NLM,TRUE,,16,,,TRUE,FALSE,FALSE,TRUE,TRUE
00093-0011-98_PART_1_OF_1_CHAL10_SF_2829944C.jpg,00093-0011-98,11,TRUE,TRUE,FALSE,fcn_mix_weight/dr_224/00093-0011-98_PART_1_OF_1_CHAL10_SF_2829944C.jpg,00093-0011-98_2829944C,2449,TRUE,10/17/2017 05:29:31 PM,2020-02-10 17:12:07,b19238be-9962-478c-bd29-0f5f8d0abef3-0093-0011-0,b19238be-9962-478c-bd29-0f5f8d0abef3,8,,C48345,OVAL,,1,,93;11,,C48330,YELLOW,,PANTOPRAZOLE SODIUM 20 mg;,PANTOPRAZOLE SODIUM[PANTOPRAZOLE];,"CALCIUM CARBONATE;CALCIUM STEARATE;D&C YELLOW NO. 10;FD&C YELLOW NO. 6;HYPROMELLOSE 2910 (15 MPA.S);FERROSOFERRIC OXIDE;FERRIC OXIDE YELLOW;LACTOSE MONOHYDRATE;LOW-SUBSTITUTED HYDROXYPROPYL CELLULOSE, UNSPECIFIED;METHACRYLIC ACID - ETHYL ACRYLATE COPOLYMER (1:1) TYPE A;MICROCRYSTALLINE CELLULOSE;POLYETHYLENE GLYCOL 4000;PROPYLENE GLYCOL;SHELLAC;SODIUM CARBONATE;STEARIC ACID;TALC;TITANIUM DIOXIDE;TRIETHYL CITRATE;",HRX,SCD,pantoprazole 20 MG Delayed Release Oral Tablet,251872,2020-02-10 16:10:40,0093-0011,0,,930011,93,11,Pantoprazole Sodium,completed,20181101,ff6a1daa-6862-4ca8-b925-aac1dd214278.xml,,C42905,34391-3,,,LABELER,"Teva Pharmaceuticals USA, Inc.",C73584,NLM,TRUE,,16,,,TRUE,FALSE,FALSE,TRUE,TRUE
00093-0012-98_PART_1_OF_1_CHAL10_SB_4D29A6AD.jpg,00093-0012-98,12,TRUE,FALSE,FALSE,fcn_mix_weight/dr_224/00093-0012-98_PART_1_OF_1_CHAL10_SB_4D29A6AD.jpg,00093-0012-98_4D29A6AD,26070,TRUE,10/17/2017 05:31:13 PM,2020-02-10 17:13:24,b19238be-9962-478c-bd29-0f5f8d0abef3-0093-0012-0,b19238be-9962-478c-bd29-0f5f8d0abef3,10,,C48345,OVAL,,1,,93;12,,C48330,YELLOW,,PANTOPRAZOLE SODIUM 40 mg;,PANTOPRAZOLE SODIUM[PANTOPRAZOLE];,"CALCIUM CARBONATE;CALCIUM STEARATE;D&C YELLOW NO. 10;FD&C YELLOW NO. 6;HYPROMELLOSE 2910 (15 MPA.S);FERROSOFERRIC OXIDE;FERRIC OXIDE YELLOW;LACTOSE MONOHYDRATE;LOW-SUBSTITUTED HYDROXYPROPYL CELLULOSE, UNSPECIFIED;METHACRYLIC ACID - ETHYL ACRYLATE COPOLYMER (1:1) TYPE A;MICROCRYSTALLINE CELLULOSE;POLYETHYLENE GLYCOL 4000;PROPYLENE GLYCOL;SHELLAC;SODIUM CARBONATE;STEARIC ACID;TALC;TITANIUM DIOXIDE;TRIETHYL CITRATE;",HRX,SCD,pantoprazole 40 MG Delayed Release Oral Tablet,314200,2020-02-10 16:17:34,0093-0012,0,,930012,93,12,Pantoprazole Sodium,completed,20181101,ff6a1daa-6862-4ca8-b925-aac1dd214278.xml,,C42905,34391-3,,,LABELER,"Teva Pharmaceuticals USA, Inc.",C73584,NLM,TRUE,,16,,,TRUE,FALSE,FALSE,TRUE,TRUE
00093-0012-98_PART_1_OF_1_CHAL10_SF_4D29A6AD.jpg,00093-0012-98,12,TRUE,TRUE,FALSE,fcn_mix_weight/dr_224/00093-0012-98_PART_1_OF_1_CHAL10_SF_4D29A6AD.jpg,00093-0012-98_4D29A6AD,26070,TRUE,10/17/2017 05:31:13 PM,2020-02-10 17:13:24,b19238be-9962-478c-bd29-0f5f8d0abef3-0093-0012-0,b19238be-9962-478c-bd29-0f5f8d0abef3,10,,C48345,OVAL,,1,,93;12,,C48330,YELLOW,,PANTOPRAZOLE SODIUM 40 mg;,PANTOPRAZOLE SODIUM[PANTOPRAZOLE];,"CALCIUM CARBONATE;CALCIUM STEARATE;D&C YELLOW NO. 10;FD&C YELLOW NO. 6;HYPROMELLOSE 2910 (15 MPA.S);FERROSOFERRIC OXIDE;FERRIC OXIDE YELLOW;LACTOSE MONOHYDRATE;LOW-SUBSTITUTED HYDROXYPROPYL CELLULOSE, UNSPECIFIED;METHACRYLIC ACID - ETHYL ACRYLATE COPOLYMER (1:1) TYPE A;MICROCRYSTALLINE CELLULOSE;POLYETHYLENE GLYCOL 4000;PROPYLENE GLYCOL;SHELLAC;SODIUM CARBONATE;STEARIC ACID;TALC;TITANIUM DIOXIDE;TRIETHYL CITRATE;",HRX,SCD,pantoprazole 40 MG Delayed Release Oral Tablet,314200,2020-02-10 16:17:34,0093-0012,0,,930012,93,12,Pantoprazole Sodium,completed,20181101,ff6a1daa-6862-4ca8-b925-aac1dd214278.xml,,C42905,34391-3,,,LABELER,"Teva Pharmaceuticals USA, Inc.",C73584,NLM,TRUE,,16,,,TRUE,FALSE,FALSE,TRUE,TRUE
00093-0017-01_PART_1_OF_1_CHAL10_SB_6629B33D.jpg,00093-0017-01,17,TRUE,FALSE,FALSE,fcn_mix_weight/dr_224/00093-0017-01_PART_1_OF_1_CHAL10_SB_6629B33D.jpg,00093-0017-01_6629B33D,21656,TRUE,10/17/2017 05:30:54 PM,2020-02-10 17:04:52,5d4078f3-b621-475f-a4e6-005de2e62b32-0093-0017-0,5d4078f3-b621-475f-a4e6-005de2e62b32,8,,C48345,OVAL,,2,,17,,C48328,PINK,,MOEXIPRIL HYDROCHLORIDE 7.5 mg;,MOEXIPRIL HYDROCHLORIDE[MOEXIPRILAT];,"CROSPOVIDONE (15 MPA.S AT 5%);LACTOSE MONOHYDRATE;MAGNESIUM STEARATE;STARCH, CORN;SODIUM BICARBONATE;HYPROMELLOSE 2910 (15 MPA.S);HYPROMELLOSE 2910 (3 MPA.S);FERRIC OXIDE RED;TITANIUM DIOXIDE;TRIACETIN;",HRX,SCD,moexipril hydrochloride 7.5 MG Oral Tablet,1299897,2020-02-10 15:32:09,0093-0017,0,,930017,93,17,Moexipril Hydrochloride,active,20150831,47bb5b1f-0ee0-469f-9fcc-fc3087b2e865.xml,,C42931,34391-3,,,LABELER,"Teva Pharmaceuticals USA, Inc.",C73584,NLM,TRUE,,10,,,TRUE,FALSE,FALSE,TRUE,TRUE
00093-0017-01_PART_1_OF_1_CHAL10_SF_6629B33D.jpg,00093-0017-01,17,TRUE,TRUE,FALSE,fcn_mix_weight/dr_224/00093-0017-01_PART_1_OF_1_CHAL10_SF_6629B33D.jpg,00093-0017-01_6629B33D,21656,TRUE,10/17/2017 05:30:54 PM,2020-02-10 17:04:52,5d4078f3-b621-475f-a4e6-005de2e62b32-0093-0017-0,5d4078f3-b621-475f-a4e6-005de2e62b32,8,,C48345,OVAL,,2,,17,,C48328,PINK,,MOEXIPRIL HYDROCHLORIDE 7.5 mg;,MOEXIPRIL HYDROCHLORIDE[MOEXIPRILAT];,"CROSPOVIDONE (15 MPA.S AT 5%);LACTOSE MONOHYDRATE;MAGNESIUM STEARATE;STARCH, CORN;SODIUM BICARBONATE;HYPROMELLOSE 2910 (15 MPA.S);HYPROMELLOSE 2910 (3 MPA.S);FERRIC OXIDE RED;TITANIUM DIOXIDE;TRIACETIN;",HRX,SCD,moexipril hydrochloride 7.5 MG Oral Tablet,1299897,2020-02-10 15:32:09,0093-0017,0,,930017,93,17,Moexipril Hydrochloride,active,20150831,47bb5b1f-0ee0-469f-9fcc-fc3087b2e865.xml,,C42931,34391-3,,,LABELER,"Teva Pharmaceuticals USA, Inc.",C73584,NLM,TRUE,,10,,,TRUE,FALSE,FALSE,TRUE,TRUE
00093-0041-65_PART_1_OF_1_CHAL10_SB_F7297BBB.jpg,00093-0041-65,41,TRUE,FALSE,FALSE,fcn_mix_weight/dr_224/00093-0041-65_PART_1_OF_1_CHAL10_SB_F7297BBB.jpg,00093-0041-65_F7297BBB,33227,TRUE,10/17/2017 05:31:44 PM,2020-02-10 17:08:27,b2f33ee6-0c57-45d9-b8fc-a8daf2a2185c-0093-0041-0,b2f33ee6-0c57-45d9-b8fc-a8daf2a2185c,8,,C48348,ROUND,,2,,93;41,,C48325,WHITE,,CLOMIPHENE CITRATE 50 mg;,CLOMIPHENE CITRATE[CLOMIPHENE];,"LACTOSE;CELLULOSE, MICROCRYSTALLINE;STARCH, CORN;SILICON DIOXIDE;MAGNESIUM STEARATE;SODIUM STARCH GLYCOLATE TYPE A POTATO;",HRX,SCD,clomiphene citrate 50 MG Oral Tablet,1093060,2020-02-10 15:50:19,0093-0041,0,,930041,93,41,ClomiPHENE Citrate,active,20120801,dba43208-815a-4159-8578-a3a0e70b804e.xml,,C42998,34391-3,,,LABELER,Teva Pharmaceuticals USA Inc,C73605,NLM,TRUE,,2,,,TRUE,FALSE,FALSE,TRUE,TRUE
00093-0041-65_PART_1_OF_1_CHAL10_SF_F7297BBB.jpg,00093-0041-65,41,TRUE,TRUE,FALSE,fcn_mix_weight/dr_224/00093-0041-65_PART_1_OF_1_CHAL10_SF_F7297BBB.jpg,00093-0041-65_F7297BBB,33227,TRUE,10/17/2017 05:31:44 PM,2020-02-10 17:08:27,b2f33ee6-0c57-45d9-b8fc-a8daf2a2185c-0093-0041-0,b2f33ee6-0c57-45d9-b8fc-a8daf2a2185c,8,,C48348,ROUND,,2,,93;41,,C48325,WHITE,,CLOMIPHENE CITRATE 50 mg;,CLOMIPHENE CITRATE[CLOMIPHENE];,"LACTOSE;CELLULOSE, MICROCRYSTALLINE;STARCH, CORN;SILICON DIOXIDE;MAGNESIUM STEARATE;SODIUM STARCH GLYCOLATE TYPE A POTATO;",HRX,SCD,clomiphene citrate 50 MG Oral Tablet,1093060,2020-02-10 15:50:19,0093-0041,0,,930041,93,41,ClomiPHENE Citrate,active,20120801,dba43208-815a-4159-8578-a3a0e70b804e.xml,,C42998,34391-3,,,LABELER,Teva Pharmaceuticals USA Inc,C73605,NLM,TRUE,,2,,,TRUE,FALSE,FALSE,TRUE,TRUE
00093-0051-01_PART_1_OF_1_CHAL10_SB_3E281F50.jpg,00093-0051-01,51,TRUE,FALSE,FALSE,fcn_mix_weight/dr_224/00093-0051-01_PART_1_OF_1_CHAL10_SB_3E281F50.jpg,00093-0051-01_3E281F50,41406,TRUE,10/17/2017 05:32:21 PM,2020-02-10 17:14:09,68c275e8-992a-4520-8065-ab6d615d89cc-0093-0051-0,68c275e8-992a-4520-8065-ab6d615d89cc,7,,C48345,OVAL,,1,,TV;51,,C48325,WHITE,,CARVEDILOL 3.125 mg;,CARVEDILOL[CARVEDILOL];,SILICON DIOXIDE;CROSPOVIDONE (15 MPA.S AT 5%);HYPROMELLOSE 2910 (3 MPA.S);HYPROMELLOSE 2910 (5 MPA.S);LACTOSE MONOHYDRATE;MAGNESIUM STEARATE;POLYETHYLENE GLYCOL 400;POLYSORBATE 80;POVIDONE K30;TITANIUM DIOXIDE;,HRX,SCD,carvedilol 3.125 MG Oral Tablet,686924,2020-02-10 16:22:00,0093-0051,0,,930051,93,51,Carvedilol,active,20170930,a369c0d5-8f93-4b0d-a5a0-8125af1309f7.xml,,C42931,34391-3,,,LABELER,"Teva Pharmaceuticals USA, Inc.",C73584,NLM,TRUE,,15,,,TRUE,FALSE,FALSE,TRUE,TRUE
00093-0051-01_PART_1_OF_1_CHAL10_SB_A022D026.jpg,00093-0051-01,51,TRUE,FALSE,FALSE,fcn_mix_weight/dr_224/00093-0051-01_PART_1_OF_1_CHAL10_SB_A022D026.jpg,00093-0051-01_A022D026,41406,TRUE,10/17/2017 05:32:21 PM,2020-02-10 17:14:09,68c275e8-992a-4520-8065-ab6d615d89cc-0093-0051-0,68c275e8-992a-4520-8065-ab6d615d89cc,7,,C48345,OVAL,,1,,TV;51,,C48325,WHITE,,CARVEDILOL 3.125 mg;,CARVEDILOL[CARVEDILOL];,SILICON DIOXIDE;CROSPOVIDONE (15 MPA.S AT 5%);HYPROMELLOSE 2910 (3 MPA.S);HYPROMELLOSE 2910 (5 MPA.S);LACTOSE MONOHYDRATE;MAGNESIUM STEARATE;POLYETHYLENE GLYCOL 400;POLYSORBATE 80;POVIDONE K30;TITANIUM DIOXIDE;,HRX,SCD,carvedilol 3.125 MG Oral Tablet,686924,2020-02-10 16:22:00,0093-0051,0,,930051,93,51,Carvedilol,active,20170930,a369c0d5-8f93-4b0d-a5a0-8125af1309f7.xml,,C42931,34391-3,,,LABELER,"Teva Pharmaceuticals USA, Inc.",C73584,NLM,TRUE,,15,,,TRUE,FALSE,FALSE,TRUE,TRUE
00093-0051-01_PART_1_OF_1_CHAL10_SF_3E281F50.jpg,00093-0051-01,51,TRUE,TRUE,FALSE,fcn_mix_weight/dr_224/00093-0051-01_PART_1_OF_1_CHAL10_SF_3E281F50.jpg,00093-0051-01_3E281F50,41406,TRUE,10/17/2017 05:32:21 PM,2020-02-10 17:14:09,68c275e8-992a-4520-8065-ab6d615d89cc-0093-0051-0,68c275e8-992a-4520-8065-ab6d615d89cc,7,,C48345,OVAL,,1,,TV;51,,C48325,WHITE,,CARVEDILOL 3.125 mg;,CARVEDILOL[CARVEDILOL];,SILICON DIOXIDE;CROSPOVIDONE (15 MPA.S AT 5%);HYPROMELLOSE 2910 (3 MPA.S);HYPROMELLOSE 2910 (5 MPA.S);LACTOSE MONOHYDRATE;MAGNESIUM STEARATE;POLYETHYLENE GLYCOL 400;POLYSORBATE 80;POVIDONE K30;TITANIUM DIOXIDE;,HRX,SCD,carvedilol 3.125 MG Oral Tablet,686924,2020-02-10 16:22:00,0093-0051,0,,930051,93,51,Carvedilol,active,20170930,a369c0d5-8f93-4b0d-a5a0-8125af1309f7.xml,,C42931,34391-3,,,LABELER,"Teva Pharmaceuticals USA, Inc.",C73584,NLM,TRUE,,15,,,TRUE,FALSE,FALSE,TRUE,TRUE
00093-0051-01_PART_1_OF_1_CHAL10_SF_A022D026.jpg,00093-0051-01,51,TRUE,TRUE,FALSE,fcn_mix_weight/dr_224/00093-0051-01_PART_1_OF_1_CHAL10_SF_A022D026.jpg,00093-0051-01_A022D026,41406,TRUE,10/17/2017 05:32:21 PM,2020-02-10 17:14:09,68c275e8-992a-4520-8065-ab6d615d89cc-0093-0051-0,68c275e8-992a-4520-8065-ab6d615d89cc,7,,C48345,OVAL,,1,,TV;51,,C48325,WHITE,,CARVEDILOL 3.125 mg;,CARVEDILOL[CARVEDILOL];,SILICON DIOXIDE;CROSPOVIDONE (15 MPA.S AT 5%);HYPROMELLOSE 2910 (3 MPA.S);HYPROMELLOSE 2910 (5 MPA.S);LACTOSE MONOHYDRATE;MAGNESIUM STEARATE;POLYETHYLENE GLYCOL 400;POLYSORBATE 80;POVIDONE K30;TITANIUM DIOXIDE;,HRX,SCD,carvedilol 3.125 MG Oral Tablet,686924,2020-02-10 16:22:00,0093-0051,0,,930051,93,51,Carvedilol,active,20170930,a369c0d5-8f93-4b0d-a5a0-8125af1309f7.xml,,C42931,34391-3,,,LABELER,"Teva Pharmaceuticals USA, Inc.",C73584,NLM,TRUE,,15,,,TRUE,FALSE,FALSE,TRUE,TRUE
00093-0054-01_PART_1_OF_1_CHAL10_SB_7226B965.jpg,00093-0054-01,54,TRUE,FALSE,FALSE,fcn_mix_weight/dr_224/00093-0054-01_PART_1_OF_1_CHAL10_SB_7226B965.jpg,00093-0054-01_7226B965,41026,TRUE,10/17/2017 05:32:19 PM,2020-02-10 17:08:36,6fac36b4-b223-479e-913f-f8c9cdb9e119-0093-0054-0,6fac36b4-b223-479e-913f-f8c9cdb9e119,8,,C48348,ROUND,,2,,TEVA;54,,C48325,WHITE,,BUSPIRONE HYDROCHLORIDE 10 mg;,BUSPIRONE HYDROCHLORIDE[BUSPIRONE];,"ANHYDROUS LACTOSE;SILICON DIOXIDE;MAGNESIUM STEARATE;CELLULOSE, MICROCRYSTALLINE;SODIUM STARCH GLYCOLATE TYPE A POTATO;",HRX,SCD,buspirone hydrochloride 10 MG Oral Tablet,866083,2020-02-10 15:51:07,0093-0054,0,,930054,93,54,Buspirone Hydrochloride,active,20161231,b1c66076-2620-4011-a0c0-10c88ef5651b.xml,,C42998,34391-3,,,LABELER,"Teva Pharmaceuticals USA, Inc.",C73584,NLM,TRUE,,17,,,TRUE,FALSE,FALSE,TRUE,TRUE
00093-0054-01_PART_1_OF_1_CHAL10_SF_7226B965.jpg,00093-0054-01,54,TRUE,TRUE,FALSE,fcn_mix_weight/dr_224/00093-0054-01_PART_1_OF_1_CHAL10_SF_7226B965.jpg,00093-0054-01_7226B965,41026,TRUE,10/17/2017 05:32:19 PM,2020-02-10 17:08:36,6fac36b4-b223-479e-913f-f8c9cdb9e119-0093-0054-0,6fac36b4-b223-479e-913f-f8c9cdb9e119,8,,C48348,ROUND,,2,,TEVA;54,,C48325,WHITE,,BUSPIRONE HYDROCHLORIDE 10 mg;,BUSPIRONE HYDROCHLORIDE[BUSPIRONE];,"ANHYDROUS LACTOSE;SILICON DIOXIDE;MAGNESIUM STEARATE;CELLULOSE, MICROCRYSTALLINE;SODIUM STARCH GLYCOLATE TYPE A POTATO;",HRX,SCD,buspirone hydrochloride 10 MG Oral Tablet,866083,2020-02-10 15:51:07,0093-0054,0,,930054,93,54,Buspirone Hydrochloride,active,20161231,b1c66076-2620-4011-a0c0-10c88ef5651b.xml,,C42998,34391-3,,,LABELER,"Teva Pharmaceuticals USA, Inc.",C73584,NLM,TRUE,,17,,,TRUE,FALSE,FALSE,TRUE,TRUE
00093-0083-98_PART_1_OF_1_CHAL10_SB_3B299DDC.jpg,00093-0083-98,83,TRUE,FALSE,FALSE,fcn_mix_weight/dr_224/00093-0083-98_PART_1_OF_1_CHAL10_SB_3B299DDC.jpg,00093-0083-98_3B299DDC,41912,TRUE,10/17/2017 05:32:23 PM,10/17/2017 05:32:23 PM,c1ecc118-b372-40c6-819e-56092cafe595-0093-0083-0,c1ecc118-b372-40c6-819e-56092cafe595,7,,C48348,ROUND,,1,,93;83,,C48325,WHITE,,AMLODIPINE BESYLATE 2.5 mg;,AMLODIPINE BESYLATE[AMLODIPINE];,"CALCIUM PHOSPHATE, DIBASIC, ANHYDROUS;MAGNESIUM STEARATE;CELLULOSE, MICROCRYSTALLINE;SODIUM STARCH GLYCOLATE TYPE A POTATO;",HRX,,Amlodipine 2.5 MG Oral Tablet,308136,,0093-0083,0,,930083,93,83,Amlodipine Besylate,active,20150605,e7ebc8ec-4d71-4408-83e2-a60e365c5aa3.xml,,C42998,34391-3,,,LABELER,Teva Pharmaceuticals USA Inc,C73584,NLM,TRUE,,10,,,FALSE,TRUE,FALSE,TRUE,TRUE
00093-0083-98_PART_1_OF_1_CHAL10_SF_3B299DDC.jpg,00093-0083-98,83,TRUE,TRUE,FALSE,fcn_mix_weight/dr_224/00093-0083-98_PART_1_OF_1_CHAL10_SF_3B299DDC.jpg,00093-0083-98_3B299DDC,41912,TRUE,10/17/2017 05:32:23 PM,10/17/2017 05:32:23 PM,c1ecc118-b372-40c6-819e-56092cafe595-0093-0083-0,c1ecc118-b372-40c6-819e-56092cafe595,7,,C48348,ROUND,,1,,93;83,,C48325,WHITE,,AMLODIPINE BESYLATE 2.5 mg;,AMLODIPINE BESYLATE[AMLODIPINE];,"CALCIUM PHOSPHATE, DIBASIC, ANHYDROUS;MAGNESIUM STEARATE;CELLULOSE, MICROCRYSTALLINE;SODIUM STARCH GLYCOLATE TYPE A POTATO;",HRX,,Amlodipine 2.5 MG Oral Tablet,308136,,0093-0083,0,,930083,93,83,Amlodipine Besylate,active,20150605,e7ebc8ec-4d71-4408-83e2-a60e365c5aa3.xml,,C42998,34391-3,,,LABELER,Teva Pharmaceuticals USA Inc,C73584,NLM,TRUE,,10,,,FALSE,TRUE,FALSE,TRUE,TRUE
00093-0135-01_PART_1_OF_1_CHAL10_SB_39281CE0.jpg,00093-0135-01,135,TRUE,FALSE,FALSE,fcn_mix_weight/dr_224/00093-0135-01_PART_1_OF_1_CHAL10_SB_39281CE0.jpg,00093-0135-01_39281CE0,6094,TRUE,10/17/2017 05:29:47 PM,2020-02-10 17:08:36,68c275e8-992a-4520-8065-ab6d615d89cc-0093-0135-0,68c275e8-992a-4520-8065-ab6d615d89cc,9,,C48345,OVAL,,1,,TV;135,,C48325,WHITE,,CARVEDILOL 6.25 mg;,CARVEDILOL[CARVEDILOL];,SILICON DIOXIDE;CROSPOVIDONE (15 MPA.S AT 5%);HYPROMELLOSE 2910 (3 MPA.S);HYPROMELLOSE 2910 (5 MPA.S);LACTOSE MONOHYDRATE;MAGNESIUM STEARATE;POLYETHYLENE GLYCOL 400;POLYSORBATE 80;POVIDONE K30;TITANIUM DIOXIDE;,HRX,SCD,carvedilol 6.25 MG Oral Tablet,200031,2020-02-10 15:51:05,0093-0135,0,,930135,93,135,Carvedilol,active,20170930,a369c0d5-8f93-4b0d-a5a0-8125af1309f7.xml,,C42931,34391-3,,,LABELER,"Teva Pharmaceuticals USA, Inc.",C73584,NLM,TRUE,,15,,,TRUE,FALSE,FALSE,TRUE,TRUE
00093-0135-01_PART_1_OF_1_CHAL10_SB_D32169FB.jpg,00093-0135-01,135,TRUE,FALSE,FALSE,fcn_mix_weight/dr_224/00093-0135-01_PART_1_OF_1_CHAL10_SB_D32169FB.jpg,00093-0135-01_D32169FB,6094,TRUE,10/17/2017 05:29:47 PM,2020-02-10 17:08:36,68c275e8-992a-4520-8065-ab6d615d89cc-0093-0135-0,68c275e8-992a-4520-8065-ab6d615d89cc,9,,C48345,OVAL,,1,,TV;135,,C48325,WHITE,,CARVEDILOL 6.25 mg;,CARVEDILOL[CARVEDILOL];,SILICON DIOXIDE;CROSPOVIDONE (15 MPA.S AT 5%);HYPROMELLOSE 2910 (3 MPA.S);HYPROMELLOSE 2910 (5 MPA.S);LACTOSE MONOHYDRATE;MAGNESIUM STEARATE;POLYETHYLENE GLYCOL 400;POLYSORBATE 80;POVIDONE K30;TITANIUM DIOXIDE;,HRX,SCD,carvedilol 6.25 MG Oral Tablet,200031,2020-02-10 15:51:05,0093-0135,0,,930135,93,135,Carvedilol,active,20170930,a369c0d5-8f93-4b0d-a5a0-8125af1309f7.xml,,C42931,34391-3,,,LABELER,"Teva Pharmaceuticals USA, Inc.",C73584,NLM,TRUE,,15,,,TRUE,FALSE,FALSE,TRUE,TRUE
00093-0135-01_PART_1_OF_1_CHAL10_SF_39281CE0.jpg,00093-0135-01,135,TRUE,TRUE,FALSE,fcn_mix_weight/dr_224/00093-0135-01_PART_1_OF_1_CHAL10_SF_39281CE0.jpg,00093-0135-01_39281CE0,6094,TRUE,10/17/2017 05:29:47 PM,2020-02-10 17:08:36,68c275e8-992a-4520-8065-ab6d615d89cc-0093-0135-0,68c275e8-992a-4520-8065-ab6d615d89cc,9,,C48345,OVAL,,1,,TV;135,,C48325,WHITE,,CARVEDILOL 6.25 mg;,CARVEDILOL[CARVEDILOL];,SILICON DIOXIDE;CROSPOVIDONE (15 MPA.S AT 5%);HYPROMELLOSE 2910 (3 MPA.S);HYPROMELLOSE 2910 (5 MPA.S);LACTOSE MONOHYDRATE;MAGNESIUM STEARATE;POLYETHYLENE GLYCOL 400;POLYSORBATE 80;POVIDONE K30;TITANIUM DIOXIDE;,HRX,SCD,carvedilol 6.25 MG Oral Tablet,200031,2020-02-10 15:51:05,0093-0135,0,,930135,93,135,Carvedilol,active,20170930,a369c0d5-8f93-4b0d-a5a0-8125af1309f7.xml,,C42931,34391-3,,,LABELER,"Teva Pharmaceuticals USA, Inc.",C73584,NLM,TRUE,,15,,,TRUE,FALSE,FALSE,TRUE,TRUE
00093-0135-01_PART_1_OF_1_CHAL10_SF_D32169FB.jpg,00093-0135-01,135,TRUE,TRUE,FALSE,fcn_mix_weight/dr_224/00093-0135-01_PART_1_OF_1_CHAL10_SF_D32169FB.jpg,00093-0135-01_D32169FB,6094,TRUE,10/17/2017 05:29:47 PM,2020-02-10 17:08:36,68c275e8-992a-4520-8065-ab6d615d89cc-0093-0135-0,68c275e8-992a-4520-8065-ab6d615d89cc,9,,C48345,OVAL,,1,,TV;135,,C48325,WHITE,,CARVEDILOL 6.25 mg;,CARVEDILOL[CARVEDILOL];,SILICON DIOXIDE;CROSPOVIDONE (15 MPA.S AT 5%);HYPROMELLOSE 2910 (3 MPA.S);HYPROMELLOSE 2910 (5 MPA.S);LACTOSE MONOHYDRATE;MAGNESIUM STEARATE;POLYETHYLENE GLYCOL 400;POLYSORBATE 80;POVIDONE K30;TITANIUM DIOXIDE;,HRX,SCD,carvedilol 6.25 MG Oral Tablet,200031,2020-02-10 15:51:05,0093-0135,0,,930135,93,135,Carvedilol,active,20170930,a369c0d5-8f93-4b0d-a5a0-8125af1309f7.xml,,C42931,34391-3,,,LABELER,"Teva Pharmaceuticals USA, Inc.",C73584,NLM,TRUE,,15,,,TRUE,FALSE,FALSE,TRUE,TRUE
00093-0147-01_PART_1_OF_1_CHAL10_SB_212990BC.jpg,00093-0147-01,147,TRUE,FALSE,FALSE,fcn_mix_weight/dr_224/00093-0147-01_PART_1_OF_1_CHAL10_SB_212990BC.jpg,00093-0147-01_212990BC,5584,TRUE,10/17/2017 05:29:45 PM,2020-02-10 17:04:36,bc056df6-071f-40d7-a6b0-78368f73e583-58118-0147-0,bc056df6-071f-40d7-a6b0-78368f73e583,10,,C48348,ROUND,,1,,93;147,,C48326,RED,,NAPROXEN 250 mg;,NAPROXEN[NAPROXEN];,"POVIDONE K90;FERRIC OXIDE RED;FERRIC OXIDE YELLOW;STARCH, CORN;CROSCARMELLOSE SODIUM;MAGNESIUM STEARATE;",HRX,,,,2020-02-10 15:30:58,58118-0147,0,,581180147,58118,147,Naproxen,completed,20170615,520615e0-6414-0915-e054-00144ff8d46c.xml,0093-0147,C42998,,,,LABELER,"Clinical Solutions Wholesale, LLC",C73584,SPL,TRUE,1,3,,,TRUE,FALSE,FALSE,TRUE,TRUE
00093-0147-01_PART_1_OF_1_CHAL10_SF_212990BC.jpg,00093-0147-01,147,TRUE,TRUE,FALSE,fcn_mix_weight/dr_224/00093-0147-01_PART_1_OF_1_CHAL10_SF_212990BC.jpg,00093-0147-01_212990BC,5584,TRUE,10/17/2017 05:29:45 PM,2020-02-10 17:04:36,bc056df6-071f-40d7-a6b0-78368f73e583-58118-0147-0,bc056df6-071f-40d7-a6b0-78368f73e583,10,,C48348,ROUND,,1,,93;147,,C48326,RED,,NAPROXEN 250 mg;,NAPROXEN[NAPROXEN];,"POVIDONE K90;FERRIC OXIDE RED;FERRIC OXIDE YELLOW;STARCH, CORN;CROSCARMELLOSE SODIUM;MAGNESIUM STEARATE;",HRX,,,,2020-02-10 15:30:58,58118-0147,0,,581180147,58118,147,Naproxen,completed,20170615,520615e0-6414-0915-e054-00144ff8d46c.xml,0093-0147,C42998,,,,LABELER,"Clinical Solutions Wholesale, LLC",C73584,SPL,TRUE,1,3,,,TRUE,FALSE,FALSE,TRUE,TRUE
00093-0148-01_PART_1_OF_1_CHAL10_SB_4629A34D.jpg,00093-0148-01,148,TRUE,FALSE,FALSE,fcn_mix_weight/dr_224/00093-0148-01_PART_1_OF_1_CHAL10_SB_4629A34D.jpg,00093-0148-01_4629A34D,5602,TRUE,10/17/2017 05:29:45 PM,2020-02-10 17:07:10,bc056df6-071f-40d7-a6b0-78368f73e583-58118-0148-0,bc056df6-071f-40d7-a6b0-78368f73e583,14,,C48345,OVAL,,1,,93;148,,C48331,ORANGE,,NAPROXEN 375 mg;,NAPROXEN[NAPROXEN];,"STARCH, CORN;CROSCARMELLOSE SODIUM;MAGNESIUM STEARATE;POVIDONE K90;FERRIC OXIDE RED;FERRIC OXIDE YELLOW;",HRX,,,,2020-02-10 15:42:58,58118-0148,0,,581180148,58118,148,Naproxen,completed,20170615,520615e0-6414-0915-e054-00144ff8d46c.xml,0093-0148,C42998,,,,LABELER,"Clinical Solutions Wholesale, LLC",C73584,SPL,TRUE,1,3,,,TRUE,FALSE,FALSE,TRUE,TRUE
00093-0148-01_PART_1_OF_1_CHAL10_SF_4629A34D.jpg,00093-0148-01,148,TRUE,TRUE,FALSE,fcn_mix_weight/dr_224/00093-0148-01_PART_1_OF_1_CHAL10_SF_4629A34D.jpg,00093-0148-01_4629A34D,5602,TRUE,10/17/2017 05:29:45 PM,2020-02-10 17:07:10,bc056df6-071f-40d7-a6b0-78368f73e583-58118-0148-0,bc056df6-071f-40d7-a6b0-78368f73e583,14,,C48345,OVAL,,1,,93;148,,C48331,ORANGE,,NAPROXEN 375 mg;,NAPROXEN[NAPROXEN];,"STARCH, CORN;CROSCARMELLOSE SODIUM;MAGNESIUM STEARATE;POVIDONE K90;FERRIC OXIDE RED;FERRIC OXIDE YELLOW;",HRX,,,,2020-02-10 15:42:58,58118-0148,0,,581180148,58118,148,Naproxen,completed,20170615,520615e0-6414-0915-e054-00144ff8d46c.xml,0093-0148,C42998,,,,LABELER,"Clinical Solutions Wholesale, LLC",C73584,SPL,TRUE,1,3,,,TRUE,FALSE,FALSE,TRUE,TRUE
00093-0149-01_PART_1_OF_1_CHAL10_SB_2629932C.jpg,00093-0149-01,149,TRUE,FALSE,FALSE,fcn_mix_weight/dr_224/00093-0149-01_PART_1_OF_1_CHAL10_SB_2629932C.jpg,00093-0149-01_2629932C,50125,TRUE,10/17/2017 05:33:01 PM,10/17/2017 05:33:01 PM,c5872fb3-176e-4281-bd98-2de10f6d9a16-61786-666-0,c5872fb3-176e-4281-bd98-2de10f6d9a16,16,,C48345,OVAL,,1,,TEVA;149,,C48326,RED,,NAPROXEN 500 mg;,NAPROXEN[NAPROXEN];,"STARCH, CORN;CROSCARMELLOSE SODIUM;MAGNESIUM STEARATE;POVIDONE K90;FERRIC OXIDE RED;FERRIC OXIDE YELLOW;",HRX,,Naproxen 500 MG Oral Tablet,198014,,61786-666,0,,617860666,61786,666,Naproxen,active,20160504,3208c016-fbf5-2dc6-e054-00144ff88e88.xml,0093-0149,C42998,,,,LABELER,REMEDYREPACK INC.,C73584,NLM,TRUE,1,2,,,FALSE,TRUE,FALSE,TRUE,TRUE
00093-0149-01_PART_1_OF_1_CHAL10_SB_2629932C.jpg,00093-0149-01,149,TRUE,FALSE,FALSE,fcn_mix_weight/dr_224/00093-0149-01_PART_1_OF_1_CHAL10_SB_2629932C.jpg,00093-0149-01_2629932C,8770,TRUE,10/17/2017 05:29:59 PM,2020-02-10 17:10:41,bc056df6-071f-40d7-a6b0-78368f73e583-58118-0149-0,bc056df6-071f-40d7-a6b0-78368f73e583,16,,C48345,OVAL,,1,,TEVA;149,,C48326,RED,,NAPROXEN 500 mg;,NAPROXEN[NAPROXEN];,"STARCH, CORN;CROSCARMELLOSE SODIUM;MAGNESIUM STEARATE;POVIDONE K90;FERRIC OXIDE RED;FERRIC OXIDE YELLOW;",HRX,,,,2020-02-10 16:02:39,58118-0149,0,,581180149,58118,149,Naproxen,active,20170615,520615e0-6414-0915-e054-00144ff8d46c.xml,0093-0149,C42998,,,,LABELER,"Clinical Solutions Wholesale, LLC",C73584,SPL,TRUE,1,3,,,TRUE,FALSE,FALSE,TRUE,TRUE
00093-0149-01_PART_1_OF_1_CHAL10_SB_BA23DD0E.jpg,00093-0149-01,149,TRUE,FALSE,FALSE,fcn_mix_weight/dr_224/00093-0149-01_PART_1_OF_1_CHAL10_SB_BA23DD0E.jpg,00093-0149-01_BA23DD0E,50125,TRUE,10/17/2017 05:33:01 PM,10/17/2017 05:33:01 PM,c5872fb3-176e-4281-bd98-2de10f6d9a16-61786-666-0,c5872fb3-176e-4281-bd98-2de10f6d9a16,16,,C48345,OVAL,,1,,TEVA;149,,C48326,RED,,NAPROXEN 500 mg;,NAPROXEN[NAPROXEN];,"STARCH, CORN;CROSCARMELLOSE SODIUM;MAGNESIUM STEARATE;POVIDONE K90;FERRIC OXIDE RED;FERRIC OXIDE YELLOW;",HRX,,Naproxen 500 MG Oral Tablet,198014,,61786-666,0,,617860666,61786,666,Naproxen,active,20160504,3208c016-fbf5-2dc6-e054-00144ff88e88.xml,0093-0149,C42998,,,,LABELER,REMEDYREPACK INC.,C73584,NLM,TRUE,1,2,,,FALSE,TRUE,FALSE,TRUE,TRUE
00093-0149-01_PART_1_OF_1_CHAL10_SB_BA23DD0E.jpg,00093-0149-01,149,TRUE,FALSE,FALSE,fcn_mix_weight/dr_224/00093-0149-01_PART_1_OF_1_CHAL10_SB_BA23DD0E.jpg,00093-0149-01_BA23DD0E,8770,TRUE,10/17/2017 05:29:59 PM,2020-02-10 17:10:41,bc056df6-071f-40d7-a6b0-78368f73e583-58118-0149-0,bc056df6-071f-40d7-a6b0-78368f73e583,16,,C48345,OVAL,,1,,TEVA;149,,C48326,RED,,NAPROXEN 500 mg;,NAPROXEN[NAPROXEN];,"STARCH, CORN;CROSCARMELLOSE SODIUM;MAGNESIUM STEARATE;POVIDONE K90;FERRIC OXIDE RED;FERRIC OXIDE YELLOW;",HRX,,,,2020-02-10 16:02:39,58118-0149,0,,581180149,58118,149,Naproxen,active,20170615,520615e0-6414-0915-e054-00144ff8d46c.xml,0093-0149,C42998,,,,LABELER,"Clinical Solutions Wholesale, LLC",C73584,SPL,TRUE,1,3,,,TRUE,FALSE,FALSE,TRUE,TRUE
00093-0149-01_PART_1_OF_1_CHAL10_SF_2629932C.jpg,00093-0149-01,149,TRUE,TRUE,FALSE,fcn_mix_weight/dr_224/00093-0149-01_PART_1_OF_1_CHAL10_SF_2629932C.jpg,00093-0149-01_2629932C,50125,TRUE,10/17/2017 05:33:01 PM,10/17/2017 05:33:01 PM,c5872fb3-176e-4281-bd98-2de10f6d9a16-61786-666-0,c5872fb3-176e-4281-bd98-2de10f6d9a16,16,,C48345,OVAL,,1,,TEVA;149,,C48326,RED,,NAPROXEN 500 mg;,NAPROXEN[NAPROXEN];,"STARCH, CORN;CROSCARMELLOSE SODIUM;MAGNESIUM STEARATE;POVIDONE K90;FERRIC OXIDE RED;FERRIC OXIDE YELLOW;",HRX,,Naproxen 500 MG Oral Tablet,198014,,61786-666,0,,617860666,61786,666,Naproxen,active,20160504,3208c016-fbf5-2dc6-e054-00144ff88e88.xml,0093-0149,C42998,,,,LABELER,REMEDYREPACK INC.,C73584,NLM,TRUE,1,2,,,FALSE,TRUE,FALSE,TRUE,TRUE
00093-0149-01_PART_1_OF_1_CHAL10_SF_2629932C.jpg,00093-0149-01,149,TRUE,TRUE,FALSE,fcn_mix_weight/dr_224/00093-0149-01_PART_1_OF_1_CHAL10_SF_2629932C.jpg,00093-0149-01_2629932C,8770,TRUE,10/17/2017 05:29:59 PM,2020-02-10 17:10:41,bc056df6-071f-40d7-a6b0-78368f73e583-58118-0149-0,bc056df6-071f-40d7-a6b0-78368f73e583,16,,C48345,OVAL,,1,,TEVA;149,,C48326,RED,,NAPROXEN 500 mg;,NAPROXEN[NAPROXEN];,"STARCH, CORN;CROSCARMELLOSE SODIUM;MAGNESIUM STEARATE;POVIDONE K90;FERRIC OXIDE RED;FERRIC OXIDE YELLOW;",HRX,,,,2020-02-10 16:02:39,58118-0149,0,,581180149,58118,149,Naproxen,active,20170615,520615e0-6414-0915-e054-00144ff8d46c.xml,0093-0149,C42998,,,,LABELER,"Clinical Solutions Wholesale, LLC",C73584,SPL,TRUE,1,3,,,TRUE,FALSE,FALSE,TRUE,TRUE
00093-0149-01_PART_1_OF_1_CHAL10_SF_BA23DD0E.jpg,00093-0149-01,149,TRUE,TRUE,FALSE,fcn_mix_weight/dr_224/00093-0149-01_PART_1_OF_1_CHAL10_SF_BA23DD0E.jpg,00093-0149-01_BA23DD0E,50125,TRUE,10/17/2017 05:33:01 PM,10/17/2017 05:33:01 PM,c5872fb3-176e-4281-bd98-2de10f6d9a16-61786-666-0,c5872fb3-176e-4281-bd98-2de10f6d9a16,16,,C48345,OVAL,,1,,TEVA;149,,C48326,RED,,NAPROXEN 500 mg;,NAPROXEN[NAPROXEN];,"STARCH, CORN;CROSCARMELLOSE SODIUM;MAGNESIUM STEARATE;POVIDONE K90;FERRIC OXIDE RED;FERRIC OXIDE YELLOW;",HRX,,Naproxen 500 MG Oral Tablet,198014,,61786-666,0,,617860666,61786,666,Naproxen,active,20160504,3208c016-fbf5-2dc6-e054-00144ff88e88.xml,0093-0149,C42998,,,,LABELER,REMEDYREPACK INC.,C73584,NLM,TRUE,1,2,,,FALSE,TRUE,FALSE,TRUE,TRUE
00093-0149-01_PART_1_OF_1_CHAL10_SF_BA23DD0E.jpg,00093-0149-01,149,TRUE,TRUE,FALSE,fcn_mix_weight/dr_224/00093-0149-01_PART_1_OF_1_CHAL10_SF_BA23DD0E.jpg,00093-0149-01_BA23DD0E,8770,TRUE,10/17/2017 05:29:59 PM,2020-02-10 17:10:41,bc056df6-071f-40d7-a6b0-78368f73e583-58118-0149-0,bc056df6-071f-40d7-a6b0-78368f73e583,16,,C48345,OVAL,,1,,TEVA;149,,C48326,RED,,NAPROXEN 500 mg;,NAPROXEN[NAPROXEN];,"STARCH, CORN;CROSCARMELLOSE SODIUM;MAGNESIUM STEARATE;POVIDONE K90;FERRIC OXIDE RED;FERRIC OXIDE YELLOW;",HRX,,,,2020-02-10 16:02:39,58118-0149,0,,581180149,58118,149,Naproxen,active,20170615,520615e0-6414-0915-e054-00144ff8d46c.xml,0093-0149,C42998,,,,LABELER,"Clinical Solutions Wholesale, LLC",C73584,SPL,TRUE,1,3,,,TRUE,FALSE,FALSE,TRUE,TRUE
00093-0154-01_PART_1_OF_1_CHAL10_SB_6F29B7BD.jpg,00093-0154-01,154,TRUE,FALSE,FALSE,fcn_mix_weight/dr_224/00093-0154-01_PART_1_OF_1_CHAL10_SB_6F29B7BD.jpg,00093-0154-01_6F29B7BD,21272,TRUE,10/17/2017 05:30:52 PM,10/17/2017 05:30:52 PM,b1ebcf65-f6c3-4267-99aa-1c6b203dffc7-0093-0154-0,b1ebcf65-f6c3-4267-99aa-1c6b203dffc7,15,,C48345,OVAL,,1,,93;154,,C48325,WHITE,,TICLOPIDINE HYDROCHLORIDE 250 mg;,TICLOPIDINE HYDROCHLORIDE[TICLOPIDINE];,"BUTYLATED HYDROXYANISOLE;STARCH, CORN;HYPROMELLOSES;MAGNESIUM STEARATE;CELLULOSE, MICROCRYSTALLINE;POLYETHYLENE GLYCOLS;POVIDONE;STEARIC ACID;TITANIUM DIOXIDE;",HRX,,Ticlopidine Hydrochloride 250 MG Oral Tablet,313406,,0093-0154,0,,930154,93,154,Ticlopidine Hydrochloride,active,20120917,9eb85706-4a4a-441f-9fa7-b06ccd4c3c59.xml,,C42931,34391-3,,,LABELER,Teva Pharmaceuticals USA Inc,C73584,NLM,TRUE,,3,,,FALSE,TRUE,FALSE,TRUE,TRUE
00093-0154-01_PART_1_OF_1_CHAL10_SF_6F29B7BD.jpg,00093-0154-01,154,TRUE,TRUE,FALSE,fcn_mix_weight/dr_224/00093-0154-01_PART_1_OF_1_CHAL10_SF_6F29B7BD.jpg,00093-0154-01_6F29B7BD,21272,TRUE,10/17/2017 05:30:52 PM,10/17/2017 05:30:52 PM,b1ebcf65-f6c3-4267-99aa-1c6b203dffc7-0093-0154-0,b1ebcf65-f6c3-4267-99aa-1c6b203dffc7,15,,C48345,OVAL,,1,,93;154,,C48325,WHITE,,TICLOPIDINE HYDROCHLORIDE 250 mg;,TICLOPIDINE HYDROCHLORIDE[TICLOPIDINE];,"BUTYLATED HYDROXYANISOLE;STARCH, CORN;HYPROMELLOSES;MAGNESIUM STEARATE;CELLULOSE, MICROCRYSTALLINE;POLYETHYLENE GLYCOLS;POVIDONE;STEARIC ACID;TITANIUM DIOXIDE;",HRX,,Ticlopidine Hydrochloride 250 MG Oral Tablet,313406,,0093-0154,0,,930154,93,154,Ticlopidine Hydrochloride,active,20120917,9eb85706-4a4a-441f-9fa7-b06ccd4c3c59.xml,,C42931,34391-3,,,LABELER,Teva Pharmaceuticals USA Inc,C73584,NLM,TRUE,,3,,,FALSE,TRUE,FALSE,TRUE,TRUE
00093-0155-06_PART_1_OF_1_CHAL10_SB_BA295D5A.jpg,00093-0155-06,155,TRUE,FALSE,FALSE,fcn_mix_weight/dr_224/00093-0155-06_PART_1_OF_1_CHAL10_SB_BA295D5A.jpg,00093-0155-06_BA295D5A,38607,TRUE,10/17/2017 05:32:09 PM,10/17/2017 05:32:09 PM,8887de7e-eba5-4f00-97ca-5077cfaa361b-0093-0155-0,8887de7e-eba5-4f00-97ca-5077cfaa361b,8,,C48345,OVAL,,1,,93;155,,C48325,WHITE,,TOPIRAMATE 25 mg;,TOPIRAMATE[TOPIRAMATE];,"SILICON DIOXIDE;LACTOSE MONOHYDRATE;MAGNESIUM STEARATE;CELLULOSE, MICROCRYSTALLINE;POLYETHYLENE GLYCOL 4000;STARCH, CORN;SODIUM STARCH GLYCOLATE TYPE A POTATO;TITANIUM DIOXIDE;HYPROMELLOSE 2910 (15 MPA.S);POLYDEXTROSE;",HRX,,topiramate 25 MG Oral Tablet,199888,,0093-0155,0,,930155,93,155,Topiramate,active,20140814,8251c4c2-9c4a-4a5c-afdc-eba2811bf48f.xml,,C42998,34391-3,,,LABELER,Teva Pharmaceuticals USA Inc,C73584,NLM,TRUE,,9,,,FALSE,TRUE,FALSE,TRUE,TRUE
00093-0155-06_PART_1_OF_1_CHAL10_SF_BA295D5A.jpg,00093-0155-06,155,TRUE,TRUE,FALSE,fcn_mix_weight/dr_224/00093-0155-06_PART_1_OF_1_CHAL10_SF_BA295D5A.jpg,00093-0155-06_BA295D5A,38607,TRUE,10/17/2017 05:32:09 PM,10/17/2017 05:32:09 PM,8887de7e-eba5-4f00-97ca-5077cfaa361b-0093-0155-0,8887de7e-eba5-4f00-97ca-5077cfaa361b,8,,C48345,OVAL,,1,,93;155,,C48325,WHITE,,TOPIRAMATE 25 mg;,TOPIRAMATE[TOPIRAMATE];,"SILICON DIOXIDE;LACTOSE MONOHYDRATE;MAGNESIUM STEARATE;CELLULOSE, MICROCRYSTALLINE;POLYETHYLENE GLYCOL 4000;STARCH, CORN;SODIUM STARCH GLYCOLATE TYPE A POTATO;TITANIUM DIOXIDE;HYPROMELLOSE 2910 (15 MPA.S);POLYDEXTROSE;",HRX,,topiramate 25 MG Oral Tablet,199888,,0093-0155,0,,930155,93,155,Topiramate,active,20140814,8251c4c2-9c4a-4a5c-afdc-eba2811bf48f.xml,,C42998,34391-3,,,LABELER,Teva Pharmaceuticals USA Inc,C73584,NLM,TRUE,,9,,,FALSE,TRUE,FALSE,TRUE,TRUE
00093-0173-56_PART_1_OF_1_CHAL10_SB_A429524A.jpg,00093-0173-56,173,TRUE,FALSE,FALSE,fcn_mix_weight/dr_224/00093-0173-56_PART_1_OF_1_CHAL10_SB_A429524A.jpg,00093-0173-56_A429524A,11178,TRUE,10/17/2017 05:30:09 PM,10/17/2017 05:30:09 PM,d3a4788f-6ff4-4804-9b41-7d6f0b27cd5c-0093-0173-0,d3a4788f-6ff4-4804-9b41-7d6f0b27cd5c,7,,C48348,ROUND,,1,,173;93,,C48325,WHITE,,LEFLUNOMIDE 10 mg;,LEFLUNOMIDE[LEFLUNOMIDE];,"SILICON DIOXIDE;CROSPOVIDONE;HYPROMELLOSES;ANHYDROUS LACTOSE;LACTOSE MONOHYDRATE;POLYETHYLENE GLYCOL 3350;MAGNESIUM STEARATE;POVIDONE K29/32;STARCH, CORN;TALC;TITANIUM DIOXIDE;TRIACETIN;",HRX,,leflunomide 10 MG Oral Tablet,205284,,0093-0173,0,,930173,93,173,Leflunomide,active,20121207,d5b7c6ef-43b9-4058-936f-6f8ced6b003a.xml,,C42931,34391-3,,,LABELER,Teva Pharmaceuticals USA Inc,C73584,NLM,TRUE,,7,,,FALSE,TRUE,FALSE,TRUE,TRUE
00093-0173-56_PART_1_OF_1_CHAL10_SF_A429524A.jpg,00093-0173-56,173,TRUE,TRUE,FALSE,fcn_mix_weight/dr_224/00093-0173-56_PART_1_OF_1_CHAL10_SF_A429524A.jpg,00093-0173-56_A429524A,11178,TRUE,10/17/2017 05:30:09 PM,10/17/2017 05:30:09 PM,d3a4788f-6ff4-4804-9b41-7d6f0b27cd5c-0093-0173-0,d3a4788f-6ff4-4804-9b41-7d6f0b27cd5c,7,,C48348,ROUND,,1,,173;93,,C48325,WHITE,,LEFLUNOMIDE 10 mg;,LEFLUNOMIDE[LEFLUNOMIDE];,"SILICON DIOXIDE;CROSPOVIDONE;HYPROMELLOSES;ANHYDROUS LACTOSE;LACTOSE MONOHYDRATE;POLYETHYLENE GLYCOL 3350;MAGNESIUM STEARATE;POVIDONE K29/32;STARCH, CORN;TALC;TITANIUM DIOXIDE;TRIACETIN;",HRX,,leflunomide 10 MG Oral Tablet,205284,,0093-0173,0,,930173,93,173,Leflunomide,active,20121207,d5b7c6ef-43b9-4058-936f-6f8ced6b003a.xml,,C42931,34391-3,,,LABELER,Teva Pharmaceuticals USA Inc,C73584,NLM,TRUE,,7,,,FALSE,TRUE,FALSE,TRUE,TRUE
00093-0174-56_PART_1_OF_1_CHAL10_SB_96294B5A.jpg,00093-0174-56,174,TRUE,FALSE,FALSE,fcn_mix_weight/dr_224/00093-0174-56_PART_1_OF_1_CHAL10_SB_96294B5A.jpg,00093-0174-56_96294B5A,5991,TRUE,10/17/2017 05:29:47 PM,10/17/2017 05:29:47 PM,d3a4788f-6ff4-4804-9b41-7d6f0b27cd5c-0093-0174-0,d3a4788f-6ff4-4804-9b41-7d6f0b27cd5c,9,,C48348,ROUND,,1,,174;93,,C48330,YELLOW,,LEFLUNOMIDE 20 mg;,LEFLUNOMIDE[LEFLUNOMIDE];,"SILICON DIOXIDE;CROSPOVIDONE;HYPROMELLOSES;ANHYDROUS LACTOSE;LACTOSE MONOHYDRATE;POLYETHYLENE GLYCOL 3350;MAGNESIUM STEARATE;POVIDONE K29/32;STARCH, CORN;TALC;TITANIUM DIOXIDE;TRIACETIN;FERRIC OXIDE YELLOW;",HRX,,leflunomide 20 MG Oral Tablet,205285,,0093-0174,0,,930174,93,174,Leflunomide,active,20121207,d5b7c6ef-43b9-4058-936f-6f8ced6b003a.xml,,C42931,34391-3,,,LABELER,Teva Pharmaceuticals USA Inc,C73584,NLM,TRUE,,7,,,FALSE,TRUE,FALSE,TRUE,TRUE
00093-0174-56_PART_1_OF_1_CHAL10_SF_96294B5A.jpg,00093-0174-56,174,TRUE,TRUE,FALSE,fcn_mix_weight/dr_224/00093-0174-56_PART_1_OF_1_CHAL10_SF_96294B5A.jpg,00093-0174-56_96294B5A,5991,TRUE,10/17/2017 05:29:47 PM,10/17/2017 05:29:47 PM,d3a4788f-6ff4-4804-9b41-7d6f0b27cd5c-0093-0174-0,d3a4788f-6ff4-4804-9b41-7d6f0b27cd5c,9,,C48348,ROUND,,1,,174;93,,C48330,YELLOW,,LEFLUNOMIDE 20 mg;,LEFLUNOMIDE[LEFLUNOMIDE];,"SILICON DIOXIDE;CROSPOVIDONE;HYPROMELLOSES;ANHYDROUS LACTOSE;LACTOSE MONOHYDRATE;POLYETHYLENE GLYCOL 3350;MAGNESIUM STEARATE;POVIDONE K29/32;STARCH, CORN;TALC;TITANIUM DIOXIDE;TRIACETIN;FERRIC OXIDE YELLOW;",HRX,,leflunomide 20 MG Oral Tablet,205285,,0093-0174,0,,930174,93,174,Leflunomide,active,20121207,d5b7c6ef-43b9-4058-936f-6f8ced6b003a.xml,,C42931,34391-3,,,LABELER,Teva Pharmaceuticals USA Inc,C73584,NLM,TRUE,,7,,,FALSE,TRUE,FALSE,TRUE,TRUE
00093-0220-56_PART_1_OF_1_CHAL10_SB_37299BCC.jpg,00093-0220-56,220,TRUE,FALSE,FALSE,fcn_mix_weight/dr_224/00093-0220-56_PART_1_OF_1_CHAL10_SB_37299BCC.jpg,00093-0220-56_37299BCC,30009,TRUE,10/17/2017 05:31:29 PM,2020-02-10 17:10:27,89c24844-4d2a-4ec6-bc28-adce7b82d0c0-0093-0220-0,89c24844-4d2a-4ec6-bc28-adce7b82d0c0,7,,C48348,ROUND,,1,,93;220,,C48325,WHITE,,BICALUTAMIDE 50 mg;,BICALUTAMIDE[BICALUTAMIDE];,SILICON DIOXIDE;CROSCARMELLOSE SODIUM;HYPROMELLOSE 2910 (15 MPA.S);LACTOSE MONOHYDRATE;MAGNESIUM STEARATE;MICROCRYSTALLINE CELLULOSE;POLYDEXTROSE;POLYETHYLENE GLYCOL 4000;POVIDONE K30;SODIUM LAURYL SULFATE;TITANIUM DIOXIDE;,HRX,SCD,bicalutamide 50 MG Oral Tablet,199123,2020-02-10 16:01:23,0093-0220,0,,930220,93,220,Bicalutamide,completed,20180109,2975092d-62bd-4e74-ba3a-d20bd47a1b7a.xml,,C42931,34391-3,,,LABELER,"Teva Pharmaceuticals USA, Inc.",C73584,NLM,TRUE,,11,,,TRUE,FALSE,FALSE,TRUE,TRUE
00093-0220-56_PART_1_OF_1_CHAL10_SF_37299BCC.jpg,00093-0220-56,220,TRUE,TRUE,FALSE,fcn_mix_weight/dr_224/00093-0220-56_PART_1_OF_1_CHAL10_SF_37299BCC.jpg,00093-0220-56_37299BCC,30009,TRUE,10/17/2017 05:31:29 PM,2020-02-10 17:10:27,89c24844-4d2a-4ec6-bc28-adce7b82d0c0-0093-0220-0,89c24844-4d2a-4ec6-bc28-adce7b82d0c0,7,,C48348,ROUND,,1,,93;220,,C48325,WHITE,,BICALUTAMIDE 50 mg;,BICALUTAMIDE[BICALUTAMIDE];,SILICON DIOXIDE;CROSCARMELLOSE SODIUM;HYPROMELLOSE 2910 (15 MPA.S);LACTOSE MONOHYDRATE;MAGNESIUM STEARATE;MICROCRYSTALLINE CELLULOSE;POLYDEXTROSE;POLYETHYLENE GLYCOL 4000;POVIDONE K30;SODIUM LAURYL SULFATE;TITANIUM DIOXIDE;,HRX,SCD,bicalutamide 50 MG Oral Tablet,199123,2020-02-10 16:01:23,0093-0220,0,,930220,93,220,Bicalutamide,completed,20180109,2975092d-62bd-4e74-ba3a-d20bd47a1b7a.xml,,C42931,34391-3,,,LABELER,"Teva Pharmaceuticals USA, Inc.",C73584,NLM,TRUE,,11,,,TRUE,FALSE,FALSE,TRUE,TRUE
00093-0221-06_PART_1_OF_1_CHAL10_SB_9F294FDA.jpg,00093-0221-06,221,TRUE,FALSE,FALSE,fcn_mix_weight/dr_224/00093-0221-06_PART_1_OF_1_CHAL10_SB_9F294FDA.jpg,00093-0221-06_9F294FDA,30903,TRUE,10/17/2017 05:31:33 PM,10/17/2017 05:31:33 PM,44df7cdc-fa24-4e52-800b-63589cf49706-0093-0221-0,44df7cdc-fa24-4e52-800b-63589cf49706,7,,C48348,ROUND,,1,,93;221,,C48330,YELLOW,,RISPERIDONE 0.25 mg,RISPERIDONE[RISPERIDONE],"SILICON DIOXIDE / HYPROMELLOSE 2910 (5 MPA.S) / LACTOSE MONOHYDRATE / MAGNESIUM STEARATE / CELLULOSE, MICROCRYSTALLINE / POLYETHYLENE GLYCOL 6000 / POLYETHYLENE GLYCOL 400 / STARCH, CORN / SODIUM LAURYL SULFATE / SODIUM STARCH GLYCOLATE TYPE A POTATO / TITANIUM DIOXIDE / FERRIC OXIDE YELLOW / FERRIC OXIDE RED",HRX,,Risperidone 0.25 MG Oral Tablet,312828,,0093-0221,0,,930221,93,221,Risperidone,active,20120725,629658fb-25c4-40bc-abd7-b6db0f600a9e.xml,,C42931,34391-3,,,LABELER,Teva Pharmaceuticals USA Inc,C73584,NLM,TRUE,,9,,,FALSE,TRUE,FALSE,TRUE,TRUE
00093-0221-06_PART_1_OF_1_CHAL10_SF_9F294FDA.jpg,00093-0221-06,221,TRUE,TRUE,FALSE,fcn_mix_weight/dr_224/00093-0221-06_PART_1_OF_1_CHAL10_SF_9F294FDA.jpg,00093-0221-06_9F294FDA,30903,TRUE,10/17/2017 05:31:33 PM,10/17/2017 05:31:33 PM,44df7cdc-fa24-4e52-800b-63589cf49706-0093-0221-0,44df7cdc-fa24-4e52-800b-63589cf49706,7,,C48348,ROUND,,1,,93;221,,C48330,YELLOW,,RISPERIDONE 0.25 mg,RISPERIDONE[RISPERIDONE],"SILICON DIOXIDE / HYPROMELLOSE 2910 (5 MPA.S) / LACTOSE MONOHYDRATE / MAGNESIUM STEARATE / CELLULOSE, MICROCRYSTALLINE / POLYETHYLENE GLYCOL 6000 / POLYETHYLENE GLYCOL 400 / STARCH, CORN / SODIUM LAURYL SULFATE / SODIUM STARCH GLYCOLATE TYPE A POTATO / TITANIUM DIOXIDE / FERRIC OXIDE YELLOW / FERRIC OXIDE RED",HRX,,Risperidone 0.25 MG Oral Tablet,312828,,0093-0221,0,,930221,93,221,Risperidone,active,20120725,629658fb-25c4-40bc-abd7-b6db0f600a9e.xml,,C42931,34391-3,,,LABELER,Teva Pharmaceuticals USA Inc,C73584,NLM,TRUE,,9,,,FALSE,TRUE,FALSE,TRUE,TRUE
00093-0225-06_PART_1_OF_1_CHAL10_SB_8D2946DA.jpg,00093-0225-06,225,TRUE,FALSE,FALSE,fcn_mix_weight/dr_224/00093-0225-06_PART_1_OF_1_CHAL10_SB_8D2946DA.jpg,00093-0225-06_8D2946DA,12966,TRUE,10/17/2017 05:30:17 PM,10/17/2017 05:30:17 PM,44df7cdc-fa24-4e52-800b-63589cf49706-0093-0225-0,44df7cdc-fa24-4e52-800b-63589cf49706,7,,C48348,ROUND,,1,,93;225,,C48326,RED,,RISPERIDONE 0.5 mg,RISPERIDONE[RISPERIDONE],"SILICON DIOXIDE / HYPROMELLOSE 2910 (5 MPA.S) / LACTOSE MONOHYDRATE / MAGNESIUM STEARATE / CELLULOSE, MICROCRYSTALLINE / POLYETHYLENE GLYCOL 6000 / POLYETHYLENE GLYCOL 400 / STARCH, CORN / SODIUM LAURYL SULFATE / SODIUM STARCH GLYCOLATE TYPE A POTATO / TITANIUM DIOXIDE / FERRIC OXIDE YELLOW / FERRIC OXIDE RED",HRX,,Risperidone 0.5 MG Oral Tablet,312829,,0093-0225,0,,930225,93,225,Risperidone,active,20120725,629658fb-25c4-40bc-abd7-b6db0f600a9e.xml,,C42931,34391-3,,,LABELER,Teva Pharmaceuticals USA Inc,C73584,NLM,TRUE,,9,,,FALSE,TRUE,FALSE,TRUE,TRUE
00093-0225-06_PART_1_OF_1_CHAL10_SF_8D2946DA.jpg,00093-0225-06,225,TRUE,TRUE,FALSE,fcn_mix_weight/dr_224/00093-0225-06_PART_1_OF_1_CHAL10_SF_8D2946DA.jpg,00093-0225-06_8D2946DA,12966,TRUE,10/17/2017 05:30:17 PM,10/17/2017 05:30:17 PM,44df7cdc-fa24-4e52-800b-63589cf49706-0093-0225-0,44df7cdc-fa24-4e52-800b-63589cf49706,7,,C48348,ROUND,,1,,93;225,,C48326,RED,,RISPERIDONE 0.5 mg,RISPERIDONE[RISPERIDONE],"SILICON DIOXIDE / HYPROMELLOSE 2910 (5 MPA.S) / LACTOSE MONOHYDRATE / MAGNESIUM STEARATE / CELLULOSE, MICROCRYSTALLINE / POLYETHYLENE GLYCOL 6000 / POLYETHYLENE GLYCOL 400 / STARCH, CORN / SODIUM LAURYL SULFATE / SODIUM STARCH GLYCOLATE TYPE A POTATO / TITANIUM DIOXIDE / FERRIC OXIDE YELLOW / FERRIC OXIDE RED",HRX,,Risperidone 0.5 MG Oral Tablet,312829,,0093-0225,0,,930225,93,225,Risperidone,active,20120725,629658fb-25c4-40bc-abd7-b6db0f600a9e.xml,,C42931,34391-3,,,LABELER,Teva Pharmaceuticals USA Inc,C73584,NLM,TRUE,,9,,,FALSE,TRUE,FALSE,TRUE,TRUE
00093-0308-01_PART_1_OF_1_CHAL10_SB_342B1A18.jpg,00093-0308-01,308,TRUE,FALSE,FALSE,fcn_mix_weight/dr_224/00093-0308-01_PART_1_OF_1_CHAL10_SB_342B1A18.jpg,00093-0308-01_342B1A18,42714,TRUE,10/17/2017 05:32:27 PM,2020-02-10 17:13:10,14aaadca-7d86-47e8-8483-6e05d456949d-0093-0308-0,14aaadca-7d86-47e8-8483-6e05d456949d,10,,C48348,ROUND,,2,,93;308,,C48325,WHITE,,CLEMASTINE FUMARATE 2.68 mg;,CLEMASTINE FUMARATE[CLEMASTINE];,"SILICON DIOXIDE;STARCH, CORN;LACTOSE, UNSPECIFIED FORM;POVIDONE K30;STEARIC ACID;",HRX,SCD,clemastine fumarate 2.68 MG Oral Tablet,857461,2020-02-10 16:16:33,0093-0308,0,,930308,93,308,Clemastine Fumarate,active,20150831,7cef4164-383d-4b4f-a450-0935fcc476b8.xml,,C42998,34391-3,,,LABELER,"Teva Pharmaceuticals USA, Inc.",C73584,NLM,TRUE,,8,,,TRUE,FALSE,FALSE,TRUE,TRUE
00093-0308-01_PART_1_OF_1_CHAL10_SF_342B1A18.jpg,00093-0308-01,308,TRUE,TRUE,FALSE,fcn_mix_weight/dr_224/00093-0308-01_PART_1_OF_1_CHAL10_SF_342B1A18.jpg,00093-0308-01_342B1A18,42714,TRUE,10/17/2017 05:32:27 PM,2020-02-10 17:13:10,14aaadca-7d86-47e8-8483-6e05d456949d-0093-0308-0,14aaadca-7d86-47e8-8483-6e05d456949d,10,,C48348,ROUND,,2,,93;308,,C48325,WHITE,,CLEMASTINE FUMARATE 2.68 mg;,CLEMASTINE FUMARATE[CLEMASTINE];,"SILICON DIOXIDE;STARCH, CORN;LACTOSE, UNSPECIFIED FORM;POVIDONE K30;STEARIC ACID;",HRX,SCD,clemastine fumarate 2.68 MG Oral Tablet,857461,2020-02-10 16:16:33,0093-0308,0,,930308,93,308,Clemastine Fumarate,active,20150831,7cef4164-383d-4b4f-a450-0935fcc476b8.xml,,C42998,34391-3,,,LABELER,"Teva Pharmaceuticals USA, Inc.",C73584,NLM,TRUE,,8,,,TRUE,FALSE,FALSE,TRUE,TRUE
00093-0314-01_PART_1_OF_1_CHAL10_SB_222B1118.jpg,00093-0314-01,314,TRUE,FALSE,FALSE,fcn_mix_weight/dr_224/00093-0314-01_PART_1_OF_1_CHAL10_SB_222B1118.jpg,00093-0314-01_222B1118,17497,TRUE,10/17/2017 05:30:36 PM,2020-02-10 17:08:06,688f5dec-a6db-43c6-a1f8-5df99d08d395-0093-0314-0,688f5dec-a6db-43c6-a1f8-5df99d08d395,8,,C48348,ROUND,,1,,93;314,,C48325,WHITE,,KETOROLAC TROMETHAMINE 10 mg;,KETOROLAC TROMETHAMINE[KETOROLAC];,HYDROXYPROPYL CELLULOSE (1600000 WAMW);HYPROMELLOSE 2910 (3 MPA.S);HYPROMELLOSE 2910 (50 MPA.S);LACTOSE MONOHYDRATE;MAGNESIUM STEARATE;MICROCRYSTALLINE CELLULOSE;POLYETHYLENE GLYCOL 400;TITANIUM DIOXIDE;,HRX,SCD,ketorolac tromethamine 10 MG Oral Tablet,834022,2020-02-10 15:48:16,0093-0314,0,,930314,93,314,Ketorolac Tromethamine,active,20200206,a42ca82e-59d3-4036-879f-7ede775f59ed.xml,,C42931,34391-3,,,LABELER,"Teva Pharmaceuticals USA, Inc.",C73584,NLM,TRUE,,13,,,TRUE,FALSE,FALSE,TRUE,TRUE
00093-0314-01_PART_1_OF_1_CHAL10_SF_222B1118.jpg,00093-0314-01,314,TRUE,TRUE,FALSE,fcn_mix_weight/dr_224/00093-0314-01_PART_1_OF_1_CHAL10_SF_222B1118.jpg,00093-0314-01_222B1118,17497,TRUE,10/17/2017 05:30:36 PM,2020-02-10 17:08:06,688f5dec-a6db-43c6-a1f8-5df99d08d395-0093-0314-0,688f5dec-a6db-43c6-a1f8-5df99d08d395,8,,C48348,ROUND,,1,,93;314,,C48325,WHITE,,KETOROLAC TROMETHAMINE 10 mg;,KETOROLAC TROMETHAMINE[KETOROLAC];,HYDROXYPROPYL CELLULOSE (1600000 WAMW);HYPROMELLOSE 2910 (3 MPA.S);HYPROMELLOSE 2910 (50 MPA.S);LACTOSE MONOHYDRATE;MAGNESIUM STEARATE;MICROCRYSTALLINE CELLULOSE;POLYETHYLENE GLYCOL 400;TITANIUM DIOXIDE;,HRX,SCD,ketorolac tromethamine 10 MG Oral Tablet,834022,2020-02-10 15:48:16,0093-0314,0,,930314,93,314,Ketorolac Tromethamine,active,20200206,a42ca82e-59d3-4036-879f-7ede775f59ed.xml,,C42931,34391-3,,,LABELER,"Teva Pharmaceuticals USA, Inc.",C73584,NLM,TRUE,,13,,,TRUE,FALSE,FALSE,TRUE,TRUE
00093-0318-01_PART_1_OF_1_CHAL10_SB_462B2319.jpg,00093-0318-01,318,TRUE,FALSE,FALSE,fcn_mix_weight/dr_224/00093-0318-01_PART_1_OF_1_CHAL10_SB_462B2319.jpg,00093-0318-01_462B2319,16775,TRUE,10/17/2017 05:30:33 PM,2020-02-10 17:08:33,69ca7cae-fdf3-413a-900b-95cf6e9e7b63-0093-0318-0,69ca7cae-fdf3-413a-900b-95cf6e9e7b63,8,,C48348,ROUND,,1,,93;318,,C48331,ORANGE,,DILTIAZEM HYDROCHLORIDE 30 mg;,DILTIAZEM HYDROCHLORIDE[DILTIAZEM];,"HYPROMELLOSE, UNSPECIFIED;LACTOSE MONOHYDRATE;MAGNESIUM STEARATE;POLYETHYLENE GLYCOL, UNSPECIFIED;POLYSORBATE 80;POVIDONE K90;TITANIUM DIOXIDE;FD&C YELLOW NO. 6;",HRX,SCD,diltiazem hydrochloride 30 MG Oral Tablet,833217,2020-02-10 15:50:47,0093-0318,0,,930318,93,318,Diltiazem Hydrochloride,active,20161222,52512d69-f1d3-47ef-b7fa-53e5324d11af.xml,,C42931,34391-3,,,LABELER,"Teva Pharmaceuticals USA, Inc.",C73584,NLM,TRUE,,9,,,TRUE,FALSE,FALSE,TRUE,TRUE
00093-0318-01_PART_1_OF_1_CHAL10_SF_462B2319.jpg,00093-0318-01,318,TRUE,TRUE,FALSE,fcn_mix_weight/dr_224/00093-0318-01_PART_1_OF_1_CHAL10_SF_462B2319.jpg,00093-0318-01_462B2319,16775,TRUE,10/17/2017 05:30:33 PM,2020-02-10 17:08:33,69ca7cae-fdf3-413a-900b-95cf6e9e7b63-0093-0318-0,69ca7cae-fdf3-413a-900b-95cf6e9e7b63,8,,C48348,ROUND,,1,,93;318,,C48331,ORANGE,,DILTIAZEM HYDROCHLORIDE 30 mg;,DILTIAZEM HYDROCHLORIDE[DILTIAZEM];,"HYPROMELLOSE, UNSPECIFIED;LACTOSE MONOHYDRATE;MAGNESIUM STEARATE;POLYETHYLENE GLYCOL, UNSPECIFIED;POLYSORBATE 80;POVIDONE K90;TITANIUM DIOXIDE;FD&C YELLOW NO. 6;",HRX,SCD,diltiazem hydrochloride 30 MG Oral Tablet,833217,2020-02-10 15:50:47,0093-0318,0,,930318,93,318,Diltiazem Hydrochloride,active,20161222,52512d69-f1d3-47ef-b7fa-53e5324d11af.xml,,C42931,34391-3,,,LABELER,"Teva Pharmaceuticals USA, Inc.",C73584,NLM,TRUE,,9,,,TRUE,FALSE,FALSE,TRUE,TRUE
00093-0319-01_PART_1_OF_1_CHAL10_SB_792B3CF9.jpg,00093-0319-01,319,TRUE,FALSE,FALSE,fcn_mix_weight/dr_224/00093-0319-01_PART_1_OF_1_CHAL10_SB_792B3CF9.jpg,00093-0319-01_792B3CF9,25135,TRUE,10/17/2017 05:31:09 PM,2020-02-10 17:10:58,69ca7cae-fdf3-413a-900b-95cf6e9e7b63-0093-0319-0,69ca7cae-fdf3-413a-900b-95cf6e9e7b63,10,,C48348,ROUND,,2,,93;319,,C48331,ORANGE,,DILTIAZEM HYDROCHLORIDE 60 mg;,DILTIAZEM HYDROCHLORIDE[DILTIAZEM];,"HYPROMELLOSE, UNSPECIFIED;LACTOSE MONOHYDRATE;MAGNESIUM STEARATE;POLYETHYLENE GLYCOL, UNSPECIFIED;POLYSORBATE 80;POVIDONE K90;TITANIUM DIOXIDE;FD&C YELLOW NO. 6;",HRX,SCD,diltiazem hydrochloride 60 MG Oral Tablet,831103,2020-02-10 16:04:11,0093-0319,0,,930319,93,319,Diltiazem Hydrochloride,active,20161222,52512d69-f1d3-47ef-b7fa-53e5324d11af.xml,,C42931,34391-3,,,LABELER,"Teva Pharmaceuticals USA, Inc.",C73584,NLM,TRUE,,9,,,TRUE,FALSE,FALSE,TRUE,TRUE
00093-0319-01_PART_1_OF_1_CHAL10_SF_792B3CF9.jpg,00093-0319-01,319,TRUE,TRUE,FALSE,fcn_mix_weight/dr_224/00093-0319-01_PART_1_OF_1_CHAL10_SF_792B3CF9.jpg,00093-0319-01_792B3CF9,25135,TRUE,10/17/2017 05:31:09 PM,2020-02-10 17:10:58,69ca7cae-fdf3-413a-900b-95cf6e9e7b63-0093-0319-0,69ca7cae-fdf3-413a-900b-95cf6e9e7b63,10,,C48348,ROUND,,2,,93;319,,C48331,ORANGE,,DILTIAZEM HYDROCHLORIDE 60 mg;,DILTIAZEM HYDROCHLORIDE[DILTIAZEM];,"HYPROMELLOSE, UNSPECIFIED;LACTOSE MONOHYDRATE;MAGNESIUM STEARATE;POLYETHYLENE GLYCOL, UNSPECIFIED;POLYSORBATE 80;POVIDONE K90;TITANIUM DIOXIDE;FD&C YELLOW NO. 6;",HRX,SCD,diltiazem hydrochloride 60 MG Oral Tablet,831103,2020-02-10 16:04:11,0093-0319,0,,930319,93,319,Diltiazem Hydrochloride,active,20161222,52512d69-f1d3-47ef-b7fa-53e5324d11af.xml,,C42931,34391-3,,,LABELER,"Teva Pharmaceuticals USA, Inc.",C73584,NLM,TRUE,,9,,,TRUE,FALSE,FALSE,TRUE,TRUE
00093-0320-01_PART_1_OF_1_CHAL10_SB_702B3819.jpg,00093-0320-01,320,TRUE,FALSE,FALSE,fcn_mix_weight/dr_224/00093-0320-01_PART_1_OF_1_CHAL10_SB_702B3819.jpg,00093-0320-01_702B3819,26315,TRUE,10/17/2017 05:31:14 PM,2020-02-10 17:03:29,69ca7cae-fdf3-413a-900b-95cf6e9e7b63-0093-0320-0,69ca7cae-fdf3-413a-900b-95cf6e9e7b63,17,,C48345,OVAL,,2,,93;320,,C48331,ORANGE,,DILTIAZEM HYDROCHLORIDE 90 mg;,DILTIAZEM HYDROCHLORIDE[DILTIAZEM];,"HYPROMELLOSE, UNSPECIFIED;LACTOSE MONOHYDRATE;MAGNESIUM STEARATE;POLYETHYLENE GLYCOL, UNSPECIFIED;POLYSORBATE 80;POVIDONE K90;TITANIUM DIOXIDE;FD&C YELLOW NO. 6;",HRX,SCD,diltiazem hydrochloride 90 MG Oral Tablet,831102,2020-02-10 15:25:47,0093-0320,0,,930320,93,320,Diltiazem Hydrochloride,active,20161222,52512d69-f1d3-47ef-b7fa-53e5324d11af.xml,,C42931,34391-3,,,LABELER,"Teva Pharmaceuticals USA, Inc.",C73584,NLM,TRUE,,9,,,TRUE,FALSE,FALSE,TRUE,TRUE
00093-0320-01_PART_1_OF_1_CHAL10_SF_702B3819.jpg,00093-0320-01,320,TRUE,TRUE,FALSE,fcn_mix_weight/dr_224/00093-0320-01_PART_1_OF_1_CHAL10_SF_702B3819.jpg,00093-0320-01_702B3819,26315,TRUE,10/17/2017 05:31:14 PM,2020-02-10 17:03:29,69ca7cae-fdf3-413a-900b-95cf6e9e7b63-0093-0320-0,69ca7cae-fdf3-413a-900b-95cf6e9e7b63,17,,C48345,OVAL,,2,,93;320,,C48331,ORANGE,,DILTIAZEM HYDROCHLORIDE 90 mg;,DILTIAZEM HYDROCHLORIDE[DILTIAZEM];,"HYPROMELLOSE, UNSPECIFIED;LACTOSE MONOHYDRATE;MAGNESIUM STEARATE;POLYETHYLENE GLYCOL, UNSPECIFIED;POLYSORBATE 80;POVIDONE K90;TITANIUM DIOXIDE;FD&C YELLOW NO. 6;",HRX,SCD,diltiazem hydrochloride 90 MG Oral Tablet,831102,2020-02-10 15:25:47,0093-0320,0,,930320,93,320,Diltiazem Hydrochloride,active,20161222,52512d69-f1d3-47ef-b7fa-53e5324d11af.xml,,C42931,34391-3,,,LABELER,"Teva Pharmaceuticals USA, Inc.",C73584,NLM,TRUE,,9,,,TRUE,FALSE,FALSE,TRUE,TRUE
00093-0321-01_PART_1_OF_1_CHAL10_SB_902B486A.jpg,00093-0321-01,321,TRUE,FALSE,FALSE,fcn_mix_weight/dr_224/00093-0321-01_PART_1_OF_1_CHAL10_SB_902B486A.jpg,00093-0321-01_902B486A,31892,TRUE,10/17/2017 05:31:38 PM,2020-02-10 17:10:57,69ca7cae-fdf3-413a-900b-95cf6e9e7b63-0093-0321-0,69ca7cae-fdf3-413a-900b-95cf6e9e7b63,19,,C48345,OVAL,,2,,93;321,,C48331,ORANGE,,DILTIAZEM HYDROCHLORIDE 120 mg;,DILTIAZEM HYDROCHLORIDE[DILTIAZEM];,"HYPROMELLOSE, UNSPECIFIED;LACTOSE MONOHYDRATE;MAGNESIUM STEARATE;POLYETHYLENE GLYCOL, UNSPECIFIED;POLYSORBATE 80;POVIDONE K90;TITANIUM DIOXIDE;FD&C YELLOW NO. 6;",HRX,SCD,diltiazem hydrochloride 120 MG Oral Tablet,831054,2020-02-10 16:04:04,0093-0321,0,,930321,93,321,Diltiazem Hydrochloride,active,20161222,52512d69-f1d3-47ef-b7fa-53e5324d11af.xml,,C42931,34391-3,,,LABELER,"Teva Pharmaceuticals USA, Inc.",C73584,NLM,TRUE,,9,,,TRUE,FALSE,FALSE,TRUE,TRUE
00093-0321-01_PART_1_OF_1_CHAL10_SF_902B486A.jpg,00093-0321-01,321,TRUE,TRUE,FALSE,fcn_mix_weight/dr_224/00093-0321-01_PART_1_OF_1_CHAL10_SF_902B486A.jpg,00093-0321-01_902B486A,31892,TRUE,10/17/2017 05:31:38 PM,2020-02-10 17:10:57,69ca7cae-fdf3-413a-900b-95cf6e9e7b63-0093-0321-0,69ca7cae-fdf3-413a-900b-95cf6e9e7b63,19,,C48345,OVAL,,2,,93;321,,C48331,ORANGE,,DILTIAZEM HYDROCHLORIDE 120 mg;,DILTIAZEM HYDROCHLORIDE[DILTIAZEM];,"HYPROMELLOSE, UNSPECIFIED;LACTOSE MONOHYDRATE;MAGNESIUM STEARATE;POLYETHYLENE GLYCOL, UNSPECIFIED;POLYSORBATE 80;POVIDONE K90;TITANIUM DIOXIDE;FD&C YELLOW NO. 6;",HRX,SCD,diltiazem hydrochloride 120 MG Oral Tablet,831054,2020-02-10 16:04:04,0093-0321,0,,930321,93,321,Diltiazem Hydrochloride,active,20161222,52512d69-f1d3-47ef-b7fa-53e5324d11af.xml,,C42931,34391-3,,,LABELER,"Teva Pharmaceuticals USA, Inc.",C73584,NLM,TRUE,,9,,,TRUE,FALSE,FALSE,TRUE,TRUE
00093-0536-01_PART_1_OF_1_CHAL10_SB_992B4CEA.jpg,00093-0536-01,536,TRUE,FALSE,FALSE,fcn_mix_weight/dr_224/00093-0536-01_PART_1_OF_1_CHAL10_SB_992B4CEA.jpg,00093-0536-01_992B4CEA,4408,TRUE,10/17/2017 05:29:40 PM,10/17/2017 05:29:40 PM,62045862-c90d-4545-9494-af32a65cf689-0093-0536-0,62045862-c90d-4545-9494-af32a65cf689,15,,C48345,OVAL,,1,,93;536,,C48325,WHITE,,NAPROXEN SODIUM 275 mg;,NAPROXEN SODIUM[NAPROXEN];,"HYPROMELLOSE 2910 (5 MPA.S);MAGNESIUM STEARATE;CELLULOSE, MICROCRYSTALLINE;POLYETHYLENE GLYCOL 8000;POLYETHYLENE GLYCOL 6000;POVIDONE K30;SILICON DIOXIDE;TALC;TITANIUM DIOXIDE;",HRX,,Naproxen sodium 275 MG Oral Tablet,849398,,0093-0536,0,,930536,93,536,Naproxen Sodium,completed,20160125,6320cf3a-9ad7-4853-b52b-0d7775e37bee.xml,,C42931,34391-3,,,LABELER,Teva Pharmaceuticals USA Inc,C73584,NLM,TRUE,,8,,,FALSE,TRUE,FALSE,TRUE,TRUE
00093-0536-01_PART_1_OF_1_CHAL10_SF_992B4CEA.jpg,00093-0536-01,536,TRUE,TRUE,FALSE,fcn_mix_weight/dr_224/00093-0536-01_PART_1_OF_1_CHAL10_SF_992B4CEA.jpg,00093-0536-01_992B4CEA,4408,TRUE,10/17/2017 05:29:40 PM,10/17/2017 05:29:40 PM,62045862-c90d-4545-9494-af32a65cf689-0093-0536-0,62045862-c90d-4545-9494-af32a65cf689,15,,C48345,OVAL,,1,,93;536,,C48325,WHITE,,NAPROXEN SODIUM 275 mg;,NAPROXEN SODIUM[NAPROXEN];,"HYPROMELLOSE 2910 (5 MPA.S);MAGNESIUM STEARATE;CELLULOSE, MICROCRYSTALLINE;POLYETHYLENE GLYCOL 8000;POLYETHYLENE GLYCOL 6000;POVIDONE K30;SILICON DIOXIDE;TALC;TITANIUM DIOXIDE;",HRX,,Naproxen sodium 275 MG Oral Tablet,849398,,0093-0536,0,,930536,93,536,Naproxen Sodium,completed,20160125,6320cf3a-9ad7-4853-b52b-0d7775e37bee.xml,,C42931,34391-3,,,LABELER,Teva Pharmaceuticals USA Inc,C73584,NLM,TRUE,,8,,,FALSE,TRUE,FALSE,TRUE,TRUE
00093-0537-01_PART_1_OF_1_CHAL10_SB_942B4A7A.jpg,00093-0537-01,537,TRUE,FALSE,FALSE,fcn_mix_weight/dr_224/00093-0537-01_PART_1_OF_1_CHAL10_SB_942B4A7A.jpg,00093-0537-01_942B4A7A,21491,TRUE,10/17/2017 05:30:53 PM,10/17/2017 05:30:53 PM,62045862-c90d-4545-9494-af32a65cf689-0093-0537-0,62045862-c90d-4545-9494-af32a65cf689,19,,C48345,OVAL,,1,,93;537,,C48325,WHITE,,NAPROXEN SODIUM 550 mg;,NAPROXEN SODIUM[NAPROXEN];,"HYPROMELLOSE 2910 (5 MPA.S);MAGNESIUM STEARATE;CELLULOSE, MICROCRYSTALLINE;POLYETHYLENE GLYCOL 8000;POLYETHYLENE GLYCOL 6000;POVIDONE K30;SILICON DIOXIDE;TALC;TITANIUM DIOXIDE;",HRX,,Naproxen sodium 550 MG Oral Tablet,849431,,0093-0537,0,,930537,93,537,Naproxen Sodium,completed,20160125,6320cf3a-9ad7-4853-b52b-0d7775e37bee.xml,,C42931,34391-3,,,LABELER,Teva Pharmaceuticals USA Inc,C73584,NLM,TRUE,,8,,,FALSE,TRUE,FALSE,TRUE,TRUE
00093-0537-01_PART_1_OF_1_CHAL10_SF_942B4A7A.jpg,00093-0537-01,537,TRUE,TRUE,FALSE,fcn_mix_weight/dr_224/00093-0537-01_PART_1_OF_1_CHAL10_SF_942B4A7A.jpg,00093-0537-01_942B4A7A,21491,TRUE,10/17/2017 05:30:53 PM,10/17/2017 05:30:53 PM,62045862-c90d-4545-9494-af32a65cf689-0093-0537-0,62045862-c90d-4545-9494-af32a65cf689,19,,C48345,OVAL,,1,,93;537,,C48325,WHITE,,NAPROXEN SODIUM 550 mg;,NAPROXEN SODIUM[NAPROXEN];,"HYPROMELLOSE 2910 (5 MPA.S);MAGNESIUM STEARATE;CELLULOSE, MICROCRYSTALLINE;POLYETHYLENE GLYCOL 8000;POLYETHYLENE GLYCOL 6000;POVIDONE K30;SILICON DIOXIDE;TALC;TITANIUM DIOXIDE;",HRX,,Naproxen sodium 550 MG Oral Tablet,849431,,0093-0537,0,,930537,93,537,Naproxen Sodium,completed,20160125,6320cf3a-9ad7-4853-b52b-0d7775e37bee.xml,,C42931,34391-3,,,LABELER,Teva Pharmaceuticals USA Inc,C73584,NLM,TRUE,,8,,,FALSE,TRUE,FALSE,TRUE,TRUE
00093-0576-06_PART_1_OF_1_CHAL10_SB_6026B005.jpg,00093-0576-06,576,TRUE,FALSE,FALSE,fcn_mix_weight/dr_224/00093-0576-06_PART_1_OF_1_CHAL10_SB_6026B005.jpg,00093-0576-06_6026B005,20492,TRUE,10/17/2017 05:30:49 PM,2020-02-10 17:11:50,0e15feec-d27e-4861-8152-c5a8b8ccacd4-0093-0576-0,0e15feec-d27e-4861-8152-c5a8b8ccacd4,9,,C48348,ROUND,,1,,576;TEVA,,C48333,BLUE,,LOVASTATIN 20 mg;,LOVASTATIN[LOVASTATIN];,"LACTOSE MONOHYDRATE;MAGNESIUM STEARATE;CELLULOSE, MICROCRYSTALLINE;STARCH, CORN;BUTYLATED HYDROXYANISOLE;FD&C BLUE NO. 1;",HRX,SCD,lovastatin 20 MG Oral Tablet,197904,2020-02-10 16:08:51,0093-0576,0,,930576,93,576,Lovastatin,active,20200831,a195af05-5d9c-4cc9-8e4c-c064dca06950.xml,,C42998,34391-3,,,LABELER,"Teva Pharmaceuticals USA, Inc.",C73584,NLM,TRUE,,18,,,TRUE,FALSE,FALSE,TRUE,TRUE
00093-0576-06_PART_1_OF_1_CHAL10_SB_DB23EDBF.jpg,00093-0576-06,576,TRUE,FALSE,FALSE,fcn_mix_weight/dr_224/00093-0576-06_PART_1_OF_1_CHAL10_SB_DB23EDBF.jpg,00093-0576-06_DB23EDBF,20492,TRUE,10/17/2017 05:30:49 PM,2020-02-10 17:11:50,0e15feec-d27e-4861-8152-c5a8b8ccacd4-0093-0576-0,0e15feec-d27e-4861-8152-c5a8b8ccacd4,9,,C48348,ROUND,,1,,576;TEVA,,C48333,BLUE,,LOVASTATIN 20 mg;,LOVASTATIN[LOVASTATIN];,"LACTOSE MONOHYDRATE;MAGNESIUM STEARATE;CELLULOSE, MICROCRYSTALLINE;STARCH, CORN;BUTYLATED HYDROXYANISOLE;FD&C BLUE NO. 1;",HRX,SCD,lovastatin 20 MG Oral Tablet,197904,2020-02-10 16:08:51,0093-0576,0,,930576,93,576,Lovastatin,active,20200831,a195af05-5d9c-4cc9-8e4c-c064dca06950.xml,,C42998,34391-3,,,LABELER,"Teva Pharmaceuticals USA, Inc.",C73584,NLM,TRUE,,18,,,TRUE,FALSE,FALSE,TRUE,TRUE
00093-0576-06_PART_1_OF_1_CHAL10_SF_6026B005.jpg,00093-0576-06,576,TRUE,TRUE,FALSE,fcn_mix_weight/dr_224/00093-0576-06_PART_1_OF_1_CHAL10_SF_6026B005.jpg,00093-0576-06_6026B005,20492,TRUE,10/17/2017 05:30:49 PM,2020-02-10 17:11:50,0e15feec-d27e-4861-8152-c5a8b8ccacd4-0093-0576-0,0e15feec-d27e-4861-8152-c5a8b8ccacd4,9,,C48348,ROUND,,1,,576;TEVA,,C48333,BLUE,,LOVASTATIN 20 mg;,LOVASTATIN[LOVASTATIN];,"LACTOSE MONOHYDRATE;MAGNESIUM STEARATE;CELLULOSE, MICROCRYSTALLINE;STARCH, CORN;BUTYLATED HYDROXYANISOLE;FD&C BLUE NO. 1;",HRX,SCD,lovastatin 20 MG Oral Tablet,197904,2020-02-10 16:08:51,0093-0576,0,,930576,93,576,Lovastatin,active,20200831,a195af05-5d9c-4cc9-8e4c-c064dca06950.xml,,C42998,34391-3,,,LABELER,"Teva Pharmaceuticals USA, Inc.",C73584,NLM,TRUE,,18,,,TRUE,FALSE,FALSE,TRUE,TRUE
00093-0576-06_PART_1_OF_1_CHAL10_SF_DB23EDBF.jpg,00093-0576-06,576,TRUE,TRUE,FALSE,fcn_mix_weight/dr_224/00093-0576-06_PART_1_OF_1_CHAL10_SF_DB23EDBF.jpg,00093-0576-06_DB23EDBF,20492,TRUE,10/17/2017 05:30:49 PM,2020-02-10 17:11:50,0e15feec-d27e-4861-8152-c5a8b8ccacd4-0093-0576-0,0e15feec-d27e-4861-8152-c5a8b8ccacd4,9,,C48348,ROUND,,1,,576;TEVA,,C48333,BLUE,,LOVASTATIN 20 mg;,LOVASTATIN[LOVASTATIN];,"LACTOSE MONOHYDRATE;MAGNESIUM STEARATE;CELLULOSE, MICROCRYSTALLINE;STARCH, CORN;BUTYLATED HYDROXYANISOLE;FD&C BLUE NO. 1;",HRX,SCD,lovastatin 20 MG Oral Tablet,197904,2020-02-10 16:08:51,0093-0576,0,,930576,93,576,Lovastatin,active,20200831,a195af05-5d9c-4cc9-8e4c-c064dca06950.xml,,C42998,34391-3,,,LABELER,"Teva Pharmaceuticals USA, Inc.",C73584,NLM,TRUE,,18,,,TRUE,FALSE,FALSE,TRUE,TRUE
00093-0670-06_PART_1_OF_1_CHAL10_SB_822B417A.jpg,00093-0670-06,670,TRUE,FALSE,FALSE,fcn_mix_weight/dr_224/00093-0670-06_PART_1_OF_1_CHAL10_SB_822B417A.jpg,00093-0670-06_822B417A,34544,TRUE,10/17/2017 05:31:50 PM,2020-02-10 17:02:19,beade464-5f49-42c8-8373-a1406ccbacd7-0093-0670-0,beade464-5f49-42c8-8373-a1406ccbacd7,19,,C48345,OVAL,,2,,93;670,,C48325,WHITE,,GEMFIBROZIL 600 mg;,GEMFIBROZIL[GEMFIBROZIL];,"CALCIUM STEARATE;SILICON DIOXIDE;HYDROXYPROPYL CELLULOSE (1600000 WAMW);HYPROMELLOSE 2910 (15 MPA.S);MICROCRYSTALLINE CELLULOSE;POLYDEXTROSE;POLYETHYLENE GLYCOL 4000;POLYSORBATE 80;STARCH, CORN;TITANIUM DIOXIDE;",HRX,SCD,gemfibrozil 600 MG Oral Tablet,310459,2020-02-10 15:20:00,0093-0670,0,,930670,93,670,Gemfibrozil,completed,20170401,c1a5dc78-eab0-4d04-8dae-ac59a1f97ff9.xml,,C42931,34391-3,,,LABELER,"Teva Pharmaceuticals USA, Inc.",C73584,NLM,TRUE,,16,,,TRUE,FALSE,FALSE,TRUE,TRUE
00093-0670-06_PART_1_OF_1_CHAL10_SF_822B417A.jpg,00093-0670-06,670,TRUE,TRUE,FALSE,fcn_mix_weight/dr_224/00093-0670-06_PART_1_OF_1_CHAL10_SF_822B417A.jpg,00093-0670-06_822B417A,34544,TRUE,10/17/2017 05:31:50 PM,2020-02-10 17:02:19,beade464-5f49-42c8-8373-a1406ccbacd7-0093-0670-0,beade464-5f49-42c8-8373-a1406ccbacd7,19,,C48345,OVAL,,2,,93;670,,C48325,WHITE,,GEMFIBROZIL 600 mg;,GEMFIBROZIL[GEMFIBROZIL];,"CALCIUM STEARATE;SILICON DIOXIDE;HYDROXYPROPYL CELLULOSE (1600000 WAMW);HYPROMELLOSE 2910 (15 MPA.S);MICROCRYSTALLINE CELLULOSE;POLYDEXTROSE;POLYETHYLENE GLYCOL 4000;POLYSORBATE 80;STARCH, CORN;TITANIUM DIOXIDE;",HRX,SCD,gemfibrozil 600 MG Oral Tablet,310459,2020-02-10 15:20:00,0093-0670,0,,930670,93,670,Gemfibrozil,completed,20170401,c1a5dc78-eab0-4d04-8dae-ac59a1f97ff9.xml,,C42931,34391-3,,,LABELER,"Teva Pharmaceuticals USA, Inc.",C73584,NLM,TRUE,,16,,,TRUE,FALSE,FALSE,TRUE,TRUE
00093-0733-01_PART_1_OF_1_CHAL10_SB_1E210F08.jpg,00093-0733-01,733,TRUE,FALSE,FALSE,fcn_mix_weight/dr_224/00093-0733-01_PART_1_OF_1_CHAL10_SB_1E210F08.jpg,00093-0733-01_1E210F08,28760,TRUE,10/17/2017 05:31:24 PM,2020-02-10 16:59:47,55136184-33b7-4230-b1bd-291a86168eca-0093-0733-0,55136184-33b7-4230-b1bd-291a86168eca,8,,C48348,ROUND,,2,,93;733,,C48328,PINK,,METOPROLOL TARTRATE 50 mg;,METOPROLOL TARTRATE[METOPROLOL];,SILICON DIOXIDE;HYPROMELLOSE 2910 (3 MPA.S);LACTOSE MONOHYDRATE;MAGNESIUM STEARATE;POLYETHYLENE GLYCOL 400;POVIDONE K30;PROPYLENE GLYCOL;SODIUM STARCH GLYCOLATE TYPE A POTATO;TALC;TITANIUM DIOXIDE;D&C RED NO. 30;ALUMINUM OXIDE;,HRX,SCD,metoprolol tartrate 50 MG Oral Tablet,866514,2020-02-10 15:08:54,0093-0733,0,,930733,93,733,Metoprolol Tartrate,active,20130331,f409bd43-bcfa-40f8-ba45-e873f7c0166a.xml,,C42931,34391-3,,,LABELER,"Teva Pharmaceuticals USA, Inc.",C73584,NLM,TRUE,,10,,,TRUE,FALSE,FALSE,TRUE,TRUE
00093-0733-01_PART_1_OF_1_CHAL10_SB_672B3399.jpg,00093-0733-01,733,TRUE,FALSE,FALSE,fcn_mix_weight/dr_224/00093-0733-01_PART_1_OF_1_CHAL10_SB_672B3399.jpg,00093-0733-01_672B3399,28760,TRUE,10/17/2017 05:31:24 PM,2020-02-10 16:59:47,55136184-33b7-4230-b1bd-291a86168eca-0093-0733-0,55136184-33b7-4230-b1bd-291a86168eca,8,,C48348,ROUND,,2,,93;733,,C48328,PINK,,METOPROLOL TARTRATE 50 mg;,METOPROLOL TARTRATE[METOPROLOL];,SILICON DIOXIDE;HYPROMELLOSE 2910 (3 MPA.S);LACTOSE MONOHYDRATE;MAGNESIUM STEARATE;POLYETHYLENE GLYCOL 400;POVIDONE K30;PROPYLENE GLYCOL;SODIUM STARCH GLYCOLATE TYPE A POTATO;TALC;TITANIUM DIOXIDE;D&C RED NO. 30;ALUMINUM OXIDE;,HRX,SCD,metoprolol tartrate 50 MG Oral Tablet,866514,2020-02-10 15:08:54,0093-0733,0,,930733,93,733,Metoprolol Tartrate,active,20130331,f409bd43-bcfa-40f8-ba45-e873f7c0166a.xml,,C42931,34391-3,,,LABELER,"Teva Pharmaceuticals USA, Inc.",C73584,NLM,TRUE,,10,,,TRUE,FALSE,FALSE,TRUE,TRUE
00093-0733-01_PART_1_OF_1_CHAL10_SF_1E210F08.jpg,00093-0733-01,733,TRUE,TRUE,FALSE,fcn_mix_weight/dr_224/00093-0733-01_PART_1_OF_1_CHAL10_SF_1E210F08.jpg,00093-0733-01_1E210F08,28760,TRUE,10/17/2017 05:31:24 PM,2020-02-10 16:59:47,55136184-33b7-4230-b1bd-291a86168eca-0093-0733-0,55136184-33b7-4230-b1bd-291a86168eca,8,,C48348,ROUND,,2,,93;733,,C48328,PINK,,METOPROLOL TARTRATE 50 mg;,METOPROLOL TARTRATE[METOPROLOL];,SILICON DIOXIDE;HYPROMELLOSE 2910 (3 MPA.S);LACTOSE MONOHYDRATE;MAGNESIUM STEARATE;POLYETHYLENE GLYCOL 400;POVIDONE K30;PROPYLENE GLYCOL;SODIUM STARCH GLYCOLATE TYPE A POTATO;TALC;TITANIUM DIOXIDE;D&C RED NO. 30;ALUMINUM OXIDE;,HRX,SCD,metoprolol tartrate 50 MG Oral Tablet,866514,2020-02-10 15:08:54,0093-0733,0,,930733,93,733,Metoprolol Tartrate,active,20130331,f409bd43-bcfa-40f8-ba45-e873f7c0166a.xml,,C42931,34391-3,,,LABELER,"Teva Pharmaceuticals USA, Inc.",C73584,NLM,TRUE,,10,,,TRUE,FALSE,FALSE,TRUE,TRUE
00093-0733-01_PART_1_OF_1_CHAL10_SF_672B3399.jpg,00093-0733-01,733,TRUE,TRUE,FALSE,fcn_mix_weight/dr_224/00093-0733-01_PART_1_OF_1_CHAL10_SF_672B3399.jpg,00093-0733-01_672B3399,28760,TRUE,10/17/2017 05:31:24 PM,2020-02-10 16:59:47,55136184-33b7-4230-b1bd-291a86168eca-0093-0733-0,55136184-33b7-4230-b1bd-291a86168eca,8,,C48348,ROUND,,2,,93;733,,C48328,PINK,,METOPROLOL TARTRATE 50 mg;,METOPROLOL TARTRATE[METOPROLOL];,SILICON DIOXIDE;HYPROMELLOSE 2910 (3 MPA.S);LACTOSE MONOHYDRATE;MAGNESIUM STEARATE;POLYETHYLENE GLYCOL 400;POVIDONE K30;PROPYLENE GLYCOL;SODIUM STARCH GLYCOLATE TYPE A POTATO;TALC;TITANIUM DIOXIDE;D&C RED NO. 30;ALUMINUM OXIDE;,HRX,SCD,metoprolol tartrate 50 MG Oral Tablet,866514,2020-02-10 15:08:54,0093-0733,0,,930733,93,733,Metoprolol Tartrate,active,20130331,f409bd43-bcfa-40f8-ba45-e873f7c0166a.xml,,C42931,34391-3,,,LABELER,"Teva Pharmaceuticals USA, Inc.",C73584,NLM,TRUE,,10,,,TRUE,FALSE,FALSE,TRUE,TRUE
00093-0734-01_PART_1_OF_1_CHAL10_SB_6C2B3609.jpg,00093-0734-01,734,TRUE,FALSE,FALSE,fcn_mix_weight/dr_224/00093-0734-01_PART_1_OF_1_CHAL10_SB_6C2B3609.jpg,00093-0734-01_6C2B3609,2387,TRUE,10/17/2017 05:29:30 PM,2020-02-10 17:13:36,55136184-33b7-4230-b1bd-291a86168eca-0093-0734-0,55136184-33b7-4230-b1bd-291a86168eca,11,,C48348,ROUND,,2,,93;734,,C48333,BLUE,,METOPROLOL TARTRATE 100 mg;,METOPROLOL TARTRATE[METOPROLOL];,SILICON DIOXIDE;HYPROMELLOSE 2910 (3 MPA.S);LACTOSE MONOHYDRATE;MAGNESIUM STEARATE;POLYETHYLENE GLYCOL 400;POVIDONE K30;PROPYLENE GLYCOL;SODIUM STARCH GLYCOLATE TYPE A POTATO;TALC;TITANIUM DIOXIDE;FD&C BLUE NO. 1;ALUMINUM OXIDE;FD&C BLUE NO. 2;,HRX,SCD,metoprolol tartrate 100 MG Oral Tablet,866511,2020-02-10 16:18:47,0093-0734,0,,930734,93,734,Metoprolol Tartrate,active,20130331,f409bd43-bcfa-40f8-ba45-e873f7c0166a.xml,,C42931,34391-3,,,LABELER,"Teva Pharmaceuticals USA, Inc.",C73584,NLM,TRUE,,10,,,TRUE,FALSE,FALSE,TRUE,TRUE
00093-0734-01_PART_1_OF_1_CHAL10_SB_C022E017.jpg,00093-0734-01,734,TRUE,FALSE,FALSE,fcn_mix_weight/dr_224/00093-0734-01_PART_1_OF_1_CHAL10_SB_C022E017.jpg,00093-0734-01_C022E017,2387,TRUE,10/17/2017 05:29:30 PM,2020-02-10 17:13:36,55136184-33b7-4230-b1bd-291a86168eca-0093-0734-0,55136184-33b7-4230-b1bd-291a86168eca,11,,C48348,ROUND,,2,,93;734,,C48333,BLUE,,METOPROLOL TARTRATE 100 mg;,METOPROLOL TARTRATE[METOPROLOL];,SILICON DIOXIDE;HYPROMELLOSE 2910 (3 MPA.S);LACTOSE MONOHYDRATE;MAGNESIUM STEARATE;POLYETHYLENE GLYCOL 400;POVIDONE K30;PROPYLENE GLYCOL;SODIUM STARCH GLYCOLATE TYPE A POTATO;TALC;TITANIUM DIOXIDE;FD&C BLUE NO. 1;ALUMINUM OXIDE;FD&C BLUE NO. 2;,HRX,SCD,metoprolol tartrate 100 MG Oral Tablet,866511,2020-02-10 16:18:47,0093-0734,0,,930734,93,734,Metoprolol Tartrate,active,20130331,f409bd43-bcfa-40f8-ba45-e873f7c0166a.xml,,C42931,34391-3,,,LABELER,"Teva Pharmaceuticals USA, Inc.",C73584,NLM,TRUE,,10,,,TRUE,FALSE,FALSE,TRUE,TRUE
00093-0734-01_PART_1_OF_1_CHAL10_SF_6C2B3609.jpg,00093-0734-01,734,TRUE,TRUE,FALSE,fcn_mix_weight/dr_224/00093-0734-01_PART_1_OF_1_CHAL10_SF_6C2B3609.jpg,00093-0734-01_6C2B3609,2387,TRUE,10/17/2017 05:29:30 PM,2020-02-10 17:13:36,55136184-33b7-4230-b1bd-291a86168eca-0093-0734-0,55136184-33b7-4230-b1bd-291a86168eca,11,,C48348,ROUND,,2,,93;734,,C48333,BLUE,,METOPROLOL TARTRATE 100 mg;,METOPROLOL TARTRATE[METOPROLOL];,SILICON DIOXIDE;HYPROMELLOSE 2910 (3 MPA.S);LACTOSE MONOHYDRATE;MAGNESIUM STEARATE;POLYETHYLENE GLYCOL 400;POVIDONE K30;PROPYLENE GLYCOL;SODIUM STARCH GLYCOLATE TYPE A POTATO;TALC;TITANIUM DIOXIDE;FD&C BLUE NO. 1;ALUMINUM OXIDE;FD&C BLUE NO. 2;,HRX,SCD,metoprolol tartrate 100 MG Oral Tablet,866511,2020-02-10 16:18:47,0093-0734,0,,930734,93,734,Metoprolol Tartrate,active,20130331,f409bd43-bcfa-40f8-ba45-e873f7c0166a.xml,,C42931,34391-3,,,LABELER,"Teva Pharmaceuticals USA, Inc.",C73584,NLM,TRUE,,10,,,TRUE,FALSE,FALSE,TRUE,TRUE
00093-0734-01_PART_1_OF_1_CHAL10_SF_C022E017.jpg,00093-0734-01,734,TRUE,TRUE,FALSE,fcn_mix_weight/dr_224/00093-0734-01_PART_1_OF_1_CHAL10_SF_C022E017.jpg,00093-0734-01_C022E017,2387,TRUE,10/17/2017 05:29:30 PM,2020-02-10 17:13:36,55136184-33b7-4230-b1bd-291a86168eca-0093-0734-0,55136184-33b7-4230-b1bd-291a86168eca,11,,C48348,ROUND,,2,,93;734,,C48333,BLUE,,METOPROLOL TARTRATE 100 mg;,METOPROLOL TARTRATE[METOPROLOL];,SILICON DIOXIDE;HYPROMELLOSE 2910 (3 MPA.S);LACTOSE MONOHYDRATE;MAGNESIUM STEARATE;POLYETHYLENE GLYCOL 400;POVIDONE K30;PROPYLENE GLYCOL;SODIUM STARCH GLYCOLATE TYPE A POTATO;TALC;TITANIUM DIOXIDE;FD&C BLUE NO. 1;ALUMINUM OXIDE;FD&C BLUE NO. 2;,HRX,SCD,metoprolol tartrate 100 MG Oral Tablet,866511,2020-02-10 16:18:47,0093-0734,0,,930734,93,734,Metoprolol Tartrate,active,20130331,f409bd43-bcfa-40f8-ba45-e873f7c0166a.xml,,C42931,34391-3,,,LABELER,"Teva Pharmaceuticals USA, Inc.",C73584,NLM,TRUE,,10,,,TRUE,FALSE,FALSE,TRUE,TRUE
00093-0752-01_PART_1_OF_1_CHAL10_SB_8826C476.jpg,00093-0752-01,752,TRUE,FALSE,FALSE,fcn_mix_weight/dr_224/00093-0752-01_PART_1_OF_1_CHAL10_SB_8826C476.jpg,00093-0752-01_8826C476,36142,TRUE,10/17/2017 05:31:57 PM,2020-02-10 17:12:01,25a72ec9-de0f-44e5-90b8-da1aab0d3588-0093-0752-0,25a72ec9-de0f-44e5-90b8-da1aab0d3588,7,,C48348,ROUND,,2,,93;752;TEVA,,C48325,WHITE,,ATENOLOL 50 mg;,ATENOLOL[ATENOLOL];,"MAGNESIUM STEARATE;CELLULOSE, MICROCRYSTALLINE;POVIDONE K30;SODIUM STARCH GLYCOLATE TYPE A POTATO;",HRX,SCD,atenolol 50 MG Oral Tablet,197381,2020-02-10 16:10:01,0093-0752,0,,930752,93,752,Atenolol,active,20181113,d3cfc587-b084-4771-bbe2-3446e1fe304c.xml,,C42998,34391-3,,,LABELER,"Teva Pharmaceuticals USA, Inc.",C73584,NLM,TRUE,,14,,,TRUE,FALSE,FALSE,TRUE,TRUE
00093-0752-01_PART_1_OF_1_CHAL10_SF_8826C476.jpg,00093-0752-01,752,TRUE,TRUE,FALSE,fcn_mix_weight/dr_224/00093-0752-01_PART_1_OF_1_CHAL10_SF_8826C476.jpg,00093-0752-01_8826C476,36142,TRUE,10/17/2017 05:31:57 PM,2020-02-10 17:12:01,25a72ec9-de0f-44e5-90b8-da1aab0d3588-0093-0752-0,25a72ec9-de0f-44e5-90b8-da1aab0d3588,7,,C48348,ROUND,,2,,93;752;TEVA,,C48325,WHITE,,ATENOLOL 50 mg;,ATENOLOL[ATENOLOL];,"MAGNESIUM STEARATE;CELLULOSE, MICROCRYSTALLINE;POVIDONE K30;SODIUM STARCH GLYCOLATE TYPE A POTATO;",HRX,SCD,atenolol 50 MG Oral Tablet,197381,2020-02-10 16:10:01,0093-0752,0,,930752,93,752,Atenolol,active,20181113,d3cfc587-b084-4771-bbe2-3446e1fe304c.xml,,C42998,34391-3,,,LABELER,"Teva Pharmaceuticals USA, Inc.",C73584,NLM,TRUE,,14,,,TRUE,FALSE,FALSE,TRUE,TRUE
00093-0753-01_PART_1_OF_1_CHAL10_SB_A526D2E6.jpg,00093-0753-01,753,TRUE,FALSE,FALSE,fcn_mix_weight/dr_224/00093-0753-01_PART_1_OF_1_CHAL10_SB_A526D2E6.jpg,00093-0753-01_A526D2E6,3065,TRUE,10/17/2017 05:29:34 PM,2020-02-10 17:07:43,25a72ec9-de0f-44e5-90b8-da1aab0d3588-0093-0753-0,25a72ec9-de0f-44e5-90b8-da1aab0d3588,9,,C48348,ROUND,,1,,753;TEVA,,C48325,WHITE,,ATENOLOL 100 mg;,ATENOLOL[ATENOLOL];,"MAGNESIUM STEARATE;CELLULOSE, MICROCRYSTALLINE;POVIDONE K30;SODIUM STARCH GLYCOLATE TYPE A POTATO;",HRX,SCD,atenolol 100 MG Oral Tablet,197379,2020-02-10 15:45:55,0093-0753,0,,930753,93,753,Atenolol,active,20181113,d3cfc587-b084-4771-bbe2-3446e1fe304c.xml,,C42998,34391-3,,,LABELER,"Teva Pharmaceuticals USA, Inc.",C73584,NLM,TRUE,,14,,,TRUE,FALSE,FALSE,TRUE,TRUE
00093-0753-01_PART_1_OF_1_CHAL10_SF_A526D2E6.jpg,00093-0753-01,753,TRUE,TRUE,FALSE,fcn_mix_weight/dr_224/00093-0753-01_PART_1_OF_1_CHAL10_SF_A526D2E6.jpg,00093-0753-01_A526D2E6,3065,TRUE,10/17/2017 05:29:34 PM,2020-02-10 17:07:43,25a72ec9-de0f-44e5-90b8-da1aab0d3588-0093-0753-0,25a72ec9-de0f-44e5-90b8-da1aab0d3588,9,,C48348,ROUND,,1,,753;TEVA,,C48325,WHITE,,ATENOLOL 100 mg;,ATENOLOL[ATENOLOL];,"MAGNESIUM STEARATE;CELLULOSE, MICROCRYSTALLINE;POVIDONE K30;SODIUM STARCH GLYCOLATE TYPE A POTATO;",HRX,SCD,atenolol 100 MG Oral Tablet,197379,2020-02-10 15:45:55,0093-0753,0,,930753,93,753,Atenolol,active,20181113,d3cfc587-b084-4771-bbe2-3446e1fe304c.xml,,C42998,34391-3,,,LABELER,"Teva Pharmaceuticals USA, Inc.",C73584,NLM,TRUE,,14,,,TRUE,FALSE,FALSE,TRUE,TRUE
00093-0755-06_PART_1_OF_1_CHAL10_SB_752B3AE9.jpg,00093-0755-06,755,TRUE,FALSE,FALSE,fcn_mix_weight/dr_224/00093-0755-06_PART_1_OF_1_CHAL10_SB_752B3AE9.jpg,00093-0755-06_752B3AE9,18199,TRUE,10/17/2017 05:30:39 PM,2020-02-10 17:03:16,7a78bb38-14d8-4a90-b883-482d4cebf716-0093-0755-0,7a78bb38-14d8-4a90-b883-482d4cebf716,19,,C48345,OVAL,,1,,755;93,,C48333,BLUE,,DIFLUNISAL 500 mg;,DIFLUNISAL[DIFLUNISAL];,"CROSCARMELLOSE SODIUM;FD&C BLUE NO. 2;ALUMINUM OXIDE;INDIGOTINDISULFONATE SODIUM;HYPROMELLOSE 2910 (15 MPA.S);HYPROMELLOSE 2910 (6 MPA.S);CELLULOSE, MICROCRYSTALLINE;STARCH, CORN;PROPYLENE GLYCOL;SODIUM STEARYL FUMARATE;TITANIUM DIOXIDE;",HRX,SCD,diflunisal 500 MG Oral Tablet,197603,2020-02-10 15:24:35,0093-0755,0,,930755,93,755,Diflunisal,active,20150701,e969a5d4-01e9-494d-8989-5827eb4c98a9.xml,,C42931,34391-3,,,LABELER,"Teva Pharmaceuticals USA, Inc.",C73584,NLM,TRUE,,9,,,TRUE,FALSE,FALSE,TRUE,TRUE
00093-0755-06_PART_1_OF_1_CHAL10_SF_752B3AE9.jpg,00093-0755-06,755,TRUE,TRUE,FALSE,fcn_mix_weight/dr_224/00093-0755-06_PART_1_OF_1_CHAL10_SF_752B3AE9.jpg,00093-0755-06_752B3AE9,18199,TRUE,10/17/2017 05:30:39 PM,2020-02-10 17:03:16,7a78bb38-14d8-4a90-b883-482d4cebf716-0093-0755-0,7a78bb38-14d8-4a90-b883-482d4cebf716,19,,C48345,OVAL,,1,,755;93,,C48333,BLUE,,DIFLUNISAL 500 mg;,DIFLUNISAL[DIFLUNISAL];,"CROSCARMELLOSE SODIUM;FD&C BLUE NO. 2;ALUMINUM OXIDE;INDIGOTINDISULFONATE SODIUM;HYPROMELLOSE 2910 (15 MPA.S);HYPROMELLOSE 2910 (6 MPA.S);CELLULOSE, MICROCRYSTALLINE;STARCH, CORN;PROPYLENE GLYCOL;SODIUM STEARYL FUMARATE;TITANIUM DIOXIDE;",HRX,SCD,diflunisal 500 MG Oral Tablet,197603,2020-02-10 15:24:35,0093-0755,0,,930755,93,755,Diflunisal,active,20150701,e969a5d4-01e9-494d-8989-5827eb4c98a9.xml,,C42931,34391-3,,,LABELER,"Teva Pharmaceuticals USA, Inc.",C73584,NLM,TRUE,,9,,,TRUE,FALSE,FALSE,TRUE,TRUE
00093-0757-01_PART_1_OF_1_CHAL10_SB_AC2B561A.jpg,00093-0757-01,757,TRUE,FALSE,FALSE,fcn_mix_weight/dr_224/00093-0757-01_PART_1_OF_1_CHAL10_SB_AC2B561A.jpg,00093-0757-01_AC2B561A,13449,TRUE,10/17/2017 05:30:19 PM,2020-02-10 17:09:31,0c12b60f-ec25-4c59-8b2e-4445e600d051-67544-807-0,0c12b60f-ec25-4c59-8b2e-4445e600d051,18,,C48336,CAPSULE,,1,,93;757;93;757,,C48329,GREEN,,PIROXICAM 20 mg;,PIROXICAM[PIROXICAM];,"SILICON DIOXIDE;STARCH, CORN;D&C YELLOW NO. 10;FD&C GREEN NO. 3;GELATIN;LACTOSE MONOHYDRATE;MAGNESIUM STEARATE;POVIDONE K30;SHELLAC;SODIUM LAURYL SULFATE;TITANIUM DIOXIDE;ETHYLENE GLYCOL MONOETHYL ETHER;LECITHIN, SOYBEAN;DIMETHICONE;PROPYLENE GLYCOL;SODIUM HYDROXIDE;",HRX,,,,2020-02-10 15:56:04,67544-807,0,,675440807,67544,807,Piroxicam,active,20140506,b6848545-e2e1-40d1-aa7e-e5f6100b9edd.xml,0093-0757,C25158,,,,LABELER,"Aphena Pharma Solutions - Tennessee, LLC",C73584,SPL,TRUE,1,1,,,TRUE,FALSE,FALSE,FALSE,TRUE
00093-0757-01_PART_1_OF_1_CHAL10_SF_AC2B561A.jpg,00093-0757-01,757,TRUE,TRUE,FALSE,fcn_mix_weight/dr_224/00093-0757-01_PART_1_OF_1_CHAL10_SF_AC2B561A.jpg,00093-0757-01_AC2B561A,13449,TRUE,10/17/2017 05:30:19 PM,2020-02-10 17:09:31,0c12b60f-ec25-4c59-8b2e-4445e600d051-67544-807-0,0c12b60f-ec25-4c59-8b2e-4445e600d051,18,,C48336,CAPSULE,,1,,93;757;93;757,,C48329,GREEN,,PIROXICAM 20 mg;,PIROXICAM[PIROXICAM];,"SILICON DIOXIDE;STARCH, CORN;D&C YELLOW NO. 10;FD&C GREEN NO. 3;GELATIN;LACTOSE MONOHYDRATE;MAGNESIUM STEARATE;POVIDONE K30;SHELLAC;SODIUM LAURYL SULFATE;TITANIUM DIOXIDE;ETHYLENE GLYCOL MONOETHYL ETHER;LECITHIN, SOYBEAN;DIMETHICONE;PROPYLENE GLYCOL;SODIUM HYDROXIDE;",HRX,,,,2020-02-10 15:56:04,67544-807,0,,675440807,67544,807,Piroxicam,active,20140506,b6848545-e2e1-40d1-aa7e-e5f6100b9edd.xml,0093-0757,C25158,,,,LABELER,"Aphena Pharma Solutions - Tennessee, LLC",C73584,SPL,TRUE,1,1,,,TRUE,FALSE,FALSE,FALSE,TRUE
00093-0771-98_PART_1_OF_1_CHAL10_SB_CA27E56F.jpg,00093-0771-98,771,TRUE,FALSE,FALSE,fcn_mix_weight/dr_224/00093-0771-98_PART_1_OF_1_CHAL10_SB_CA27E56F.jpg,00093-0771-98_CA27E56F,42983,TRUE,10/17/2017 05:32:28 PM,2020-02-10 17:11:08,99e0e848-f8f3-4b42-b880-8fbc42633948-0093-0771-0,99e0e848-f8f3-4b42-b880-8fbc42633948,7,,C48348,ROUND,,1,,TEVA;771,,C48328,PINK,,PRAVASTATIN SODIUM 10 mg;,PRAVASTATIN SODIUM[PRAVASTATIN];,"ANHYDROUS DIBASIC CALCIUM PHOSPHATE;CROSPOVIDONE (15 MPA.S AT 5%);ANHYDROUS LACTOSE;CELLULOSE, MICROCRYSTALLINE;POVIDONE K30;CROSCARMELLOSE SODIUM;FERRIC OXIDE RED;SODIUM STEARYL FUMARATE;",HRX,SCD,pravastatin sodium 10 MG Oral Tablet,904458,2020-02-10 16:05:05,0093-0771,0,,930771,93,771,Pravastatin Sodium,active,20200603,c3f01c1f-58d9-4a2e-abbb-6d0297db1df9.xml,,C42998,34391-3,,,LABELER,"Teva Pharmaceuticals USA, Inc.",C73584,NLM,TRUE,,18,,,TRUE,FALSE,FALSE,TRUE,TRUE
00093-0771-98_PART_1_OF_1_CHAL10_SF_CA27E56F.jpg,00093-0771-98,771,TRUE,TRUE,FALSE,fcn_mix_weight/dr_224/00093-0771-98_PART_1_OF_1_CHAL10_SF_CA27E56F.jpg,00093-0771-98_CA27E56F,42983,TRUE,10/17/2017 05:32:28 PM,2020-02-10 17:11:08,99e0e848-f8f3-4b42-b880-8fbc42633948-0093-0771-0,99e0e848-f8f3-4b42-b880-8fbc42633948,7,,C48348,ROUND,,1,,TEVA;771,,C48328,PINK,,PRAVASTATIN SODIUM 10 mg;,PRAVASTATIN SODIUM[PRAVASTATIN];,"ANHYDROUS DIBASIC CALCIUM PHOSPHATE;CROSPOVIDONE (15 MPA.S AT 5%);ANHYDROUS LACTOSE;CELLULOSE, MICROCRYSTALLINE;POVIDONE K30;CROSCARMELLOSE SODIUM;FERRIC OXIDE RED;SODIUM STEARYL FUMARATE;",HRX,SCD,pravastatin sodium 10 MG Oral Tablet,904458,2020-02-10 16:05:05,0093-0771,0,,930771,93,771,Pravastatin Sodium,active,20200603,c3f01c1f-58d9-4a2e-abbb-6d0297db1df9.xml,,C42998,34391-3,,,LABELER,"Teva Pharmaceuticals USA, Inc.",C73584,NLM,TRUE,,18,,,TRUE,FALSE,FALSE,TRUE,TRUE
00093-0787-01_PART_1_OF_1_CHAL10_SB_AE26D766.jpg,00093-0787-01,787,TRUE,FALSE,FALSE,fcn_mix_weight/dr_224/00093-0787-01_PART_1_OF_1_CHAL10_SB_AE26D766.jpg,00093-0787-01_AE26D766,37469,TRUE,10/17/2017 05:32:03 PM,2020-02-10 17:09:37,25a72ec9-de0f-44e5-90b8-da1aab0d3588-0093-0787-0,25a72ec9-de0f-44e5-90b8-da1aab0d3588,6,,C48348,ROUND,,1,,787;TEVA,,C48325,WHITE,,ATENOLOL 25 mg;,ATENOLOL[ATENOLOL];,"MAGNESIUM STEARATE;CELLULOSE, MICROCRYSTALLINE;POVIDONE K30;SODIUM STARCH GLYCOLATE TYPE A POTATO;",HRX,SCD,atenolol 25 MG Oral Tablet,197380,2020-02-10 15:56:35,0093-0787,0,,930787,93,787,Atenolol,active,20181113,d3cfc587-b084-4771-bbe2-3446e1fe304c.xml,,C42998,34391-3,,,LABELER,"Teva Pharmaceuticals USA, Inc.",C73584,NLM,TRUE,,14,,,TRUE,FALSE,FALSE,TRUE,TRUE
00093-0787-01_PART_1_OF_1_CHAL10_SF_AE26D766.jpg,00093-0787-01,787,TRUE,TRUE,FALSE,fcn_mix_weight/dr_224/00093-0787-01_PART_1_OF_1_CHAL10_SF_AE26D766.jpg,00093-0787-01_AE26D766,37469,TRUE,10/17/2017 05:32:03 PM,2020-02-10 17:09:37,25a72ec9-de0f-44e5-90b8-da1aab0d3588-0093-0787-0,25a72ec9-de0f-44e5-90b8-da1aab0d3588,6,,C48348,ROUND,,1,,787;TEVA,,C48325,WHITE,,ATENOLOL 25 mg;,ATENOLOL[ATENOLOL];,"MAGNESIUM STEARATE;CELLULOSE, MICROCRYSTALLINE;POVIDONE K30;SODIUM STARCH GLYCOLATE TYPE A POTATO;",HRX,SCD,atenolol 25 MG Oral Tablet,197380,2020-02-10 15:56:35,0093-0787,0,,930787,93,787,Atenolol,active,20181113,d3cfc587-b084-4771-bbe2-3446e1fe304c.xml,,C42998,34391-3,,,LABELER,"Teva Pharmaceuticals USA, Inc.",C73584,NLM,TRUE,,14,,,TRUE,FALSE,FALSE,TRUE,TRUE
00093-0924-01_PART_1_OF_1_CHAL10_SB_B729DBEE.jpg,00093-0924-01,924,TRUE,FALSE,FALSE,fcn_mix_weight/dr_224/00093-0924-01_PART_1_OF_1_CHAL10_SB_B729DBEE.jpg,00093-0924-01_B729DBEE,31971,TRUE,10/17/2017 05:31:38 PM,2020-02-10 17:07:01,d7cb66e0-d5be-4b09-b777-f2765cd8a57d-0093-0924-0,d7cb66e0-d5be-4b09-b777-f2765cd8a57d,19,,C48345,OVAL,,2,,9;3;0924,,C48325,WHITE,,OXAPROZIN 600 mg;,OXAPROZIN[OXAPROZIN];,"CARNAUBA WAX;HYPROMELLOSE 2910 (3 MPA.S);HYPROMELLOSE 2910 (5 MPA.S);MAGNESIUM STEARATE;METHYLCELLULOSE (15 CPS);CELLULOSE, MICROCRYSTALLINE;POLACRILIN POTASSIUM;POLYETHYLENE GLYCOL 400;POLYSORBATE 80;STARCH, CORN;TITANIUM DIOXIDE;",HRX,SCD,oxaprozin 600 MG Oral Tablet,312132,2020-02-10 15:42:15,0093-0924,0,,930924,93,924,Oxaprozin,active,20190515,85c1a8cd-b3cb-49e7-9d07-6424da02aa5c.xml,,C42931,34391-3,,,LABELER,"Teva Pharmaceuticals USA, Inc.",C73584,NLM,TRUE,,7,,,TRUE,FALSE,FALSE,TRUE,TRUE
00093-0924-01_PART_1_OF_1_CHAL10_SF_B729DBEE.jpg,00093-0924-01,924,TRUE,TRUE,FALSE,fcn_mix_weight/dr_224/00093-0924-01_PART_1_OF_1_CHAL10_SF_B729DBEE.jpg,00093-0924-01_B729DBEE,31971,TRUE,10/17/2017 05:31:38 PM,2020-02-10 17:07:01,d7cb66e0-d5be-4b09-b777-f2765cd8a57d-0093-0924-0,d7cb66e0-d5be-4b09-b777-f2765cd8a57d,19,,C48345,OVAL,,2,,9;3;0924,,C48325,WHITE,,OXAPROZIN 600 mg;,OXAPROZIN[OXAPROZIN];,"CARNAUBA WAX;HYPROMELLOSE 2910 (3 MPA.S);HYPROMELLOSE 2910 (5 MPA.S);MAGNESIUM STEARATE;METHYLCELLULOSE (15 CPS);CELLULOSE, MICROCRYSTALLINE;POLACRILIN POTASSIUM;POLYETHYLENE GLYCOL 400;POLYSORBATE 80;STARCH, CORN;TITANIUM DIOXIDE;",HRX,SCD,oxaprozin 600 MG Oral Tablet,312132,2020-02-10 15:42:15,0093-0924,0,,930924,93,924,Oxaprozin,active,20190515,85c1a8cd-b3cb-49e7-9d07-6424da02aa5c.xml,,C42931,34391-3,,,LABELER,"Teva Pharmaceuticals USA, Inc.",C73584,NLM,TRUE,,7,,,TRUE,FALSE,FALSE,TRUE,TRUE
00093-0926-06_PART_1_OF_1_CHAL10_SB_9826CC56.jpg,00093-0926-06,926,TRUE,FALSE,FALSE,fcn_mix_weight/dr_224/00093-0926-06_PART_1_OF_1_CHAL10_SB_9826CC56.jpg,00093-0926-06_9826CC56,46851,TRUE,10/17/2017 05:32:46 PM,2020-02-10 17:15:03,0e15feec-d27e-4861-8152-c5a8b8ccacd4-0093-0926-0,0e15feec-d27e-4861-8152-c5a8b8ccacd4,9,,C48348,ROUND,,1,,926;TEVA,,C48331,ORANGE,,LOVASTATIN 10 mg;,LOVASTATIN[LOVASTATIN];,"LACTOSE MONOHYDRATE;MAGNESIUM STEARATE;CELLULOSE, MICROCRYSTALLINE;STARCH, CORN;BUTYLATED HYDROXYANISOLE;FD&C YELLOW NO. 6;",HRX,SCD,lovastatin 10 MG Oral Tablet,197903,2020-02-10 16:26:40,0093-0926,0,,930926,93,926,Lovastatin,active,20200831,a195af05-5d9c-4cc9-8e4c-c064dca06950.xml,,C42998,34391-3,,,LABELER,"Teva Pharmaceuticals USA, Inc.",C73584,NLM,TRUE,,18,,,TRUE,FALSE,FALSE,TRUE,TRUE
00093-0926-06_PART_1_OF_1_CHAL10_SF_9826CC56.jpg,00093-0926-06,926,TRUE,TRUE,FALSE,fcn_mix_weight/dr_224/00093-0926-06_PART_1_OF_1_CHAL10_SF_9826CC56.jpg,00093-0926-06_9826CC56,46851,TRUE,10/17/2017 05:32:46 PM,2020-02-10 17:15:03,0e15feec-d27e-4861-8152-c5a8b8ccacd4-0093-0926-0,0e15feec-d27e-4861-8152-c5a8b8ccacd4,9,,C48348,ROUND,,1,,926;TEVA,,C48331,ORANGE,,LOVASTATIN 10 mg;,LOVASTATIN[LOVASTATIN];,"LACTOSE MONOHYDRATE;MAGNESIUM STEARATE;CELLULOSE, MICROCRYSTALLINE;STARCH, CORN;BUTYLATED HYDROXYANISOLE;FD&C YELLOW NO. 6;",HRX,SCD,lovastatin 10 MG Oral Tablet,197903,2020-02-10 16:26:40,0093-0926,0,,930926,93,926,Lovastatin,active,20200831,a195af05-5d9c-4cc9-8e4c-c064dca06950.xml,,C42998,34391-3,,,LABELER,"Teva Pharmaceuticals USA, Inc.",C73584,NLM,TRUE,,18,,,TRUE,FALSE,FALSE,TRUE,TRUE
00093-0928-06_PART_1_OF_1_CHAL10_SB_6926B4E5.jpg,00093-0928-06,928,TRUE,FALSE,FALSE,fcn_mix_weight/dr_224/00093-0928-06_PART_1_OF_1_CHAL10_SB_6926B4E5.jpg,00093-0928-06_6926B4E5,47042,TRUE,10/17/2017 05:32:47 PM,2020-02-10 17:07:22,0e15feec-d27e-4861-8152-c5a8b8ccacd4-0093-0928-0,0e15feec-d27e-4861-8152-c5a8b8ccacd4,9,,C48348,ROUND,,1,,928;TEVA,,C48329,GREEN,,LOVASTATIN 40 mg;,LOVASTATIN[LOVASTATIN];,"LACTOSE MONOHYDRATE;MAGNESIUM STEARATE;CELLULOSE, MICROCRYSTALLINE;STARCH, CORN;BUTYLATED HYDROXYANISOLE;D&C YELLOW NO. 10;FD&C BLUE NO. 1;FD&C YELLOW NO. 6;",HRX,SCD,lovastatin 40 MG Oral Tablet,197905,2020-02-10 15:43:56,0093-0928,0,,930928,93,928,Lovastatin,active,20200831,a195af05-5d9c-4cc9-8e4c-c064dca06950.xml,,C42998,34391-3,,,LABELER,"Teva Pharmaceuticals USA, Inc.",C73584,NLM,TRUE,,18,,,TRUE,FALSE,FALSE,TRUE,TRUE
00093-0928-06_PART_1_OF_1_CHAL10_SF_6926B4E5.jpg,00093-0928-06,928,TRUE,TRUE,FALSE,fcn_mix_weight/dr_224/00093-0928-06_PART_1_OF_1_CHAL10_SF_6926B4E5.jpg,00093-0928-06_6926B4E5,47042,TRUE,10/17/2017 05:32:47 PM,2020-02-10 17:07:22,0e15feec-d27e-4861-8152-c5a8b8ccacd4-0093-0928-0,0e15feec-d27e-4861-8152-c5a8b8ccacd4,9,,C48348,ROUND,,1,,928;TEVA,,C48329,GREEN,,LOVASTATIN 40 mg;,LOVASTATIN[LOVASTATIN];,"LACTOSE MONOHYDRATE;MAGNESIUM STEARATE;CELLULOSE, MICROCRYSTALLINE;STARCH, CORN;BUTYLATED HYDROXYANISOLE;D&C YELLOW NO. 10;FD&C BLUE NO. 1;FD&C YELLOW NO. 6;",HRX,SCD,lovastatin 40 MG Oral Tablet,197905,2020-02-10 15:43:56,0093-0928,0,,930928,93,928,Lovastatin,active,20200831,a195af05-5d9c-4cc9-8e4c-c064dca06950.xml,,C42998,34391-3,,,LABELER,"Teva Pharmaceuticals USA, Inc.",C73584,NLM,TRUE,,18,,,TRUE,FALSE,FALSE,TRUE,TRUE
00093-1003-01_PART_1_OF_1_CHAL10_SB_B326D9D6.jpg,00093-1003-01,1003,TRUE,FALSE,FALSE,fcn_mix_weight/dr_224/00093-1003-01_PART_1_OF_1_CHAL10_SB_B326D9D6.jpg,00093-1003-01_B326D9D6,20953,TRUE,10/17/2017 05:30:51 PM,2020-02-10 17:04:24,6fac36b4-b223-479e-913f-f8c9cdb9e119-0093-1003-0,6fac36b4-b223-479e-913f-f8c9cdb9e119,15,,C48347,RECTANGLE,,3,,TV;1003;5;5;5,,C48325,WHITE,,BUSPIRONE HYDROCHLORIDE 15 mg;,BUSPIRONE HYDROCHLORIDE[BUSPIRONE];,"ANHYDROUS LACTOSE;SILICON DIOXIDE;MAGNESIUM STEARATE;CELLULOSE, MICROCRYSTALLINE;SODIUM STARCH GLYCOLATE TYPE A POTATO;",HRX,SCD,buspirone hydrochloride 15 MG Oral Tablet,866018,2020-02-10 15:30:02,0093-1003,0,,931003,93,1003,Buspirone Hydrochloride,active,20161231,b1c66076-2620-4011-a0c0-10c88ef5651b.xml,,C42998,34391-3,,,LABELER,"Teva Pharmaceuticals USA, Inc.",C73584,NLM,TRUE,,17,,,TRUE,FALSE,FALSE,TRUE,TRUE
00093-1003-01_PART_1_OF_1_CHAL10_SF_B326D9D6.jpg,00093-1003-01,1003,TRUE,TRUE,FALSE,fcn_mix_weight/dr_224/00093-1003-01_PART_1_OF_1_CHAL10_SF_B326D9D6.jpg,00093-1003-01_B326D9D6,20953,TRUE,10/17/2017 05:30:51 PM,2020-02-10 17:04:24,6fac36b4-b223-479e-913f-f8c9cdb9e119-0093-1003-0,6fac36b4-b223-479e-913f-f8c9cdb9e119,15,,C48347,RECTANGLE,,3,,TV;1003;5;5;5,,C48325,WHITE,,BUSPIRONE HYDROCHLORIDE 15 mg;,BUSPIRONE HYDROCHLORIDE[BUSPIRONE];,"ANHYDROUS LACTOSE;SILICON DIOXIDE;MAGNESIUM STEARATE;CELLULOSE, MICROCRYSTALLINE;SODIUM STARCH GLYCOLATE TYPE A POTATO;",HRX,SCD,buspirone hydrochloride 15 MG Oral Tablet,866018,2020-02-10 15:30:02,0093-1003,0,,931003,93,1003,Buspirone Hydrochloride,active,20161231,b1c66076-2620-4011-a0c0-10c88ef5651b.xml,,C42998,34391-3,,,LABELER,"Teva Pharmaceuticals USA, Inc.",C73584,NLM,TRUE,,17,,,TRUE,FALSE,FALSE,TRUE,TRUE
00093-1041-01_PART_1_OF_1_CHAL10_SB_C429E27F.jpg,00093-1041-01,1041,TRUE,FALSE,FALSE,fcn_mix_weight/dr_224/00093-1041-01_PART_1_OF_1_CHAL10_SB_C429E27F.jpg,00093-1041-01_C429E27F,7197,TRUE,10/17/2017 05:29:52 PM,2020-02-10 17:12:50,1d1d442c-b423-4843-a15b-197dbfeb5df1-0093-1041-0,1d1d442c-b423-4843-a15b-197dbfeb5df1,9,,C48348,ROUND,,1,,93;1041,,C48328,PINK,,Diclofenac Sodium 100 mg;,Diclofenac Sodium[Diclofenac];,polyethylene glycols;Isopropyl alcohol;anhydrous lactose;magnesium stearate;povidone K90;silicon dioxide;talc;D&C Red No. 27;lactose monohydrate;hypromelloses;titanium dioxide;triacetin;hydroxyethyl cellulose (4000 mpa.s at 1%);,HRX,,,,2020-02-10 16:14:45,0093-1041,0,,931041,93,1041,Diclofenac Sodium,active,20120807,c2855478-5678-4c86-94e9-e57390c324eb.xml,,C42930,34391-3,,,LABELER,TEVA Pharmaceuticals USA Inc.,C73584,NLM,TRUE,,8,,,TRUE,FALSE,FALSE,TRUE,TRUE
00093-1041-01_PART_1_OF_1_CHAL10_SF_C429E27F.jpg,00093-1041-01,1041,TRUE,TRUE,FALSE,fcn_mix_weight/dr_224/00093-1041-01_PART_1_OF_1_CHAL10_SF_C429E27F.jpg,00093-1041-01_C429E27F,7197,TRUE,10/17/2017 05:29:52 PM,2020-02-10 17:12:50,1d1d442c-b423-4843-a15b-197dbfeb5df1-0093-1041-0,1d1d442c-b423-4843-a15b-197dbfeb5df1,9,,C48348,ROUND,,1,,93;1041,,C48328,PINK,,Diclofenac Sodium 100 mg;,Diclofenac Sodium[Diclofenac];,polyethylene glycols;Isopropyl alcohol;anhydrous lactose;magnesium stearate;povidone K90;silicon dioxide;talc;D&C Red No. 27;lactose monohydrate;hypromelloses;titanium dioxide;triacetin;hydroxyethyl cellulose (4000 mpa.s at 1%);,HRX,,,,2020-02-10 16:14:45,0093-1041,0,,931041,93,1041,Diclofenac Sodium,active,20120807,c2855478-5678-4c86-94e9-e57390c324eb.xml,,C42930,34391-3,,,LABELER,TEVA Pharmaceuticals USA Inc.,C73584,NLM,TRUE,,8,,,TRUE,FALSE,FALSE,TRUE,TRUE
00093-1077-01_PART_1_OF_1_CHAL10_SB_60293059.jpg,00093-1077-01,1077,TRUE,FALSE,FALSE,fcn_mix_weight/dr_224/00093-1077-01_PART_1_OF_1_CHAL10_SB_60293059.jpg,00093-1077-01_60293059,3586,TRUE,10/17/2017 05:29:36 PM,2020-02-10 17:06:17,3391de8b-7bc9-4624-a5c4-836135b39d99-0093-1077-0,3391de8b-7bc9-4624-a5c4-836135b39d99,10,,C48348,ROUND,,1,,93;1077,,C48331,ORANGE,,CEFPROZIL 250 mg;,CEFPROZIL[CEFPROZIL ANHYDROUS];,HYPROMELLOSES;MAGNESIUM STEARATE;MICROCRYSTALLINE CELLULOSE;POLYETHYLENE GLYCOL 400;POLYSORBATE 80;SODIUM STARCH GLYCOLATE TYPE A POTATO;TITANIUM DIOXIDE;D&C YELLOW NO. 10;FD&C RED NO. 40;FD&C YELLOW NO. 6;,HRX,SCD,cefprozil 250 MG Oral Tablet,197452,2020-02-10 15:38:47,0093-1077,0,,931077,93,1077,Cefprozil,active,20180809,59fd1431-de00-4aed-99ee-f421f0aafe72.xml,,C42931,34391-3,,,LABELER,"Teva Pharmaceuticals USA, Inc.",C73584,NLM,TRUE,,8,,,TRUE,FALSE,FALSE,TRUE,TRUE
00093-1077-01_PART_1_OF_1_CHAL10_SF_60293059.jpg,00093-1077-01,1077,TRUE,TRUE,FALSE,fcn_mix_weight/dr_224/00093-1077-01_PART_1_OF_1_CHAL10_SF_60293059.jpg,00093-1077-01_60293059,3586,TRUE,10/17/2017 05:29:36 PM,2020-02-10 17:06:17,3391de8b-7bc9-4624-a5c4-836135b39d99-0093-1077-0,3391de8b-7bc9-4624-a5c4-836135b39d99,10,,C48348,ROUND,,1,,93;1077,,C48331,ORANGE,,CEFPROZIL 250 mg;,CEFPROZIL[CEFPROZIL ANHYDROUS];,HYPROMELLOSES;MAGNESIUM STEARATE;MICROCRYSTALLINE CELLULOSE;POLYETHYLENE GLYCOL 400;POLYSORBATE 80;SODIUM STARCH GLYCOLATE TYPE A POTATO;TITANIUM DIOXIDE;D&C YELLOW NO. 10;FD&C RED NO. 40;FD&C YELLOW NO. 6;,HRX,SCD,cefprozil 250 MG Oral Tablet,197452,2020-02-10 15:38:47,0093-1077,0,,931077,93,1077,Cefprozil,active,20180809,59fd1431-de00-4aed-99ee-f421f0aafe72.xml,,C42931,34391-3,,,LABELER,"Teva Pharmaceuticals USA, Inc.",C73584,NLM,TRUE,,8,,,TRUE,FALSE,FALSE,TRUE,TRUE
00093-1078-53_PART_1_OF_1_CHAL10_SB_8529C2FE.jpg,00093-1078-53,1078,TRUE,FALSE,FALSE,fcn_mix_weight/dr_224/00093-1078-53_PART_1_OF_1_CHAL10_SB_8529C2FE.jpg,00093-1078-53_8529C2FE,10224,TRUE,10/17/2017 05:30:05 PM,2020-02-10 17:13:51,3391de8b-7bc9-4624-a5c4-836135b39d99-0093-1078-0,3391de8b-7bc9-4624-a5c4-836135b39d99,20,,C48345,OVAL,,1,,1078;93,,C48325,WHITE,,CEFPROZIL 500 mg;,CEFPROZIL[CEFPROZIL ANHYDROUS];,HYPROMELLOSE 2910 (3 MPA.S);HYPROMELLOSE 2910 (6 MPA.S);MAGNESIUM STEARATE;MICROCRYSTALLINE CELLULOSE;POLYETHYLENE GLYCOL 400;POLYSORBATE 80;SODIUM STARCH GLYCOLATE TYPE A POTATO;TITANIUM DIOXIDE;,HRX,,,,2020-02-10 16:20:08,0093-1078,0,,931078,93,1078,Cefprozil,completed,20180809,59fd1431-de00-4aed-99ee-f421f0aafe72.xml,,C42931,34391-3,,,LABELER,"Teva Pharmaceuticals USA, Inc.",C73584,NLM,TRUE,,8,,,TRUE,FALSE,FALSE,TRUE,TRUE
00093-1078-53_PART_1_OF_1_CHAL10_SF_8529C2FE.jpg,00093-1078-53,1078,TRUE,TRUE,FALSE,fcn_mix_weight/dr_224/00093-1078-53_PART_1_OF_1_CHAL10_SF_8529C2FE.jpg,00093-1078-53_8529C2FE,10224,TRUE,10/17/2017 05:30:05 PM,2020-02-10 17:13:51,3391de8b-7bc9-4624-a5c4-836135b39d99-0093-1078-0,3391de8b-7bc9-4624-a5c4-836135b39d99,20,,C48345,OVAL,,1,,1078;93,,C48325,WHITE,,CEFPROZIL 500 mg;,CEFPROZIL[CEFPROZIL ANHYDROUS];,HYPROMELLOSE 2910 (3 MPA.S);HYPROMELLOSE 2910 (6 MPA.S);MAGNESIUM STEARATE;MICROCRYSTALLINE CELLULOSE;POLYETHYLENE GLYCOL 400;POLYSORBATE 80;SODIUM STARCH GLYCOLATE TYPE A POTATO;TITANIUM DIOXIDE;,HRX,,,,2020-02-10 16:20:08,0093-1078,0,,931078,93,1078,Cefprozil,completed,20180809,59fd1431-de00-4aed-99ee-f421f0aafe72.xml,,C42931,34391-3,,,LABELER,"Teva Pharmaceuticals USA, Inc.",C73584,NLM,TRUE,,8,,,TRUE,FALSE,FALSE,TRUE,TRUE
00093-1172-01_PART_1_OF_1_CHAL10_SB_CC2DE65F.jpg,00093-1172-01,1172,TRUE,FALSE,FALSE,fcn_mix_weight/dr_224/00093-1172-01_PART_1_OF_1_CHAL10_SB_CC2DE65F.jpg,00093-1172-01_CC2DE65F,35331,TRUE,10/17/2017 05:31:54 PM,2020-02-10 17:15:23,3111ca84-6f8e-45ea-91a1-9cb99c63607e-0093-1172-0,3111ca84-6f8e-45ea-91a1-9cb99c63607e,13,,C48345,OVAL,,1,,93;1172,,C48325,WHITE,,PENICILLIN V POTASSIUM 250 mg;,PENICILLIN V POTASSIUM[PENICILLIN V];,"CALCIUM PHOSPHATE, DIBASIC, ANHYDROUS;MAGNESIUM STEARATE;CELLULOSE, MICROCRYSTALLINE;ANHYDROUS TRISODIUM CITRATE;",HRX,SCD,penicillin V potassium 250 MG Oral Tablet,834061,2020-02-10 16:28:15,0093-1172,0,,931172,93,1172,Penicillin V Potassium,active,20181025,21ece690-02e3-45ac-a1a5-bada3c9a0966.xml,,C42998,34391-3,,,LABELER,"Teva Pharmaceuticals USA, Inc.",C73584,NLM,TRUE,,10,,,TRUE,FALSE,FALSE,TRUE,TRUE
00093-1172-01_PART_1_OF_1_CHAL10_SF_CC2DE65F.jpg,00093-1172-01,1172,TRUE,TRUE,FALSE,fcn_mix_weight/dr_224/00093-1172-01_PART_1_OF_1_CHAL10_SF_CC2DE65F.jpg,00093-1172-01_CC2DE65F,35331,TRUE,10/17/2017 05:31:54 PM,2020-02-10 17:15:23,3111ca84-6f8e-45ea-91a1-9cb99c63607e-0093-1172-0,3111ca84-6f8e-45ea-91a1-9cb99c63607e,13,,C48345,OVAL,,1,,93;1172,,C48325,WHITE,,PENICILLIN V POTASSIUM 250 mg;,PENICILLIN V POTASSIUM[PENICILLIN V];,"CALCIUM PHOSPHATE, DIBASIC, ANHYDROUS;MAGNESIUM STEARATE;CELLULOSE, MICROCRYSTALLINE;ANHYDROUS TRISODIUM CITRATE;",HRX,SCD,penicillin V potassium 250 MG Oral Tablet,834061,2020-02-10 16:28:15,0093-1172,0,,931172,93,1172,Penicillin V Potassium,active,20181025,21ece690-02e3-45ac-a1a5-bada3c9a0966.xml,,C42998,34391-3,,,LABELER,"Teva Pharmaceuticals USA, Inc.",C73584,NLM,TRUE,,10,,,TRUE,FALSE,FALSE,TRUE,TRUE
00093-1174-01_PART_1_OF_1_CHAL10_SB_B52B5AFA.jpg,00093-1174-01,1174,TRUE,FALSE,FALSE,fcn_mix_weight/dr_224/00093-1174-01_PART_1_OF_1_CHAL10_SB_B52B5AFA.jpg,00093-1174-01_B52B5AFA,3594,TRUE,10/17/2017 05:29:36 PM,2020-02-10 17:07:20,3111ca84-6f8e-45ea-91a1-9cb99c63607e-0093-1174-0,3111ca84-6f8e-45ea-91a1-9cb99c63607e,17,,C48345,OVAL,,2,,9;3;1174,,C48325,WHITE,,PENICILLIN V POTASSIUM 500 mg;,PENICILLIN V POTASSIUM[PENICILLIN V];,"CALCIUM PHOSPHATE, DIBASIC, ANHYDROUS;MAGNESIUM STEARATE;CELLULOSE, MICROCRYSTALLINE;ANHYDROUS TRISODIUM CITRATE;",HRX,SCD,penicillin V potassium 500 MG Oral Tablet,834102,2020-02-10 15:43:47,0093-1174,0,,931174,93,1174,Penicillin V Potassium,active,20181025,21ece690-02e3-45ac-a1a5-bada3c9a0966.xml,,C42998,34391-3,,,LABELER,"Teva Pharmaceuticals USA, Inc.",C73584,NLM,TRUE,,10,,,TRUE,FALSE,FALSE,TRUE,TRUE
00093-1174-01_PART_1_OF_1_CHAL10_SF_B52B5AFA.jpg,00093-1174-01,1174,TRUE,TRUE,FALSE,fcn_mix_weight/dr_224/00093-1174-01_PART_1_OF_1_CHAL10_SF_B52B5AFA.jpg,00093-1174-01_B52B5AFA,3594,TRUE,10/17/2017 05:29:36 PM,2020-02-10 17:07:20,3111ca84-6f8e-45ea-91a1-9cb99c63607e-0093-1174-0,3111ca84-6f8e-45ea-91a1-9cb99c63607e,17,,C48345,OVAL,,2,,9;3;1174,,C48325,WHITE,,PENICILLIN V POTASSIUM 500 mg;,PENICILLIN V POTASSIUM[PENICILLIN V];,"CALCIUM PHOSPHATE, DIBASIC, ANHYDROUS;MAGNESIUM STEARATE;CELLULOSE, MICROCRYSTALLINE;ANHYDROUS TRISODIUM CITRATE;",HRX,SCD,penicillin V potassium 500 MG Oral Tablet,834102,2020-02-10 15:43:47,0093-1174,0,,931174,93,1174,Penicillin V Potassium,active,20181025,21ece690-02e3-45ac-a1a5-bada3c9a0966.xml,,C42998,34391-3,,,LABELER,"Teva Pharmaceuticals USA, Inc.",C73584,NLM,TRUE,,10,,,TRUE,FALSE,FALSE,TRUE,TRUE
00093-1177-01_PART_1_OF_1_CHAL10_SB_4F2B27C9.jpg,00093-1177-01,1177,TRUE,FALSE,FALSE,fcn_mix_weight/dr_224/00093-1177-01_PART_1_OF_1_CHAL10_SB_4F2B27C9.jpg,00093-1177-01_4F2B27C9,21990,TRUE,10/17/2017 05:30:55 PM,2020-02-10 17:07:51,777dbfab-f83e-4738-ae1e-78619a9f82a7-0093-1177-0,777dbfab-f83e-4738-ae1e-78619a9f82a7,11,,C48348,ROUND,,1,,93;1177,,C48325,WHITE,,NEOMYCIN SULFATE 500 mg;,NEOMYCIN SULFATE[NEOMYCIN];,CALCIUM STEARATE;POVIDONE K30;,HRX,SCD,neomycin sulfate 500 MG Oral Tablet,866042,2020-02-10 15:46:55,0093-1177,0,,931177,93,1177,Neomycin Sulfate,active,20200831,f74d693f-1368-45e4-943f-ad3a34c59cf6.xml,,C42998,34391-3,,,LABELER,"Teva Pharmaceuticals USA, Inc.",C73584,NLM,TRUE,,10,,,TRUE,FALSE,FALSE,TRUE,TRUE
00093-1177-01_PART_1_OF_1_CHAL10_SF_4F2B27C9.jpg,00093-1177-01,1177,TRUE,TRUE,FALSE,fcn_mix_weight/dr_224/00093-1177-01_PART_1_OF_1_CHAL10_SF_4F2B27C9.jpg,00093-1177-01_4F2B27C9,21990,TRUE,10/17/2017 05:30:55 PM,2020-02-10 17:07:51,777dbfab-f83e-4738-ae1e-78619a9f82a7-0093-1177-0,777dbfab-f83e-4738-ae1e-78619a9f82a7,11,,C48348,ROUND,,1,,93;1177,,C48325,WHITE,,NEOMYCIN SULFATE 500 mg;,NEOMYCIN SULFATE[NEOMYCIN];,CALCIUM STEARATE;POVIDONE K30;,HRX,SCD,neomycin sulfate 500 MG Oral Tablet,866042,2020-02-10 15:46:55,0093-1177,0,,931177,93,1177,Neomycin Sulfate,active,20200831,f74d693f-1368-45e4-943f-ad3a34c59cf6.xml,,C42998,34391-3,,,LABELER,"Teva Pharmaceuticals USA, Inc.",C73584,NLM,TRUE,,10,,,TRUE,FALSE,FALSE,TRUE,TRUE
00093-2046-56_PART_1_OF_1_CHAL10_SB_EE29773B.jpg,00093-2046-56,2046,TRUE,FALSE,FALSE,fcn_mix_weight/dr_224/00093-2046-56_PART_1_OF_1_CHAL10_SB_EE29773B.jpg,00093-2046-56_EE29773B,24055,TRUE,10/17/2017 05:31:04 PM,2020-02-10 17:12:53,a3fcf590-64a7-4d6e-8b5a-ee637675f716-0093-2046-0,a3fcf590-64a7-4d6e-8b5a-ee637675f716,8,,C48348,ROUND,,1,,ACTOS;45,,C48325,WHITE,,pioglitazone hydrochloride 45 mg;,pioglitazone hydrochloride[pioglitazone];,carboxymethylcellulose calcium;HYDROXYPROPYL CELLULOSE (TYPE H);lactose monohydrate;magnesium stearate;,HRX,,,,2020-02-10 16:15:02,0093-2046,0,,932046,93,2046,Pioglitazone,active,20121031,3c52f60a-9068-4606-8056-02cebd614d74.xml,,C42998,34391-3,,,LABELER,Teva Pharmaceuticals USA Inc,C73605,NLM,TRUE,,2,,,TRUE,FALSE,FALSE,TRUE,TRUE
00093-2046-56_PART_1_OF_1_CHAL10_SF_EE29773B.jpg,00093-2046-56,2046,TRUE,TRUE,FALSE,fcn_mix_weight/dr_224/00093-2046-56_PART_1_OF_1_CHAL10_SF_EE29773B.jpg,00093-2046-56_EE29773B,24055,TRUE,10/17/2017 05:31:04 PM,2020-02-10 17:12:53,a3fcf590-64a7-4d6e-8b5a-ee637675f716-0093-2046-0,a3fcf590-64a7-4d6e-8b5a-ee637675f716,8,,C48348,ROUND,,1,,ACTOS;45,,C48325,WHITE,,pioglitazone hydrochloride 45 mg;,pioglitazone hydrochloride[pioglitazone];,carboxymethylcellulose calcium;HYDROXYPROPYL CELLULOSE (TYPE H);lactose monohydrate;magnesium stearate;,HRX,,,,2020-02-10 16:15:02,0093-2046,0,,932046,93,2046,Pioglitazone,active,20121031,3c52f60a-9068-4606-8056-02cebd614d74.xml,,C42998,34391-3,,,LABELER,Teva Pharmaceuticals USA Inc,C73605,NLM,TRUE,,2,,,TRUE,FALSE,FALSE,TRUE,TRUE
00093-2047-56_PART_1_OF_1_CHAL10_SB_EA29752B.jpg,00093-2047-56,2047,TRUE,FALSE,FALSE,fcn_mix_weight/dr_224/00093-2047-56_PART_1_OF_1_CHAL10_SB_EA29752B.jpg,00093-2047-56_EA29752B,9711,TRUE,10/17/2017 05:30:03 PM,2020-02-10 17:02:50,a3fcf590-64a7-4d6e-8b5a-ee637675f716-0093-2047-0,a3fcf590-64a7-4d6e-8b5a-ee637675f716,7,,C48348,ROUND,,1,,ACTOS;30,,C48325,WHITE,,pioglitazone hydrochloride 30 mg;,pioglitazone hydrochloride[pioglitazone];,carboxymethylcellulose calcium;HYDROXYPROPYL CELLULOSE (TYPE H);lactose monohydrate;magnesium stearate;,HRX,,,,2020-02-10 15:22:25,0093-2047,0,,932047,93,2047,Pioglitazone,active,20121031,3c52f60a-9068-4606-8056-02cebd614d74.xml,,C42998,34391-3,,,LABELER,Teva Pharmaceuticals USA Inc,C73605,NLM,TRUE,,2,,,TRUE,FALSE,FALSE,TRUE,TRUE
00093-2047-56_PART_1_OF_1_CHAL10_SF_EA29752B.jpg,00093-2047-56,2047,TRUE,TRUE,FALSE,fcn_mix_weight/dr_224/00093-2047-56_PART_1_OF_1_CHAL10_SF_EA29752B.jpg,00093-2047-56_EA29752B,9711,TRUE,10/17/2017 05:30:03 PM,2020-02-10 17:02:50,a3fcf590-64a7-4d6e-8b5a-ee637675f716-0093-2047-0,a3fcf590-64a7-4d6e-8b5a-ee637675f716,7,,C48348,ROUND,,1,,ACTOS;30,,C48325,WHITE,,pioglitazone hydrochloride 30 mg;,pioglitazone hydrochloride[pioglitazone];,carboxymethylcellulose calcium;HYDROXYPROPYL CELLULOSE (TYPE H);lactose monohydrate;magnesium stearate;,HRX,,,,2020-02-10 15:22:25,0093-2047,0,,932047,93,2047,Pioglitazone,active,20121031,3c52f60a-9068-4606-8056-02cebd614d74.xml,,C42998,34391-3,,,LABELER,Teva Pharmaceuticals USA Inc,C73605,NLM,TRUE,,2,,,TRUE,FALSE,FALSE,TRUE,TRUE
00093-2048-56_PART_1_OF_1_CHAL10_SB_632B3189.jpg,00093-2048-56,2048,TRUE,FALSE,FALSE,fcn_mix_weight/dr_224/00093-2048-56_PART_1_OF_1_CHAL10_SB_632B3189.jpg,00093-2048-56_632B3189,19639,TRUE,10/17/2017 05:30:45 PM,2020-02-10 16:59:53,a3fcf590-64a7-4d6e-8b5a-ee637675f716-0093-2048-0,a3fcf590-64a7-4d6e-8b5a-ee637675f716,7,,C48348,ROUND,,1,,ACTOS;15,,C48325,WHITE,,pioglitazone hydrochloride 15 mg;,pioglitazone hydrochloride[pioglitazone];,carboxymethylcellulose calcium;HYDROXYPROPYL CELLULOSE (TYPE H);lactose monohydrate;magnesium stearate;,HRX,SCD,pioglitazone 15 MG Oral Tablet,317573,2020-02-10 15:09:15,0093-2048,0,,932048,93,2048,Pioglitazone,active,20121031,3c52f60a-9068-4606-8056-02cebd614d74.xml,,C42998,34391-3,,,LABELER,Teva Pharmaceuticals USA Inc,C73605,NLM,TRUE,,2,,,TRUE,FALSE,FALSE,TRUE,TRUE
00093-2048-56_PART_1_OF_1_CHAL10_SF_632B3189.jpg,00093-2048-56,2048,TRUE,TRUE,FALSE,fcn_mix_weight/dr_224/00093-2048-56_PART_1_OF_1_CHAL10_SF_632B3189.jpg,00093-2048-56_632B3189,19639,TRUE,10/17/2017 05:30:45 PM,2020-02-10 16:59:53,a3fcf590-64a7-4d6e-8b5a-ee637675f716-0093-2048-0,a3fcf590-64a7-4d6e-8b5a-ee637675f716,7,,C48348,ROUND,,1,,ACTOS;15,,C48325,WHITE,,pioglitazone hydrochloride 15 mg;,pioglitazone hydrochloride[pioglitazone];,carboxymethylcellulose calcium;HYDROXYPROPYL CELLULOSE (TYPE H);lactose monohydrate;magnesium stearate;,HRX,SCD,pioglitazone 15 MG Oral Tablet,317573,2020-02-10 15:09:15,0093-2048,0,,932048,93,2048,Pioglitazone,active,20121031,3c52f60a-9068-4606-8056-02cebd614d74.xml,,C42998,34391-3,,,LABELER,Teva Pharmaceuticals USA Inc,C73605,NLM,TRUE,,2,,,TRUE,FALSE,FALSE,TRUE,TRUE
00093-2055-06_PART_1_OF_1_CHAL10_SB_B12B588A.jpg,00093-2055-06,2055,TRUE,FALSE,FALSE,fcn_mix_weight/dr_224/00093-2055-06_PART_1_OF_1_CHAL10_SB_B12B588A.jpg,00093-2055-06_B12B588A,40173,TRUE,10/17/2017 05:32:16 PM,2020-02-10 17:09:46,55a35eb9-44ff-4762-8779-1a6ed5c90423-0093-2055-0,55a35eb9-44ff-4762-8779-1a6ed5c90423,6,,C48348,ROUND,,1,,DT,,C48325,WHITE,,TOLTERODINE TARTRATE 2 mg;,TOLTERODINE TARTRATE[TOLTERODINE];,"MICROCRYSTALLINE CELLULOSE;HYPROMELLOSE, UNSPECIFIED;MAGNESIUM STEARATE;STEARIC ACID;TITANIUM DIOXIDE;SILICON DIOXIDE;ANHYDROUS DIBASIC CALCIUM PHOSPHATE;SODIUM STARCH GLYCOLATE TYPE B POTATO;",HRX,,,,2020-02-10 15:08:53,0093-2055,0,,932055,93,2055,Tolterodine Tartrate,active,20150506,5c48e761-a899-432a-a4d6-40b900d9eb48.xml,,C42931,34391-3,,,LABELER,Teva Pharmaceuticals USA Inc,C73605,NLM,TRUE,,12,,,TRUE,FALSE,FALSE,TRUE,TRUE
00093-2055-06_PART_1_OF_1_CHAL10_SF_B12B588A.jpg,00093-2055-06,2055,TRUE,TRUE,FALSE,fcn_mix_weight/dr_224/00093-2055-06_PART_1_OF_1_CHAL10_SF_B12B588A.jpg,00093-2055-06_B12B588A,40173,TRUE,10/17/2017 05:32:16 PM,2020-02-10 17:09:46,55a35eb9-44ff-4762-8779-1a6ed5c90423-0093-2055-0,55a35eb9-44ff-4762-8779-1a6ed5c90423,6,,C48348,ROUND,,1,,DT,,C48325,WHITE,,TOLTERODINE TARTRATE 2 mg;,TOLTERODINE TARTRATE[TOLTERODINE];,"MICROCRYSTALLINE CELLULOSE;HYPROMELLOSE, UNSPECIFIED;MAGNESIUM STEARATE;STEARIC ACID;TITANIUM DIOXIDE;SILICON DIOXIDE;ANHYDROUS DIBASIC CALCIUM PHOSPHATE;SODIUM STARCH GLYCOLATE TYPE B POTATO;",HRX,,,,2020-02-10 15:08:53,0093-2055,0,,932055,93,2055,Tolterodine Tartrate,active,20150506,5c48e761-a899-432a-a4d6-40b900d9eb48.xml,,C42931,34391-3,,,LABELER,Teva Pharmaceuticals USA Inc,C73605,NLM,TRUE,,12,,,TRUE,FALSE,FALSE,TRUE,TRUE
00093-2060-98_PART_1_OF_1_CHAL10_SB_072983CC.jpg,00093-2060-98,2060,TRUE,FALSE,FALSE,fcn_mix_weight/dr_224/00093-2060-98_PART_1_OF_1_CHAL10_SB_072983CC.jpg,00093-2060-98_072983CC,37263,TRUE,10/17/2017 05:32:03 PM,2020-02-10 17:11:00,5d4be1cd-0d85-ea9b-f408-a62582069d0c-0093-2060-0,5d4be1cd-0d85-ea9b-f408-a62582069d0c,18,,C48345,OVAL,,1,,FO,a,C48325,WHITE,,FENOFIBRATE 145 mg;,FENOFIBRATE[FENOFIBRIC ACID];,"TITANIUM DIOXIDE;TALC;XANTHAN GUM;DOCUSATE SODIUM;SUCROSE;SODIUM LAURYL SULFATE;LACTOSE MONOHYDRATE;CELLULOSE, MICROCRYSTALLINE;MAGNESIUM STEARATE;CROSPOVIDONE (15 MPA.S AT 5%);HYPROMELLOSE, UNSPECIFIED;POLYVINYL ALCOHOL, UNSPECIFIED;",HRX,SCD,fenofibrate 145 MG Oral Tablet,477560,2020-02-10 16:04:20,0093-2060,0,,932060,93,2060,Fenofibrate,completed,20181120,dcd3d2c1-e267-eff7-949f-5aaa434f8607.xml,,C42998,34391-3,,,LABELER,Teva Pharmaceuticals USA Inc,C73605,NLM,TRUE,,57,,,TRUE,FALSE,FALSE,TRUE,TRUE
00093-2060-98_PART_1_OF_1_CHAL10_SF_072983CC.jpg,00093-2060-98,2060,TRUE,TRUE,FALSE,fcn_mix_weight/dr_224/00093-2060-98_PART_1_OF_1_CHAL10_SF_072983CC.jpg,00093-2060-98_072983CC,37263,TRUE,10/17/2017 05:32:03 PM,2020-02-10 17:11:00,5d4be1cd-0d85-ea9b-f408-a62582069d0c-0093-2060-0,5d4be1cd-0d85-ea9b-f408-a62582069d0c,18,,C48345,OVAL,,1,,FO,a,C48325,WHITE,,FENOFIBRATE 145 mg;,FENOFIBRATE[FENOFIBRIC ACID];,"TITANIUM DIOXIDE;TALC;XANTHAN GUM;DOCUSATE SODIUM;SUCROSE;SODIUM LAURYL SULFATE;LACTOSE MONOHYDRATE;CELLULOSE, MICROCRYSTALLINE;MAGNESIUM STEARATE;CROSPOVIDONE (15 MPA.S AT 5%);HYPROMELLOSE, UNSPECIFIED;POLYVINYL ALCOHOL, UNSPECIFIED;",HRX,SCD,fenofibrate 145 MG Oral Tablet,477560,2020-02-10 16:04:20,0093-2060,0,,932060,93,2060,Fenofibrate,completed,20181120,dcd3d2c1-e267-eff7-949f-5aaa434f8607.xml,,C42998,34391-3,,,LABELER,Teva Pharmaceuticals USA Inc,C73605,NLM,TRUE,,57,,,TRUE,FALSE,FALSE,TRUE,TRUE
00093-2061-98_PART_1_OF_1_CHAL10_SB_552B2A99.jpg,00093-2061-98,2061,TRUE,FALSE,FALSE,fcn_mix_weight/dr_224/00093-2061-98_PART_1_OF_1_CHAL10_SB_552B2A99.jpg,00093-2061-98_552B2A99,5464,TRUE,10/17/2017 05:29:45 PM,2020-02-10 17:10:09,5d4be1cd-0d85-ea9b-f408-a62582069d0c-0093-2061-0,5d4be1cd-0d85-ea9b-f408-a62582069d0c,12,,C48345,OVAL,,1,,FI,a,C48330,YELLOW,,FENOFIBRATE 48 mg;,FENOFIBRATE[FENOFIBRIC ACID];,"TALC;XANTHAN GUM;D&C YELLOW NO. 10;FD&C YELLOW NO. 6;FD&C BLUE NO. 2;DOCUSATE SODIUM;SUCROSE;SODIUM LAURYL SULFATE;LACTOSE MONOHYDRATE;TITANIUM DIOXIDE;CELLULOSE, MICROCRYSTALLINE;MAGNESIUM STEARATE;CROSPOVIDONE (15 MPA.S AT 5%);POLYVINYL ALCOHOL, UNSPECIFIED;HYPROMELLOSE, UNSPECIFIED;",HRX,SCD,fenofibrate 48 MG Oral Tablet,477562,2020-02-10 15:59:50,0093-2061,0,,932061,93,2061,Fenofibrate,completed,20181120,dcd3d2c1-e267-eff7-949f-5aaa434f8607.xml,,C42998,34391-3,,,LABELER,Teva Pharmaceuticals USA Inc,C73605,NLM,TRUE,,57,,,TRUE,FALSE,FALSE,TRUE,TRUE
00093-2061-98_PART_1_OF_1_CHAL10_SF_552B2A99.jpg,00093-2061-98,2061,TRUE,TRUE,FALSE,fcn_mix_weight/dr_224/00093-2061-98_PART_1_OF_1_CHAL10_SF_552B2A99.jpg,00093-2061-98_552B2A99,5464,TRUE,10/17/2017 05:29:45 PM,2020-02-10 17:10:09,5d4be1cd-0d85-ea9b-f408-a62582069d0c-0093-2061-0,5d4be1cd-0d85-ea9b-f408-a62582069d0c,12,,C48345,OVAL,,1,,FI,a,C48330,YELLOW,,FENOFIBRATE 48 mg;,FENOFIBRATE[FENOFIBRIC ACID];,"TALC;XANTHAN GUM;D&C YELLOW NO. 10;FD&C YELLOW NO. 6;FD&C BLUE NO. 2;DOCUSATE SODIUM;SUCROSE;SODIUM LAURYL SULFATE;LACTOSE MONOHYDRATE;TITANIUM DIOXIDE;CELLULOSE, MICROCRYSTALLINE;MAGNESIUM STEARATE;CROSPOVIDONE (15 MPA.S AT 5%);POLYVINYL ALCOHOL, UNSPECIFIED;HYPROMELLOSE, UNSPECIFIED;",HRX,SCD,fenofibrate 48 MG Oral Tablet,477562,2020-02-10 15:59:50,0093-2061,0,,932061,93,2061,Fenofibrate,completed,20181120,dcd3d2c1-e267-eff7-949f-5aaa434f8607.xml,,C42998,34391-3,,,LABELER,Teva Pharmaceuticals USA Inc,C73605,NLM,TRUE,,57,,,TRUE,FALSE,FALSE,TRUE,TRUE
00093-2075-01_PART_1_OF_1_CHAL10_SB_C326E187.jpg,00093-2075-01,2075,TRUE,FALSE,FALSE,fcn_mix_weight/dr_224/00093-2075-01_PART_1_OF_1_CHAL10_SB_C326E187.jpg,00093-2075-01_C326E187,13383,TRUE,10/17/2017 05:30:18 PM,10/17/2017 05:30:18 PM,332731f4-6625-4b6c-9d8f-36e8a11d2d0d-0093-2075-0,332731f4-6625-4b6c-9d8f-36e8a11d2d0d,22,,C48336,CAPSULE,,1,,TEVA;8815,,C48326,RED,,TOLMETIN SODIUM 400 mg;,TOLMETIN SODIUM[TOLMETIN];,"SILICON DIOXIDE;FD&C RED NO. 40;GELATIN;MAGNESIUM STEARATE;STARCH, CORN;TITANIUM DIOXIDE;",HRX,,Tolmetin 400 MG Oral Capsule,198296,,0093-2075,0,,932075,93,2075,Tolmetin Sodium,active,20131115,e7185968-584c-4b36-aae8-fc7b546e715f.xml,,C25158,34391-3,,,LABELER,Teva Pharmaceuticals USA Inc,C73584,NLM,TRUE,,3,,,FALSE,TRUE,FALSE,TRUE,TRUE
00093-2075-01_PART_1_OF_1_CHAL10_SF_C326E187.jpg,00093-2075-01,2075,TRUE,TRUE,FALSE,fcn_mix_weight/dr_224/00093-2075-01_PART_1_OF_1_CHAL10_SF_C326E187.jpg,00093-2075-01_C326E187,13383,TRUE,10/17/2017 05:30:18 PM,10/17/2017 05:30:18 PM,332731f4-6625-4b6c-9d8f-36e8a11d2d0d-0093-2075-0,332731f4-6625-4b6c-9d8f-36e8a11d2d0d,22,,C48336,CAPSULE,,1,,TEVA;8815,,C48326,RED,,TOLMETIN SODIUM 400 mg;,TOLMETIN SODIUM[TOLMETIN];,"SILICON DIOXIDE;FD&C RED NO. 40;GELATIN;MAGNESIUM STEARATE;STARCH, CORN;TITANIUM DIOXIDE;",HRX,,Tolmetin 400 MG Oral Capsule,198296,,0093-2075,0,,932075,93,2075,Tolmetin Sodium,active,20131115,e7185968-584c-4b36-aae8-fc7b546e715f.xml,,C25158,34391-3,,,LABELER,Teva Pharmaceuticals USA Inc,C73584,NLM,TRUE,,3,,,FALSE,TRUE,FALSE,TRUE,TRUE
00093-2080-01_PART_1_OF_1_CHAL10_SB_D326E9C7.jpg,00093-2080-01,2080,TRUE,FALSE,FALSE,fcn_mix_weight/dr_224/00093-2080-01_PART_1_OF_1_CHAL10_SB_D326E9C7.jpg,00093-2080-01_D326E9C7,32667,TRUE,10/17/2017 05:31:41 PM,10/17/2017 05:31:41 PM,75ae8b62-59c9-48cd-ae01-846e7735d964-0093-2080-0,75ae8b62-59c9-48cd-ae01-846e7735d964,16,,C48336,CAPSULE,,1,,TEVA;2080,,C48325,WHITE,,HYDROCHLOROTHIAZIDE 12.5 mg,HYDROCHLOROTHIAZIDE[HYDROCHLOROTHIAZIDE],"CELLULOSE, MICROCRYSTALLINE / STARCH, CORN / SILICON DIOXIDE / MAGNESIUM STEARATE / GELATIN / TITANIUM DIOXIDE / SODIUM LAURYL SULFATE / FERROSOFERRIC OXIDE",HRX,,HCTZ 12.5 MG Oral Capsule,199903,,0093-2080,0,,932080,93,2080,Hydrochlorothiazide,active,20120731,b204a4a6-a2ac-4961-b985-121e8cadac79.xml,,C25158,34391-3,,,LABELER,Teva Pharmaceuticals USA Inc,C73584,NLM,TRUE,,3,,,FALSE,TRUE,FALSE,TRUE,TRUE
00093-2080-01_PART_1_OF_1_CHAL10_SF_D326E9C7.jpg,00093-2080-01,2080,TRUE,TRUE,FALSE,fcn_mix_weight/dr_224/00093-2080-01_PART_1_OF_1_CHAL10_SF_D326E9C7.jpg,00093-2080-01_D326E9C7,32667,TRUE,10/17/2017 05:31:41 PM,10/17/2017 05:31:41 PM,75ae8b62-59c9-48cd-ae01-846e7735d964-0093-2080-0,75ae8b62-59c9-48cd-ae01-846e7735d964,16,,C48336,CAPSULE,,1,,TEVA;2080,,C48325,WHITE,,HYDROCHLOROTHIAZIDE 12.5 mg,HYDROCHLOROTHIAZIDE[HYDROCHLOROTHIAZIDE],"CELLULOSE, MICROCRYSTALLINE / STARCH, CORN / SILICON DIOXIDE / MAGNESIUM STEARATE / GELATIN / TITANIUM DIOXIDE / SODIUM LAURYL SULFATE / FERROSOFERRIC OXIDE",HRX,,HCTZ 12.5 MG Oral Capsule,199903,,0093-2080,0,,932080,93,2080,Hydrochlorothiazide,active,20120731,b204a4a6-a2ac-4961-b985-121e8cadac79.xml,,C25158,34391-3,,,LABELER,Teva Pharmaceuticals USA Inc,C73584,NLM,TRUE,,3,,,FALSE,TRUE,FALSE,TRUE,TRUE
00093-2130-01_PART_1_OF_1_CHAL10_SB_E329F1AF.jpg,00093-2130-01,2130,TRUE,FALSE,FALSE,fcn_mix_weight/dr_224/00093-2130-01_PART_1_OF_1_CHAL10_SB_E329F1AF.jpg,00093-2130-01_E329F1AF,19884,TRUE,10/17/2017 05:30:46 PM,10/17/2017 05:30:46 PM,51fb2df7-2569-4d17-be2f-9acc3c37cd84-50090-0032-0,51fb2df7-2569-4d17-be2f-9acc3c37cd84,16,,C48336,CAPSULE,,1,,Z;Zenith;50mg;2130,,C48328;C48325,PINK;WHITE,,NITROFURANTOIN 50 mg;,NITROFURANTOIN[NITROFURANTOIN];,"STARCH, CORN;FERROSOFERRIC OXIDE;D&C YELLOW NO. 10;ALUMINUM OXIDE;FD&C BLUE NO. 1;FD&C BLUE NO. 2;INDIGOTINDISULFONATE SODIUM;FD&C RED NO. 40;PROPYLENE GLYCOL;SHELLAC;GELATIN;LACTOSE MONOHYDRATE;TALC;TITANIUM DIOXIDE;D&C RED NO. 33;",HRX,,"NITROFURANTOIN, MACROCRYSTALS 50 MG Oral Capsule",311995,,50090-0032,0,,500900032,50090,32,Nitrofurantoin Macrocrystals,active,20150215,a76ffb7c-82b0-401a-80e4-4436e0b89caf.xml,0093-2130,C25158,,,,LABELER,A-S Medication Solutions LLC,C73584,NLM,TRUE,1,1,,,FALSE,TRUE,FALSE,FALSE,TRUE
00093-2130-01_PART_1_OF_1_CHAL10_SF_E329F1AF.jpg,00093-2130-01,2130,TRUE,TRUE,FALSE,fcn_mix_weight/dr_224/00093-2130-01_PART_1_OF_1_CHAL10_SF_E329F1AF.jpg,00093-2130-01_E329F1AF,19884,TRUE,10/17/2017 05:30:46 PM,10/17/2017 05:30:46 PM,51fb2df7-2569-4d17-be2f-9acc3c37cd84-50090-0032-0,51fb2df7-2569-4d17-be2f-9acc3c37cd84,16,,C48336,CAPSULE,,1,,Z;Zenith;50mg;2130,,C48328;C48325,PINK;WHITE,,NITROFURANTOIN 50 mg;,NITROFURANTOIN[NITROFURANTOIN];,"STARCH, CORN;FERROSOFERRIC OXIDE;D&C YELLOW NO. 10;ALUMINUM OXIDE;FD&C BLUE NO. 1;FD&C BLUE NO. 2;INDIGOTINDISULFONATE SODIUM;FD&C RED NO. 40;PROPYLENE GLYCOL;SHELLAC;GELATIN;LACTOSE MONOHYDRATE;TALC;TITANIUM DIOXIDE;D&C RED NO. 33;",HRX,,"NITROFURANTOIN, MACROCRYSTALS 50 MG Oral Capsule",311995,,50090-0032,0,,500900032,50090,32,Nitrofurantoin Macrocrystals,active,20150215,a76ffb7c-82b0-401a-80e4-4436e0b89caf.xml,0093-2130,C25158,,,,LABELER,A-S Medication Solutions LLC,C73584,NLM,TRUE,1,1,,,FALSE,TRUE,FALSE,FALSE,TRUE
00093-2203-01_PART_1_OF_1_CHAL10_SB_CE27E77F.jpg,00093-2203-01,2203,TRUE,FALSE,FALSE,fcn_mix_weight/dr_224/00093-2203-01_PART_1_OF_1_CHAL10_SB_CE27E77F.jpg,00093-2203-01_CE27E77F,9051,TRUE,10/17/2017 05:30:00 PM,2020-02-10 17:13:09,e15905e0-e0f6-4c8b-ac19-59724d6c4bf0-0093-2203-0,e15905e0-e0f6-4c8b-ac19-59724d6c4bf0,8,,C48348,ROUND,,2,,TEVA;2203,,C48325,WHITE,,METOCLOPRAMIDE HYDROCHLORIDE 10 mg;,METOCLOPRAMIDE HYDROCHLORIDE[METOCLOPRAMIDE];,"STARCH, CORN;ANHYDROUS DIBASIC CALCIUM PHOSPHATE;MAGNESIUM STEARATE;MICROCRYSTALLINE CELLULOSE;SODIUM STARCH GLYCOLATE TYPE A POTATO;",HRX,SCD,metoclopramide 10 MG Oral Tablet,311666,2020-02-10 16:16:30,0093-2203,0,,932203,93,2203,Metoclopramide,active,20170831,cf6bb546-4797-4dd0-b3fe-ff4587ccca7c.xml,,C42998,34391-3,,,LABELER,"Teva Pharmaceuticals USA, Inc.",C73584,NLM,TRUE,,12,,,TRUE,FALSE,FALSE,TRUE,TRUE
00093-2203-01_PART_1_OF_1_CHAL10_SF_CE27E77F.jpg,00093-2203-01,2203,TRUE,TRUE,FALSE,fcn_mix_weight/dr_224/00093-2203-01_PART_1_OF_1_CHAL10_SF_CE27E77F.jpg,00093-2203-01_CE27E77F,9051,TRUE,10/17/2017 05:30:00 PM,2020-02-10 17:13:09,e15905e0-e0f6-4c8b-ac19-59724d6c4bf0-0093-2203-0,e15905e0-e0f6-4c8b-ac19-59724d6c4bf0,8,,C48348,ROUND,,2,,TEVA;2203,,C48325,WHITE,,METOCLOPRAMIDE HYDROCHLORIDE 10 mg;,METOCLOPRAMIDE HYDROCHLORIDE[METOCLOPRAMIDE];,"STARCH, CORN;ANHYDROUS DIBASIC CALCIUM PHOSPHATE;MAGNESIUM STEARATE;MICROCRYSTALLINE CELLULOSE;SODIUM STARCH GLYCOLATE TYPE A POTATO;",HRX,SCD,metoclopramide 10 MG Oral Tablet,311666,2020-02-10 16:16:30,0093-2203,0,,932203,93,2203,Metoclopramide,active,20170831,cf6bb546-4797-4dd0-b3fe-ff4587ccca7c.xml,,C42998,34391-3,,,LABELER,"Teva Pharmaceuticals USA, Inc.",C73584,NLM,TRUE,,12,,,TRUE,FALSE,FALSE,TRUE,TRUE
00093-2204-01_PART_1_OF_1_CHAL10_SB_8426C266.jpg,00093-2204-01,2204,TRUE,FALSE,FALSE,fcn_mix_weight/dr_224/00093-2204-01_PART_1_OF_1_CHAL10_SB_8426C266.jpg,00093-2204-01_8426C266,6561,TRUE,10/17/2017 05:29:49 PM,2020-02-10 17:09:56,e15905e0-e0f6-4c8b-ac19-59724d6c4bf0-0093-2204-0,e15905e0-e0f6-4c8b-ac19-59724d6c4bf0,6,,C48348,ROUND,,1,,TV;2204,,C48325,WHITE,,METOCLOPRAMIDE HYDROCHLORIDE 5 mg;,METOCLOPRAMIDE HYDROCHLORIDE[METOCLOPRAMIDE];,"STARCH, CORN;ANHYDROUS DIBASIC CALCIUM PHOSPHATE;MAGNESIUM STEARATE;MICROCRYSTALLINE CELLULOSE;SODIUM STARCH GLYCOLATE TYPE A POTATO;",HRX,SCD,metoclopramide 5 MG Oral Tablet,311668,2020-02-10 15:58:31,0093-2204,0,,932204,93,2204,Metoclopramide,active,20170831,cf6bb546-4797-4dd0-b3fe-ff4587ccca7c.xml,,C42998,34391-3,,,LABELER,"Teva Pharmaceuticals USA, Inc.",C73584,NLM,TRUE,,12,,,TRUE,FALSE,FALSE,TRUE,TRUE
00093-2204-01_PART_1_OF_1_CHAL10_SB_8A204572.jpg,00093-2204-01,2204,TRUE,FALSE,FALSE,fcn_mix_weight/dr_224/00093-2204-01_PART_1_OF_1_CHAL10_SB_8A204572.jpg,00093-2204-01_8A204572,6561,TRUE,10/17/2017 05:29:49 PM,2020-02-10 17:09:56,e15905e0-e0f6-4c8b-ac19-59724d6c4bf0-0093-2204-0,e15905e0-e0f6-4c8b-ac19-59724d6c4bf0,6,,C48348,ROUND,,1,,TV;2204,,C48325,WHITE,,METOCLOPRAMIDE HYDROCHLORIDE 5 mg;,METOCLOPRAMIDE HYDROCHLORIDE[METOCLOPRAMIDE];,"STARCH, CORN;ANHYDROUS DIBASIC CALCIUM PHOSPHATE;MAGNESIUM STEARATE;MICROCRYSTALLINE CELLULOSE;SODIUM STARCH GLYCOLATE TYPE A POTATO;",HRX,SCD,metoclopramide 5 MG Oral Tablet,311668,2020-02-10 15:58:31,0093-2204,0,,932204,93,2204,Metoclopramide,active,20170831,cf6bb546-4797-4dd0-b3fe-ff4587ccca7c.xml,,C42998,34391-3,,,LABELER,"Teva Pharmaceuticals USA, Inc.",C73584,NLM,TRUE,,12,,,TRUE,FALSE,FALSE,TRUE,TRUE
00093-2204-01_PART_1_OF_1_CHAL10_SF_8426C266.jpg,00093-2204-01,2204,TRUE,TRUE,FALSE,fcn_mix_weight/dr_224/00093-2204-01_PART_1_OF_1_CHAL10_SF_8426C266.jpg,00093-2204-01_8426C266,6561,TRUE,10/17/2017 05:29:49 PM,2020-02-10 17:09:56,e15905e0-e0f6-4c8b-ac19-59724d6c4bf0-0093-2204-0,e15905e0-e0f6-4c8b-ac19-59724d6c4bf0,6,,C48348,ROUND,,1,,TV;2204,,C48325,WHITE,,METOCLOPRAMIDE HYDROCHLORIDE 5 mg;,METOCLOPRAMIDE HYDROCHLORIDE[METOCLOPRAMIDE];,"STARCH, CORN;ANHYDROUS DIBASIC CALCIUM PHOSPHATE;MAGNESIUM STEARATE;MICROCRYSTALLINE CELLULOSE;SODIUM STARCH GLYCOLATE TYPE A POTATO;",HRX,SCD,metoclopramide 5 MG Oral Tablet,311668,2020-02-10 15:58:31,0093-2204,0,,932204,93,2204,Metoclopramide,active,20170831,cf6bb546-4797-4dd0-b3fe-ff4587ccca7c.xml,,C42998,34391-3,,,LABELER,"Teva Pharmaceuticals USA, Inc.",C73584,NLM,TRUE,,12,,,TRUE,FALSE,FALSE,TRUE,TRUE
00093-2204-01_PART_1_OF_1_CHAL10_SF_8A204572.jpg,00093-2204-01,2204,TRUE,TRUE,FALSE,fcn_mix_weight/dr_224/00093-2204-01_PART_1_OF_1_CHAL10_SF_8A204572.jpg,00093-2204-01_8A204572,6561,TRUE,10/17/2017 05:29:49 PM,2020-02-10 17:09:56,e15905e0-e0f6-4c8b-ac19-59724d6c4bf0-0093-2204-0,e15905e0-e0f6-4c8b-ac19-59724d6c4bf0,6,,C48348,ROUND,,1,,TV;2204,,C48325,WHITE,,METOCLOPRAMIDE HYDROCHLORIDE 5 mg;,METOCLOPRAMIDE HYDROCHLORIDE[METOCLOPRAMIDE];,"STARCH, CORN;ANHYDROUS DIBASIC CALCIUM PHOSPHATE;MAGNESIUM STEARATE;MICROCRYSTALLINE CELLULOSE;SODIUM STARCH GLYCOLATE TYPE A POTATO;",HRX,SCD,metoclopramide 5 MG Oral Tablet,311668,2020-02-10 15:58:31,0093-2204,0,,932204,93,2204,Metoclopramide,active,20170831,cf6bb546-4797-4dd0-b3fe-ff4587ccca7c.xml,,C42998,34391-3,,,LABELER,"Teva Pharmaceuticals USA, Inc.",C73584,NLM,TRUE,,12,,,TRUE,FALSE,FALSE,TRUE,TRUE
00093-2263-01_PART_1_OF_1_CHAL10_SB_0029803C.jpg,00093-2263-01,2263,TRUE,FALSE,FALSE,fcn_mix_weight/dr_224/00093-2263-01_PART_1_OF_1_CHAL10_SB_0029803C.jpg,00093-2263-01_0029803C,26909,TRUE,10/17/2017 05:31:16 PM,2020-02-10 17:05:52,20c86622-85b7-4827-a317-57aee79dfe57-0093-2263-0,20c86622-85b7-4827-a317-57aee79dfe57,17,,C48345,OVAL,,1,,93;2263,,C48325,WHITE,,AMOXICILLIN 500 mg;,AMOXICILLIN[AMOXICILLIN ANHYDROUS];,"SILICON DIOXIDE;CROSPOVIDONE (15 MPA.S AT 5%);D&C YELLOW NO. 10;ALUMINUM OXIDE;HYPROMELLOSE 2910 (15 MPA.S);LACTOSE MONOHYDRATE;MAGNESIUM STEARATE;CELLULOSE, MICROCRYSTALLINE;SODIUM STARCH GLYCOLATE TYPE A POTATO;TITANIUM DIOXIDE;TRIACETIN;",HRX,SCD,amoxicillin 500 MG Oral Tablet,308192,2020-02-10 15:36:27,0093-2263,0,,932263,93,2263,Amoxicillin,active,20181113,56abaa5f-9ca9-4f63-9a41-3e7cc28eeaf3.xml,,C42931,34391-3,,,LABELER,"Teva Pharmaceuticals USA, Inc.",C73584,NLM,TRUE,,14,,,TRUE,FALSE,FALSE,TRUE,TRUE
00093-2263-01_PART_1_OF_1_CHAL10_SF_0029803C.jpg,00093-2263-01,2263,TRUE,TRUE,FALSE,fcn_mix_weight/dr_224/00093-2263-01_PART_1_OF_1_CHAL10_SF_0029803C.jpg,00093-2263-01_0029803C,26909,TRUE,10/17/2017 05:31:16 PM,2020-02-10 17:05:52,20c86622-85b7-4827-a317-57aee79dfe57-0093-2263-0,20c86622-85b7-4827-a317-57aee79dfe57,17,,C48345,OVAL,,1,,93;2263,,C48325,WHITE,,AMOXICILLIN 500 mg;,AMOXICILLIN[AMOXICILLIN ANHYDROUS];,"SILICON DIOXIDE;CROSPOVIDONE (15 MPA.S AT 5%);D&C YELLOW NO. 10;ALUMINUM OXIDE;HYPROMELLOSE 2910 (15 MPA.S);LACTOSE MONOHYDRATE;MAGNESIUM STEARATE;CELLULOSE, MICROCRYSTALLINE;SODIUM STARCH GLYCOLATE TYPE A POTATO;TITANIUM DIOXIDE;TRIACETIN;",HRX,SCD,amoxicillin 500 MG Oral Tablet,308192,2020-02-10 15:36:27,0093-2263,0,,932263,93,2263,Amoxicillin,active,20181113,56abaa5f-9ca9-4f63-9a41-3e7cc28eeaf3.xml,,C42931,34391-3,,,LABELER,"Teva Pharmaceuticals USA, Inc.",C73584,NLM,TRUE,,14,,,TRUE,FALSE,FALSE,TRUE,TRUE
00093-2264-01_PART_1_OF_1_CHAL10_SB_DE296F5B.jpg,00093-2264-01,2264,TRUE,FALSE,FALSE,fcn_mix_weight/dr_224/00093-2264-01_PART_1_OF_1_CHAL10_SB_DE296F5B.jpg,00093-2264-01_DE296F5B,32536,TRUE,10/17/2017 05:31:41 PM,2020-02-10 17:02:41,20c86622-85b7-4827-a317-57aee79dfe57-0093-2264-0,20c86622-85b7-4827-a317-57aee79dfe57,21,,C48345,OVAL,,2,,93;2264,,C48325,WHITE,,AMOXICILLIN 875 mg;,AMOXICILLIN[AMOXICILLIN ANHYDROUS];,"SILICON DIOXIDE;CROSPOVIDONE (15 MPA.S AT 5%);D&C YELLOW NO. 10;ALUMINUM OXIDE;HYPROMELLOSE 2910 (15 MPA.S);LACTOSE MONOHYDRATE;MAGNESIUM STEARATE;CELLULOSE, MICROCRYSTALLINE;SODIUM STARCH GLYCOLATE TYPE A POTATO;TITANIUM DIOXIDE;TRIACETIN;",HRX,SCD,amoxicillin 875 MG Oral Tablet,308194,2020-02-10 15:21:37,0093-2264,0,,932264,93,2264,Amoxicillin,active,20181113,56abaa5f-9ca9-4f63-9a41-3e7cc28eeaf3.xml,,C42931,34391-3,,,LABELER,"Teva Pharmaceuticals USA, Inc.",C73584,NLM,TRUE,,14,,,TRUE,FALSE,FALSE,TRUE,TRUE
00093-2264-01_PART_1_OF_1_CHAL10_SF_DE296F5B.jpg,00093-2264-01,2264,TRUE,TRUE,FALSE,fcn_mix_weight/dr_224/00093-2264-01_PART_1_OF_1_CHAL10_SF_DE296F5B.jpg,00093-2264-01_DE296F5B,32536,TRUE,10/17/2017 05:31:41 PM,2020-02-10 17:02:41,20c86622-85b7-4827-a317-57aee79dfe57-0093-2264-0,20c86622-85b7-4827-a317-57aee79dfe57,21,,C48345,OVAL,,2,,93;2264,,C48325,WHITE,,AMOXICILLIN 875 mg;,AMOXICILLIN[AMOXICILLIN ANHYDROUS];,"SILICON DIOXIDE;CROSPOVIDONE (15 MPA.S AT 5%);D&C YELLOW NO. 10;ALUMINUM OXIDE;HYPROMELLOSE 2910 (15 MPA.S);LACTOSE MONOHYDRATE;MAGNESIUM STEARATE;CELLULOSE, MICROCRYSTALLINE;SODIUM STARCH GLYCOLATE TYPE A POTATO;TITANIUM DIOXIDE;TRIACETIN;",HRX,SCD,amoxicillin 875 MG Oral Tablet,308194,2020-02-10 15:21:37,0093-2264,0,,932264,93,2264,Amoxicillin,active,20181113,56abaa5f-9ca9-4f63-9a41-3e7cc28eeaf3.xml,,C42931,34391-3,,,LABELER,"Teva Pharmaceuticals USA, Inc.",C73584,NLM,TRUE,,14,,,TRUE,FALSE,FALSE,TRUE,TRUE
00093-2268-01_PART_1_OF_1_CHAL10_SB_D5296ADB.jpg,00093-2268-01,2268,TRUE,FALSE,FALSE,fcn_mix_weight/dr_224/00093-2268-01_PART_1_OF_1_CHAL10_SB_D5296ADB.jpg,00093-2268-01_D5296ADB,35247,TRUE,10/17/2017 05:31:53 PM,10/17/2017 05:31:53 PM,14705eff-f5b8-4c79-b5fd-a999399248f0-54569-3689-0,14705eff-f5b8-4c79-b5fd-a999399248f0,19,,C48345,OVAL,,2,,9;3;2268,,C48325,WHITE,,AMOXICILLIN 250 mg;,AMOXICILLIN[AMOXICILLIN ANHYDROUS];,"ANHYDROUS LACTOSE;MAGNESIUM STEARATE;MANNITOL;CELLULOSE, MICROCRYSTALLINE;SODIUM CITRATE;SUCROSE;",HRX,,Amoxicillin 250 MG Chewable Tablet,598025,,54569-3689,0,,545693689,54569,3689,Amoxicillin,active,20130620,edbfbad4-8b9e-46fa-b491-b506c7254b5f.xml,0093-2268,C42893,34391-3,,,LABELER,A-S Medication Solutions LLC,C73584,NLM,TRUE,1,1,,,FALSE,TRUE,FALSE,FALSE,TRUE
00093-2268-01_PART_1_OF_1_CHAL10_SB_D5296ADB.jpg,00093-2268-01,2268,TRUE,FALSE,FALSE,fcn_mix_weight/dr_224/00093-2268-01_PART_1_OF_1_CHAL10_SB_D5296ADB.jpg,00093-2268-01_D5296ADB,12343,TRUE,10/17/2017 05:30:14 PM,2020-02-10 17:09:20,e91786c4-f928-4419-bd57-eca11498a6e6-10544-165-0,e91786c4-f928-4419-bd57-eca11498a6e6,19,,C48345,OVAL,,2,,9;3;2268,,C48325,WHITE,YELLOW,AMOXICILLIN 250 mg;,AMOXICILLIN[AMOXICILLIN ANHYDROUS];,"ANHYDROUS LACTOSE;MAGNESIUM STEARATE;MANNITOL;CELLULOSE, MICROCRYSTALLINE;SODIUM CITRATE;SUCROSE;",HRX,,,,2020-02-10 15:54:54,10544-165,0,,105440165,10544,165,Amoxicillin,active,20150731,ffabdb16-54db-4f3e-a818-4fc1162637a6.xml,0093-2268,C42893,,,,LABELER,"Blenheim Pharmacal, Inc.",C73584,SPL,TRUE,1,3,,,TRUE,FALSE,FALSE,TRUE,TRUE
00093-2268-01_PART_1_OF_1_CHAL10_SB_D5296ADB.jpg,00093-2268-01,2268,TRUE,FALSE,FALSE,fcn_mix_weight/dr_224/00093-2268-01_PART_1_OF_1_CHAL10_SB_D5296ADB.jpg,00093-2268-01_D5296ADB,39348,TRUE,10/17/2017 05:32:12 PM,2020-02-10 17:04:38,52e676e4-b70e-4e73-bbe7-f54d91ca7e0a-63187-343-0,52e676e4-b70e-4e73-bbe7-f54d91ca7e0a,19,,C48345,OVAL,,2,,9;3;2268,,C48325,WHITE,YELLOW,AMOXICILLIN 250 mg;,AMOXICILLIN[AMOXICILLIN ANHYDROUS];,"ANHYDROUS LACTOSE;MAGNESIUM STEARATE;MANNITOL;MICROCRYSTALLINE CELLULOSE;SODIUM CITRATE, UNSPECIFIED FORM;SUCROSE;",HRX,SCD,amoxicillin 250 MG Chewable Tablet,598025,2020-02-10 15:31:08,63187-343,0,,631870343,63187,343,Amoxicillin,active,20190101,089f570d-ba2b-49a5-9d5b-2bb9bb8f1811.xml,0093-2268,C42893,,,,LABELER,Proficient Rx LP,C73584,SPL,TRUE,1,2,,,TRUE,FALSE,FALSE,TRUE,TRUE
00093-2268-01_PART_1_OF_1_CHAL10_SF_D5296ADB.jpg,00093-2268-01,2268,TRUE,TRUE,FALSE,fcn_mix_weight/dr_224/00093-2268-01_PART_1_OF_1_CHAL10_SF_D5296ADB.jpg,00093-2268-01_D5296ADB,35247,TRUE,10/17/2017 05:31:53 PM,10/17/2017 05:31:53 PM,14705eff-f5b8-4c79-b5fd-a999399248f0-54569-3689-0,14705eff-f5b8-4c79-b5fd-a999399248f0,19,,C48345,OVAL,,2,,9;3;2268,,C48325,WHITE,,AMOXICILLIN 250 mg;,AMOXICILLIN[AMOXICILLIN ANHYDROUS];,"ANHYDROUS LACTOSE;MAGNESIUM STEARATE;MANNITOL;CELLULOSE, MICROCRYSTALLINE;SODIUM CITRATE;SUCROSE;",HRX,,Amoxicillin 250 MG Chewable Tablet,598025,,54569-3689,0,,545693689,54569,3689,Amoxicillin,active,20130620,edbfbad4-8b9e-46fa-b491-b506c7254b5f.xml,0093-2268,C42893,34391-3,,,LABELER,A-S Medication Solutions LLC,C73584,NLM,TRUE,1,1,,,FALSE,TRUE,FALSE,FALSE,TRUE
00093-2268-01_PART_1_OF_1_CHAL10_SF_D5296ADB.jpg,00093-2268-01,2268,TRUE,TRUE,FALSE,fcn_mix_weight/dr_224/00093-2268-01_PART_1_OF_1_CHAL10_SF_D5296ADB.jpg,00093-2268-01_D5296ADB,12343,TRUE,10/17/2017 05:30:14 PM,2020-02-10 17:09:20,e91786c4-f928-4419-bd57-eca11498a6e6-10544-165-0,e91786c4-f928-4419-bd57-eca11498a6e6,19,,C48345,OVAL,,2,,9;3;2268,,C48325,WHITE,YELLOW,AMOXICILLIN 250 mg;,AMOXICILLIN[AMOXICILLIN ANHYDROUS];,"ANHYDROUS LACTOSE;MAGNESIUM STEARATE;MANNITOL;CELLULOSE, MICROCRYSTALLINE;SODIUM CITRATE;SUCROSE;",HRX,,,,2020-02-10 15:54:54,10544-165,0,,105440165,10544,165,Amoxicillin,active,20150731,ffabdb16-54db-4f3e-a818-4fc1162637a6.xml,0093-2268,C42893,,,,LABELER,"Blenheim Pharmacal, Inc.",C73584,SPL,TRUE,1,3,,,TRUE,FALSE,FALSE,TRUE,TRUE
00093-2268-01_PART_1_OF_1_CHAL10_SF_D5296ADB.jpg,00093-2268-01,2268,TRUE,TRUE,FALSE,fcn_mix_weight/dr_224/00093-2268-01_PART_1_OF_1_CHAL10_SF_D5296ADB.jpg,00093-2268-01_D5296ADB,39348,TRUE,10/17/2017 05:32:12 PM,2020-02-10 17:04:38,52e676e4-b70e-4e73-bbe7-f54d91ca7e0a-63187-343-0,52e676e4-b70e-4e73-bbe7-f54d91ca7e0a,19,,C48345,OVAL,,2,,9;3;2268,,C48325,WHITE,YELLOW,AMOXICILLIN 250 mg;,AMOXICILLIN[AMOXICILLIN ANHYDROUS];,"ANHYDROUS LACTOSE;MAGNESIUM STEARATE;MANNITOL;MICROCRYSTALLINE CELLULOSE;SODIUM CITRATE, UNSPECIFIED FORM;SUCROSE;",HRX,SCD,amoxicillin 250 MG Chewable Tablet,598025,2020-02-10 15:31:08,63187-343,0,,631870343,63187,343,Amoxicillin,active,20190101,089f570d-ba2b-49a5-9d5b-2bb9bb8f1811.xml,0093-2268,C42893,,,,LABELER,Proficient Rx LP,C73584,SPL,TRUE,1,2,,,TRUE,FALSE,FALSE,TRUE,TRUE
00093-2274-34_PART_1_OF_1_CHAL10_SB_022D814C.jpg,00093-2274-34,2274,TRUE,FALSE,FALSE,fcn_mix_weight/dr_224/00093-2274-34_PART_1_OF_1_CHAL10_SB_022D814C.jpg,00093-2274-34_022D814C,7821,TRUE,10/17/2017 05:29:55 PM,2020-02-10 17:04:30,482511ed-4531-45ec-a4eb-c600aeb03325-63187-032-0,482511ed-4531-45ec-a4eb-c600aeb03325,20,,C48345,OVAL,,1,,93;2274,,C48325,WHITE,,AMOXICILLIN 500 mg;CLAVULANATE POTASSIUM 125 mg;,AMOXICILLIN[AMOXICILLIN ANHYDROUS];CLAVULANATE POTASSIUM[CLAVULANIC ACID];,SILICON DIOXIDE;HYPROMELLOSE 2910 (3 MPA.S);HYPROMELLOSE 2910 (6 MPA.S);HYPROMELLOSE 2910 (50 MPA.S);MAGNESIUM STEARATE;MICROCRYSTALLINE CELLULOSE;POLYDEXTROSE;POLYETHYLENE GLYCOL 8000;SODIUM STARCH GLYCOLATE TYPE A POTATO;TITANIUM DIOXIDE;TRIACETIN;,HRX,SCD,amoxicillin 500 MG / clavulanate 125 MG Oral Tablet,617296,2020-02-10 15:30:27,63187-032,0,,631870032,63187,32,Amoxicillin and Clavulanate Potassium,active,20200801,5bd57609-710c-4399-a240-fc6b78a0299a.xml,0093-2274,C42931,,,,LABELER,Proficient Rx LP,C73584,SPL,TRUE,1,5,,,TRUE,FALSE,FALSE,FALSE,TRUE
00093-2274-34_PART_1_OF_1_CHAL10_SF_022D814C.jpg,00093-2274-34,2274,TRUE,TRUE,FALSE,fcn_mix_weight/dr_224/00093-2274-34_PART_1_OF_1_CHAL10_SF_022D814C.jpg,00093-2274-34_022D814C,7821,TRUE,10/17/2017 05:29:55 PM,2020-02-10 17:04:30,482511ed-4531-45ec-a4eb-c600aeb03325-63187-032-0,482511ed-4531-45ec-a4eb-c600aeb03325,20,,C48345,OVAL,,1,,93;2274,,C48325,WHITE,,AMOXICILLIN 500 mg;CLAVULANATE POTASSIUM 125 mg;,AMOXICILLIN[AMOXICILLIN ANHYDROUS];CLAVULANATE POTASSIUM[CLAVULANIC ACID];,SILICON DIOXIDE;HYPROMELLOSE 2910 (3 MPA.S);HYPROMELLOSE 2910 (6 MPA.S);HYPROMELLOSE 2910 (50 MPA.S);MAGNESIUM STEARATE;MICROCRYSTALLINE CELLULOSE;POLYDEXTROSE;POLYETHYLENE GLYCOL 8000;SODIUM STARCH GLYCOLATE TYPE A POTATO;TITANIUM DIOXIDE;TRIACETIN;,HRX,SCD,amoxicillin 500 MG / clavulanate 125 MG Oral Tablet,617296,2020-02-10 15:30:27,63187-032,0,,631870032,63187,32,Amoxicillin and Clavulanate Potassium,active,20200801,5bd57609-710c-4399-a240-fc6b78a0299a.xml,0093-2274,C42931,,,,LABELER,Proficient Rx LP,C73584,SPL,TRUE,1,5,,,TRUE,FALSE,FALSE,FALSE,TRUE
00093-2929-01_PART_1_OF_1_CHAL10_SB_E52972BB.jpg,00093-2929-01,2929,TRUE,FALSE,FALSE,fcn_mix_weight/dr_224/00093-2929-01_PART_1_OF_1_CHAL10_SB_E52972BB.jpg,00093-2929-01_E52972BB,38198,TRUE,10/17/2017 05:32:07 PM,2020-02-10 17:13:34,21c25efc-9230-4c62-97d1-a465b12d6638-0093-2929-0,21c25efc-9230-4c62-97d1-a465b12d6638,7,,C48348,ROUND,,2,,2929;93,,C48325,WHITE,,CYPROHEPTADINE HYDROCHLORIDE 4 mg;,CYPROHEPTADINE HYDROCHLORIDE[CYPROHEPTADINE];,LACTOSE MONOHYDRATE;MAGNESIUM STEARATE;MICROCRYSTALLINE CELLULOSE;SODIUM STARCH GLYCOLATE TYPE A POTATO;,HRX,SCD,cyproheptadine hydrochloride 4 MG Oral Tablet,866144,2020-02-10 15:43:54,0093-2929,0,,932929,93,2929,Cyproheptadine Hydrochloride,active,20140428,e9b9fe76-1d65-421c-8803-79489fb40c6a.xml,,C42998,34391-3,,,LABELER,"Teva Pharmaceuticals USA, Inc.",C73584,NLM,TRUE,,4,,,TRUE,FALSE,FALSE,TRUE,TRUE
00093-2929-01_PART_1_OF_1_CHAL10_SF_E52972BB.jpg,00093-2929-01,2929,TRUE,TRUE,FALSE,fcn_mix_weight/dr_224/00093-2929-01_PART_1_OF_1_CHAL10_SF_E52972BB.jpg,00093-2929-01_E52972BB,38198,TRUE,10/17/2017 05:32:07 PM,2020-02-10 17:13:34,21c25efc-9230-4c62-97d1-a465b12d6638-0093-2929-0,21c25efc-9230-4c62-97d1-a465b12d6638,7,,C48348,ROUND,,2,,2929;93,,C48325,WHITE,,CYPROHEPTADINE HYDROCHLORIDE 4 mg;,CYPROHEPTADINE HYDROCHLORIDE[CYPROHEPTADINE];,LACTOSE MONOHYDRATE;MAGNESIUM STEARATE;MICROCRYSTALLINE CELLULOSE;SODIUM STARCH GLYCOLATE TYPE A POTATO;,HRX,SCD,cyproheptadine hydrochloride 4 MG Oral Tablet,866144,2020-02-10 15:43:54,0093-2929,0,,932929,93,2929,Cyproheptadine Hydrochloride,active,20140428,e9b9fe76-1d65-421c-8803-79489fb40c6a.xml,,C42998,34391-3,,,LABELER,"Teva Pharmaceuticals USA, Inc.",C73584,NLM,TRUE,,4,,,TRUE,FALSE,FALSE,TRUE,TRUE
00093-2931-01_PART_1_OF_1_CHAL10_SB_4A2B2559.jpg,00093-2931-01,2931,TRUE,FALSE,FALSE,fcn_mix_weight/dr_224/00093-2931-01_PART_1_OF_1_CHAL10_SB_4A2B2559.jpg,00093-2931-01_4A2B2559,29960,TRUE,10/17/2017 05:31:29 PM,2020-02-10 17:03:02,916d802c-91b6-4015-9e57-7ebf7e9bb5ee-0093-2931-0,916d802c-91b6-4015-9e57-7ebf7e9bb5ee,10,,C48348,ROUND,,1,,N11,,C48325,WHITE,,METHYLDOPA 250 mg;,METHYLDOPA[METHYLDOPA ANHYDROUS];,CITRIC ACID MONOHYDRATE;SILICON DIOXIDE;EDETATE DISODIUM;ETHYLCELLULOSES;HYPROMELLOSE 2910 (3 MPA.S);MAGNESIUM STEARATE;METHYLCELLULOSE (400 CPS);POLYETHYLENE GLYCOLS;CALCIUM SULFATE;SODIUM STARCH GLYCOLATE TYPE A POTATO;TITANIUM DIOXIDE;HYDROXYPROPYL CELLULOSE (TYPE H);TALC;,HRX,SCD,methyldopa 250 MG Oral Tablet,197956,2020-02-10 15:23:34,0093-2931,0,,932931,93,2931,Methyldopa,active,20130328,3d9dec2d-487a-470c-b319-365b8cef786e.xml,,C42931,34391-3,,,LABELER,"Teva Pharmaceuticals USA, Inc.",C73584,NLM,TRUE,,4,,,TRUE,FALSE,FALSE,TRUE,TRUE
00093-2931-01_PART_1_OF_1_CHAL10_SF_4A2B2559.jpg,00093-2931-01,2931,TRUE,TRUE,FALSE,fcn_mix_weight/dr_224/00093-2931-01_PART_1_OF_1_CHAL10_SF_4A2B2559.jpg,00093-2931-01_4A2B2559,29960,TRUE,10/17/2017 05:31:29 PM,2020-02-10 17:03:02,916d802c-91b6-4015-9e57-7ebf7e9bb5ee-0093-2931-0,916d802c-91b6-4015-9e57-7ebf7e9bb5ee,10,,C48348,ROUND,,1,,N11,,C48325,WHITE,,METHYLDOPA 250 mg;,METHYLDOPA[METHYLDOPA ANHYDROUS];,CITRIC ACID MONOHYDRATE;SILICON DIOXIDE;EDETATE DISODIUM;ETHYLCELLULOSES;HYPROMELLOSE 2910 (3 MPA.S);MAGNESIUM STEARATE;METHYLCELLULOSE (400 CPS);POLYETHYLENE GLYCOLS;CALCIUM SULFATE;SODIUM STARCH GLYCOLATE TYPE A POTATO;TITANIUM DIOXIDE;HYDROXYPROPYL CELLULOSE (TYPE H);TALC;,HRX,SCD,methyldopa 250 MG Oral Tablet,197956,2020-02-10 15:23:34,0093-2931,0,,932931,93,2931,Methyldopa,active,20130328,3d9dec2d-487a-470c-b319-365b8cef786e.xml,,C42931,34391-3,,,LABELER,"Teva Pharmaceuticals USA, Inc.",C73584,NLM,TRUE,,4,,,TRUE,FALSE,FALSE,TRUE,TRUE
00093-2932-01_PART_1_OF_1_CHAL10_SB_DA296D4B.jpg,00093-2932-01,2932,TRUE,FALSE,FALSE,fcn_mix_weight/dr_224/00093-2932-01_PART_1_OF_1_CHAL10_SB_DA296D4B.jpg,00093-2932-01_DA296D4B,40494,TRUE,10/17/2017 05:32:17 PM,2020-02-10 17:03:02,916d802c-91b6-4015-9e57-7ebf7e9bb5ee-0093-2932-0,916d802c-91b6-4015-9e57-7ebf7e9bb5ee,13,,C48348,ROUND,,1,,N77,,C48325,WHITE,,METHYLDOPA 500 mg;,METHYLDOPA[METHYLDOPA ANHYDROUS];,CITRIC ACID MONOHYDRATE;SILICON DIOXIDE;EDETATE DISODIUM;ETHYLCELLULOSES;HYPROMELLOSE 2910 (3 MPA.S);MAGNESIUM STEARATE;METHYLCELLULOSE (400 CPS);POLYETHYLENE GLYCOLS;CALCIUM SULFATE;SODIUM STARCH GLYCOLATE TYPE A POTATO;TITANIUM DIOXIDE;HYDROXYPROPYL CELLULOSE (TYPE H);TALC;,HRX,SCD,methyldopa 500 MG Oral Tablet,197958,2020-02-10 15:23:34,0093-2932,0,,932932,93,2932,Methyldopa,active,20130328,3d9dec2d-487a-470c-b319-365b8cef786e.xml,,C42931,34391-3,,,LABELER,"Teva Pharmaceuticals USA, Inc.",C73584,NLM,TRUE,,4,,,TRUE,FALSE,FALSE,TRUE,TRUE
00093-2932-01_PART_1_OF_1_CHAL10_SF_DA296D4B.jpg,00093-2932-01,2932,TRUE,TRUE,FALSE,fcn_mix_weight/dr_224/00093-2932-01_PART_1_OF_1_CHAL10_SF_DA296D4B.jpg,00093-2932-01_DA296D4B,40494,TRUE,10/17/2017 05:32:17 PM,2020-02-10 17:03:02,916d802c-91b6-4015-9e57-7ebf7e9bb5ee-0093-2932-0,916d802c-91b6-4015-9e57-7ebf7e9bb5ee,13,,C48348,ROUND,,1,,N77,,C48325,WHITE,,METHYLDOPA 500 mg;,METHYLDOPA[METHYLDOPA ANHYDROUS];,CITRIC ACID MONOHYDRATE;SILICON DIOXIDE;EDETATE DISODIUM;ETHYLCELLULOSES;HYPROMELLOSE 2910 (3 MPA.S);MAGNESIUM STEARATE;METHYLCELLULOSE (400 CPS);POLYETHYLENE GLYCOLS;CALCIUM SULFATE;SODIUM STARCH GLYCOLATE TYPE A POTATO;TITANIUM DIOXIDE;HYDROXYPROPYL CELLULOSE (TYPE H);TALC;,HRX,SCD,methyldopa 500 MG Oral Tablet,197958,2020-02-10 15:23:34,0093-2932,0,,932932,93,2932,Methyldopa,active,20130328,3d9dec2d-487a-470c-b319-365b8cef786e.xml,,C42931,34391-3,,,LABELER,"Teva Pharmaceuticals USA, Inc.",C73584,NLM,TRUE,,4,,,TRUE,FALSE,FALSE,TRUE,TRUE
00093-3002-56_PART_1_OF_1_CHAL10_SB_0D2986FC.jpg,00093-3002-56,3002,TRUE,FALSE,FALSE,fcn_mix_weight/dr_224/00093-3002-56_PART_1_OF_1_CHAL10_SB_0D2986FC.jpg,00093-3002-56_0D2986FC,28449,TRUE,10/17/2017 05:31:23 PM,2020-02-10 17:13:15,e782283e-2608-4fd6-a8b2-6c30b9d5d3b0-0093-3002-0,e782283e-2608-4fd6-a8b2-6c30b9d5d3b0,22,,C48336,CAPSULE,,1,,93;3002;93;3002,,C48325,WHITE,,QUININE SULFATE 324 mg;,QUININE SULFATE[QUININE];,"SILICON DIOXIDE;GELATIN;FERROSOFERRIC OXIDE;MAGNESIUM STEARATE;STARCH, CORN;PROPYLENE GLYCOL;SHELLAC;SODIUM LAURYL SULFATE;TITANIUM DIOXIDE;POTASSIUM HYDROXIDE;",HRX,SCD,quinine sulfate 324 MG Oral Capsule,997010,2020-02-10 15:42:18,0093-3002,0,,933002,93,3002,Quinine Sulfate,active,20200227,b87c29c4-4dd9-4095-85a5-af8833ae2b4f.xml,,C25158,34391-3,,,LABELER,"Teva Pharmaceuticals USA, Inc.",C73584,NLM,TRUE,,9,,,TRUE,FALSE,FALSE,TRUE,TRUE
00093-3002-56_PART_1_OF_1_CHAL10_SF_0D2986FC.jpg,00093-3002-56,3002,TRUE,TRUE,FALSE,fcn_mix_weight/dr_224/00093-3002-56_PART_1_OF_1_CHAL10_SF_0D2986FC.jpg,00093-3002-56_0D2986FC,28449,TRUE,10/17/2017 05:31:23 PM,2020-02-10 17:13:15,e782283e-2608-4fd6-a8b2-6c30b9d5d3b0-0093-3002-0,e782283e-2608-4fd6-a8b2-6c30b9d5d3b0,22,,C48336,CAPSULE,,1,,93;3002;93;3002,,C48325,WHITE,,QUININE SULFATE 324 mg;,QUININE SULFATE[QUININE];,"SILICON DIOXIDE;GELATIN;FERROSOFERRIC OXIDE;MAGNESIUM STEARATE;STARCH, CORN;PROPYLENE GLYCOL;SHELLAC;SODIUM LAURYL SULFATE;TITANIUM DIOXIDE;POTASSIUM HYDROXIDE;",HRX,SCD,quinine sulfate 324 MG Oral Capsule,997010,2020-02-10 15:42:18,0093-3002,0,,933002,93,3002,Quinine Sulfate,active,20200227,b87c29c4-4dd9-4095-85a5-af8833ae2b4f.xml,,C25158,34391-3,,,LABELER,"Teva Pharmaceuticals USA, Inc.",C73584,NLM,TRUE,,9,,,TRUE,FALSE,FALSE,TRUE,TRUE
00093-3010-84_PART_1_OF_1_CHAL10_SB_F72CFBF7.jpg,00093-3010-84,3010,TRUE,FALSE,FALSE,fcn_mix_weight/dr_224/00093-3010-84_PART_1_OF_1_CHAL10_SB_F72CFBF7.jpg,00093-3010-84_F72CFBF7,10638,TRUE,10/17/2017 05:30:07 PM,2020-02-10 17:13:34,8672ee49-ee2e-4239-98ce-7e23e1ab7b10-0093-3010-0,8672ee49-ee2e-4239-98ce-7e23e1ab7b10,13,,C48348,ROUND,,1,,A08,,C48330,YELLOW,,CLOZAPINE 100 mg;ASPARTAME 12.4 mg;,CLOZAPINE[CLOZAPINE];ASPARTAME[];,DIMETHYLAMINOETHYL METHACRYLATE - BUTYL METHACRYLATE - METHYL METHACRYLATE COPOLYMER;MANNITOL;MICROCRYSTALLINE CELLULOSE;CROSPOVIDONE (120 .MU.M);MINT;SODIUM BICARBONATE;CITRIC ACID MONOHYDRATE;FERRIC OXIDE YELLOW;MAGNESIUM STEARATE;,HRX,,,,2020-02-10 15:43:43,0093-3010,0,,933010,93,3010,Clozapine,completed,20200917,0bf7cec0-163f-4cdc-8161-5c66dda83a50.xml,,C42999,34391-3,,,LABELER,Teva Pharmaceuticals USA Inc,C73605,NLM,TRUE,,15,,,TRUE,FALSE,FALSE,TRUE,TRUE
00093-3010-84_PART_1_OF_1_CHAL10_SF_F72CFBF7.jpg,00093-3010-84,3010,TRUE,TRUE,FALSE,fcn_mix_weight/dr_224/00093-3010-84_PART_1_OF_1_CHAL10_SF_F72CFBF7.jpg,00093-3010-84_F72CFBF7,10638,TRUE,10/17/2017 05:30:07 PM,2020-02-10 17:13:34,8672ee49-ee2e-4239-98ce-7e23e1ab7b10-0093-3010-0,8672ee49-ee2e-4239-98ce-7e23e1ab7b10,13,,C48348,ROUND,,1,,A08,,C48330,YELLOW,,CLOZAPINE 100 mg;ASPARTAME 12.4 mg;,CLOZAPINE[CLOZAPINE];ASPARTAME[];,DIMETHYLAMINOETHYL METHACRYLATE - BUTYL METHACRYLATE - METHYL METHACRYLATE COPOLYMER;MANNITOL;MICROCRYSTALLINE CELLULOSE;CROSPOVIDONE (120 .MU.M);MINT;SODIUM BICARBONATE;CITRIC ACID MONOHYDRATE;FERRIC OXIDE YELLOW;MAGNESIUM STEARATE;,HRX,,,,2020-02-10 15:43:43,0093-3010,0,,933010,93,3010,Clozapine,completed,20200917,0bf7cec0-163f-4cdc-8161-5c66dda83a50.xml,,C42999,34391-3,,,LABELER,Teva Pharmaceuticals USA Inc,C73605,NLM,TRUE,,15,,,TRUE,FALSE,FALSE,TRUE,TRUE
00093-3011-01_PART_1_OF_1_CHAL10_SB_202D1008.jpg,00093-3011-01,3011,TRUE,FALSE,FALSE,fcn_mix_weight/dr_224/00093-3011-01_PART_1_OF_1_CHAL10_SB_202D1008.jpg,00093-3011-01_202D1008,42922,TRUE,10/17/2017 05:32:28 PM,2020-02-10 17:13:46,8672ee49-ee2e-4239-98ce-7e23e1ab7b10-0093-3011-0,8672ee49-ee2e-4239-98ce-7e23e1ab7b10,6,,C48348,ROUND,,1,,A05,,C48330,YELLOW,,CLOZAPINE 12.5 mg;ASPARTAME 1.6 mg;,CLOZAPINE[CLOZAPINE];ASPARTAME[];,DIMETHYLAMINOETHYL METHACRYLATE - BUTYL METHACRYLATE - METHYL METHACRYLATE COPOLYMER;MANNITOL;MICROCRYSTALLINE CELLULOSE;CROSPOVIDONE (120 .MU.M);MINT;SODIUM BICARBONATE;CITRIC ACID MONOHYDRATE;FERRIC OXIDE YELLOW;MAGNESIUM STEARATE;,HRX,SCD,clozapine 12.5 MG Disintegrating Oral Tablet,721773,2020-02-10 16:19:42,0093-3011,0,,933011,93,3011,Clozapine,completed,20200917,0bf7cec0-163f-4cdc-8161-5c66dda83a50.xml,,C42999,34391-3,,,LABELER,Teva Pharmaceuticals USA Inc,C73605,NLM,TRUE,,15,,,TRUE,FALSE,FALSE,TRUE,TRUE
00093-3011-01_PART_1_OF_1_CHAL10_SF_202D1008.jpg,00093-3011-01,3011,TRUE,TRUE,FALSE,fcn_mix_weight/dr_224/00093-3011-01_PART_1_OF_1_CHAL10_SF_202D1008.jpg,00093-3011-01_202D1008,42922,TRUE,10/17/2017 05:32:28 PM,2020-02-10 17:13:46,8672ee49-ee2e-4239-98ce-7e23e1ab7b10-0093-3011-0,8672ee49-ee2e-4239-98ce-7e23e1ab7b10,6,,C48348,ROUND,,1,,A05,,C48330,YELLOW,,CLOZAPINE 12.5 mg;ASPARTAME 1.6 mg;,CLOZAPINE[CLOZAPINE];ASPARTAME[];,DIMETHYLAMINOETHYL METHACRYLATE - BUTYL METHACRYLATE - METHYL METHACRYLATE COPOLYMER;MANNITOL;MICROCRYSTALLINE CELLULOSE;CROSPOVIDONE (120 .MU.M);MINT;SODIUM BICARBONATE;CITRIC ACID MONOHYDRATE;FERRIC OXIDE YELLOW;MAGNESIUM STEARATE;,HRX,SCD,clozapine 12.5 MG Disintegrating Oral Tablet,721773,2020-02-10 16:19:42,0093-3011,0,,933011,93,3011,Clozapine,completed,20200917,0bf7cec0-163f-4cdc-8161-5c66dda83a50.xml,,C42999,34391-3,,,LABELER,Teva Pharmaceuticals USA Inc,C73605,NLM,TRUE,,15,,,TRUE,FALSE,FALSE,TRUE,TRUE
00093-3012-84_PART_1_OF_1_CHAL10_SB_F32CF987.jpg,00093-3012-84,3012,TRUE,FALSE,FALSE,fcn_mix_weight/dr_224/00093-3012-84_PART_1_OF_1_CHAL10_SB_F32CF987.jpg,00093-3012-84_F32CF987,28015,TRUE,10/17/2017 05:31:21 PM,2020-02-10 17:07:19,8672ee49-ee2e-4239-98ce-7e23e1ab7b10-0093-3012-0,8672ee49-ee2e-4239-98ce-7e23e1ab7b10,8,,C48348,ROUND,,1,,A06,,C48330,YELLOW,,CLOZAPINE 25 mg;ASPARTAME 3.1 mg;,CLOZAPINE[CLOZAPINE];ASPARTAME[];,DIMETHYLAMINOETHYL METHACRYLATE - BUTYL METHACRYLATE - METHYL METHACRYLATE COPOLYMER;MANNITOL;MICROCRYSTALLINE CELLULOSE;CROSPOVIDONE (120 .MU.M);MINT;SODIUM BICARBONATE;CITRIC ACID MONOHYDRATE;FERRIC OXIDE YELLOW;MAGNESIUM STEARATE;,HRX,SCD,clozapine 25 MG Disintegrating Oral Tablet,476179,2020-02-10 15:43:43,0093-3012,0,,933012,93,3012,Clozapine,completed,20200917,0bf7cec0-163f-4cdc-8161-5c66dda83a50.xml,,C42999,34391-3,,,LABELER,Teva Pharmaceuticals USA Inc,C73605,NLM,TRUE,,15,,,TRUE,FALSE,FALSE,TRUE,TRUE
00093-3012-84_PART_1_OF_1_CHAL10_SF_F32CF987.jpg,00093-3012-84,3012,TRUE,TRUE,FALSE,fcn_mix_weight/dr_224/00093-3012-84_PART_1_OF_1_CHAL10_SF_F32CF987.jpg,00093-3012-84_F32CF987,28015,TRUE,10/17/2017 05:31:21 PM,2020-02-10 17:07:19,8672ee49-ee2e-4239-98ce-7e23e1ab7b10-0093-3012-0,8672ee49-ee2e-4239-98ce-7e23e1ab7b10,8,,C48348,ROUND,,1,,A06,,C48330,YELLOW,,CLOZAPINE 25 mg;ASPARTAME 3.1 mg;,CLOZAPINE[CLOZAPINE];ASPARTAME[];,DIMETHYLAMINOETHYL METHACRYLATE - BUTYL METHACRYLATE - METHYL METHACRYLATE COPOLYMER;MANNITOL;MICROCRYSTALLINE CELLULOSE;CROSPOVIDONE (120 .MU.M);MINT;SODIUM BICARBONATE;CITRIC ACID MONOHYDRATE;FERRIC OXIDE YELLOW;MAGNESIUM STEARATE;,HRX,SCD,clozapine 25 MG Disintegrating Oral Tablet,476179,2020-02-10 15:43:43,0093-3012,0,,933012,93,3012,Clozapine,completed,20200917,0bf7cec0-163f-4cdc-8161-5c66dda83a50.xml,,C42999,34391-3,,,LABELER,Teva Pharmaceuticals USA Inc,C73605,NLM,TRUE,,15,,,TRUE,FALSE,FALSE,TRUE,TRUE
00093-3109-53_PART_1_OF_1_CHAL10_SB_C819644B.jpg,00093-3109-53,3109,TRUE,FALSE,FALSE,fcn_mix_weight/dr_224/00093-3109-53_PART_1_OF_1_CHAL10_SB_C819644B.jpg,00093-3109-53_C819644B,4926,TRUE,10/17/2017 05:29:42 PM,2020-02-10 17:16:47,3bf1718a-fedc-4834-831e-b3b044f80ee6-66116-821-0,3bf1718a-fedc-4834-831e-b3b044f80ee6,22,,C48336,CAPSULE,,1,,TEVA;3109,,C48332,BROWN,,AMOXICILLIN 500 mg;,AMOXICILLIN[AMOXICILLIN ANHYDROUS];,MAGNESIUM STEARATE;FERROSOFERRIC OXIDE;D&C YELLOW NO. 10;ALUMINUM OXIDE;FD&C BLUE NO. 1;FD&C BLUE NO. 2;FD&C RED NO. 40;GELATIN;PROPYLENE GLYCOL;SHELLAC;TITANIUM DIOXIDE;METHYLPARABEN;POTASSIUM HYDROXIDE;PROPYLPARABEN;SODIUM LAURYL SULFATE;,HRX,,,,2020-02-10 16:10:38,66116-821,0,,661160821,66116,821,Amoxicillin,active,20130201,3bf1718a-fedc-4834-831e-b3b044f80ee6.xml,0093-3109,C25158,34391-3,,,LABELER,"MedVantx, Inc.",C73584,SPL,TRUE,1,1,,,TRUE,FALSE,FALSE,FALSE,TRUE
00093-3109-53_PART_1_OF_1_CHAL10_SB_C819644B.jpg,00093-3109-53,3109,TRUE,FALSE,FALSE,fcn_mix_weight/dr_224/00093-3109-53_PART_1_OF_1_CHAL10_SB_C819644B.jpg,00093-3109-53_C819644B,470,TRUE,10/17/2017 05:29:22 PM,2020-02-10 17:03:28,917046f1-4ab9-4ec3-9327-d8ec82f672f1-43063-434-0,917046f1-4ab9-4ec3-9327-d8ec82f672f1,22,,C48336,CAPSULE,,1,,TEVA;3109,,C48332,BROWN,,AMOXICILLIN 500 mg;,AMOXICILLIN[AMOXICILLIN ANHYDROUS];,MAGNESIUM STEARATE;FERROSOFERRIC OXIDE;D&C YELLOW NO. 10;ALUMINUM OXIDE;FD&C BLUE NO. 1;FD&C BLUE NO. 2;FD&C RED NO. 40;GELATIN;PROPYLENE GLYCOL;SHELLAC;TITANIUM DIOXIDE;METHYLPARABEN;POTASSIUM HYDROXIDE;PROPYLPARABEN;SODIUM LAURYL SULFATE;,HRX,,,,2020-02-10 15:25:41,43063-434,0,,430630434,43063,434,Amoxicillin,active,20130201,3abb85b1-2a3f-4106-ae5f-50af72a74723.xml,0093-3109,C25158,34391-3,,,LABELER,"PD-Rx Pharmaceuticals, Inc.",C73584,SPL,TRUE,1,9,,,TRUE,FALSE,FALSE,FALSE,TRUE
00093-3109-53_PART_1_OF_1_CHAL10_SF_C819644B.jpg,00093-3109-53,3109,TRUE,TRUE,FALSE,fcn_mix_weight/dr_224/00093-3109-53_PART_1_OF_1_CHAL10_SF_C819644B.jpg,00093-3109-53_C819644B,4926,TRUE,10/17/2017 05:29:42 PM,2020-02-10 17:16:47,3bf1718a-fedc-4834-831e-b3b044f80ee6-66116-821-0,3bf1718a-fedc-4834-831e-b3b044f80ee6,22,,C48336,CAPSULE,,1,,TEVA;3109,,C48332,BROWN,,AMOXICILLIN 500 mg;,AMOXICILLIN[AMOXICILLIN ANHYDROUS];,MAGNESIUM STEARATE;FERROSOFERRIC OXIDE;D&C YELLOW NO. 10;ALUMINUM OXIDE;FD&C BLUE NO. 1;FD&C BLUE NO. 2;FD&C RED NO. 40;GELATIN;PROPYLENE GLYCOL;SHELLAC;TITANIUM DIOXIDE;METHYLPARABEN;POTASSIUM HYDROXIDE;PROPYLPARABEN;SODIUM LAURYL SULFATE;,HRX,,,,2020-02-10 16:10:38,66116-821,0,,661160821,66116,821,Amoxicillin,active,20130201,3bf1718a-fedc-4834-831e-b3b044f80ee6.xml,0093-3109,C25158,34391-3,,,LABELER,"MedVantx, Inc.",C73584,SPL,TRUE,1,1,,,TRUE,FALSE,FALSE,FALSE,TRUE
00093-3109-53_PART_1_OF_1_CHAL10_SF_C819644B.jpg,00093-3109-53,3109,TRUE,TRUE,FALSE,fcn_mix_weight/dr_224/00093-3109-53_PART_1_OF_1_CHAL10_SF_C819644B.jpg,00093-3109-53_C819644B,470,TRUE,10/17/2017 05:29:22 PM,2020-02-10 17:03:28,917046f1-4ab9-4ec3-9327-d8ec82f672f1-43063-434-0,917046f1-4ab9-4ec3-9327-d8ec82f672f1,22,,C48336,CAPSULE,,1,,TEVA;3109,,C48332,BROWN,,AMOXICILLIN 500 mg;,AMOXICILLIN[AMOXICILLIN ANHYDROUS];,MAGNESIUM STEARATE;FERROSOFERRIC OXIDE;D&C YELLOW NO. 10;ALUMINUM OXIDE;FD&C BLUE NO. 1;FD&C BLUE NO. 2;FD&C RED NO. 40;GELATIN;PROPYLENE GLYCOL;SHELLAC;TITANIUM DIOXIDE;METHYLPARABEN;POTASSIUM HYDROXIDE;PROPYLPARABEN;SODIUM LAURYL SULFATE;,HRX,,,,2020-02-10 15:25:41,43063-434,0,,430630434,43063,434,Amoxicillin,active,20130201,3abb85b1-2a3f-4106-ae5f-50af72a74723.xml,0093-3109,C25158,34391-3,,,LABELER,"PD-Rx Pharmaceuticals, Inc.",C73584,SPL,TRUE,1,9,,,TRUE,FALSE,FALSE,FALSE,TRUE
00093-3123-01_PART_1_OF_1_CHAL10_SB_EB26F597.jpg,00093-3123-01,3123,TRUE,FALSE,FALSE,fcn_mix_weight/dr_224/00093-3123-01_PART_1_OF_1_CHAL10_SB_EB26F597.jpg,00093-3123-01_EB26F597,34739,TRUE,10/17/2017 05:31:51 PM,2020-02-10 17:10:48,8478f242-c715-4984-ac1d-dc79dc28665e-0093-3123-0,8478f242-c715-4984-ac1d-dc79dc28665e,18,,C48336,CAPSULE,,1,,TEVA;3123,,C48329;C48329,GREEN;GREEN,,DICLOXACILLIN SODIUM 250 mg;,DICLOXACILLIN SODIUM[DICLOXACILLIN];,MAGNESIUM STEARATE;D&C YELLOW NO. 10;FD&C BLUE NO. 1;FD&C BLUE NO. 2;FD&C RED NO. 40;GELATIN;SHELLAC;SODIUM LAURYL SULFATE;SORBITAN MONOLAURATE;FERROSOFERRIC OXIDE;TITANIUM DIOXIDE;PROPYLENE GLYCOL;,HRX,SCD,dicloxacillin 250 MG Oral Capsule,197595,2020-02-10 16:03:16,0093-3123,0,,933123,93,3123,Dicloxacillin Sodium,active,20180731,c24408b8-089c-4aae-994b-17a8f2073d81.xml,,C25158,34391-3,,,LABELER,"Teva Pharmaceuticals USA, Inc.",C73584,NLM,TRUE,,6,,,TRUE,FALSE,FALSE,TRUE,TRUE
00093-3123-01_PART_1_OF_1_CHAL10_SF_EB26F597.jpg,00093-3123-01,3123,TRUE,TRUE,FALSE,fcn_mix_weight/dr_224/00093-3123-01_PART_1_OF_1_CHAL10_SF_EB26F597.jpg,00093-3123-01_EB26F597,34739,TRUE,10/17/2017 05:31:51 PM,2020-02-10 17:10:48,8478f242-c715-4984-ac1d-dc79dc28665e-0093-3123-0,8478f242-c715-4984-ac1d-dc79dc28665e,18,,C48336,CAPSULE,,1,,TEVA;3123,,C48329;C48329,GREEN;GREEN,,DICLOXACILLIN SODIUM 250 mg;,DICLOXACILLIN SODIUM[DICLOXACILLIN];,MAGNESIUM STEARATE;D&C YELLOW NO. 10;FD&C BLUE NO. 1;FD&C BLUE NO. 2;FD&C RED NO. 40;GELATIN;SHELLAC;SODIUM LAURYL SULFATE;SORBITAN MONOLAURATE;FERROSOFERRIC OXIDE;TITANIUM DIOXIDE;PROPYLENE GLYCOL;,HRX,SCD,dicloxacillin 250 MG Oral Capsule,197595,2020-02-10 16:03:16,0093-3123,0,,933123,93,3123,Dicloxacillin Sodium,active,20180731,c24408b8-089c-4aae-994b-17a8f2073d81.xml,,C25158,34391-3,,,LABELER,"Teva Pharmaceuticals USA, Inc.",C73584,NLM,TRUE,,6,,,TRUE,FALSE,FALSE,TRUE,TRUE
00093-3125-01_PART_1_OF_1_CHAL10_SB_DD26EEA7.jpg,00093-3125-01,3125,TRUE,FALSE,FALSE,fcn_mix_weight/dr_224/00093-3125-01_PART_1_OF_1_CHAL10_SB_DD26EEA7.jpg,00093-3125-01_DD26EEA7,27136,TRUE,10/17/2017 05:31:17 PM,2020-02-10 16:59:07,8478f242-c715-4984-ac1d-dc79dc28665e-0093-3125-0,8478f242-c715-4984-ac1d-dc79dc28665e,22,,C48336,CAPSULE,,1,,TEVA;3125,,C48329;C48329,GREEN;GREEN,,DICLOXACILLIN SODIUM 500 mg;,DICLOXACILLIN SODIUM[DICLOXACILLIN];,MAGNESIUM STEARATE;D&C YELLOW NO. 10;FD&C BLUE NO. 1;FD&C BLUE NO. 2;FD&C RED NO. 40;GELATIN;SHELLAC;SODIUM LAURYL SULFATE;SORBITAN MONOLAURATE;FERROSOFERRIC OXIDE;TITANIUM DIOXIDE;PROPYLENE GLYCOL;,HRX,SCD,dicloxacillin 500 MG Oral Capsule,197596,2020-02-10 15:06:24,0093-3125,0,,933125,93,3125,Dicloxacillin Sodium,active,20180731,c24408b8-089c-4aae-994b-17a8f2073d81.xml,,C25158,34391-3,,,LABELER,"Teva Pharmaceuticals USA, Inc.",C73584,NLM,TRUE,,6,,,TRUE,FALSE,FALSE,TRUE,TRUE
00093-3125-01_PART_1_OF_1_CHAL10_SF_DD26EEA7.jpg,00093-3125-01,3125,TRUE,TRUE,FALSE,fcn_mix_weight/dr_224/00093-3125-01_PART_1_OF_1_CHAL10_SF_DD26EEA7.jpg,00093-3125-01_DD26EEA7,27136,TRUE,10/17/2017 05:31:17 PM,2020-02-10 16:59:07,8478f242-c715-4984-ac1d-dc79dc28665e-0093-3125-0,8478f242-c715-4984-ac1d-dc79dc28665e,22,,C48336,CAPSULE,,1,,TEVA;3125,,C48329;C48329,GREEN;GREEN,,DICLOXACILLIN SODIUM 500 mg;,DICLOXACILLIN SODIUM[DICLOXACILLIN];,MAGNESIUM STEARATE;D&C YELLOW NO. 10;FD&C BLUE NO. 1;FD&C BLUE NO. 2;FD&C RED NO. 40;GELATIN;SHELLAC;SODIUM LAURYL SULFATE;SORBITAN MONOLAURATE;FERROSOFERRIC OXIDE;TITANIUM DIOXIDE;PROPYLENE GLYCOL;,HRX,SCD,dicloxacillin 500 MG Oral Capsule,197596,2020-02-10 15:06:24,0093-3125,0,,933125,93,3125,Dicloxacillin Sodium,active,20180731,c24408b8-089c-4aae-994b-17a8f2073d81.xml,,C25158,34391-3,,,LABELER,"Teva Pharmaceuticals USA, Inc.",C73584,NLM,TRUE,,6,,,TRUE,FALSE,FALSE,TRUE,TRUE
00093-3147-01_PART_1_OF_1_CHAL10_SB_24231258.jpg,00093-3147-01,3147,TRUE,FALSE,FALSE,fcn_mix_weight/dr_224/00093-3147-01_PART_1_OF_1_CHAL10_SB_24231258.jpg,00093-3147-01_24231258,7602,TRUE,10/17/2017 05:29:54 PM,2020-02-10 17:08:51,937ecebf-af54-431b-a326-3b4662853b49-66116-255-0,937ecebf-af54-431b-a326-3b4662853b49,22,,C48336,CAPSULE,,1,,TEVA;3147,,C48331,ORANGE,,CEPHALEXIN 500 mg;,CEPHALEXIN[CEPHALEXIN ANHYDROUS];,MAGNESIUM STEARATE;SILICON DIOXIDE;SODIUM STARCH GLYCOLATE TYPE A POTATO;FERROSOFERRIC OXIDE;D&C YELLOW NO. 10;ALUMINUM OXIDE;FD&C BLUE NO. 1;FD&C BLUE NO. 2;FD&C RED NO. 40;GELATIN;CARBOXYMETHYLCELLULOSE SODIUM;SODIUM LAURYL SULFATE;TITANIUM DIOXIDE;PROPYLENE GLYCOL;,HRX,,,,2020-02-10 15:52:25,66116-255,0,,661160255,66116,255,Cephalexin,active,20120725,937ecebf-af54-431b-a326-3b4662853b49.xml,0093-3147,C25158,34391-3,,,LABELER,"MedVantx, Inc.",C73584,SPL,TRUE,1,1,,,TRUE,FALSE,FALSE,FALSE,TRUE
00093-3147-01_PART_1_OF_1_CHAL10_SB_C51962CB.jpg,00093-3147-01,3147,TRUE,FALSE,FALSE,fcn_mix_weight/dr_224/00093-3147-01_PART_1_OF_1_CHAL10_SB_C51962CB.jpg,00093-3147-01_C51962CB,7602,TRUE,10/17/2017 05:29:54 PM,2020-02-10 17:08:51,937ecebf-af54-431b-a326-3b4662853b49-66116-255-0,937ecebf-af54-431b-a326-3b4662853b49,22,,C48336,CAPSULE,,1,,TEVA;3147,,C48331,ORANGE,,CEPHALEXIN 500 mg;,CEPHALEXIN[CEPHALEXIN ANHYDROUS];,MAGNESIUM STEARATE;SILICON DIOXIDE;SODIUM STARCH GLYCOLATE TYPE A POTATO;FERROSOFERRIC OXIDE;D&C YELLOW NO. 10;ALUMINUM OXIDE;FD&C BLUE NO. 1;FD&C BLUE NO. 2;FD&C RED NO. 40;GELATIN;CARBOXYMETHYLCELLULOSE SODIUM;SODIUM LAURYL SULFATE;TITANIUM DIOXIDE;PROPYLENE GLYCOL;,HRX,,,,2020-02-10 15:52:25,66116-255,0,,661160255,66116,255,Cephalexin,active,20120725,937ecebf-af54-431b-a326-3b4662853b49.xml,0093-3147,C25158,34391-3,,,LABELER,"MedVantx, Inc.",C73584,SPL,TRUE,1,1,,,TRUE,FALSE,FALSE,FALSE,TRUE
00093-3147-01_PART_1_OF_1_CHAL10_SF_24231258.jpg,00093-3147-01,3147,TRUE,TRUE,FALSE,fcn_mix_weight/dr_224/00093-3147-01_PART_1_OF_1_CHAL10_SF_24231258.jpg,00093-3147-01_24231258,7602,TRUE,10/17/2017 05:29:54 PM,2020-02-10 17:08:51,937ecebf-af54-431b-a326-3b4662853b49-66116-255-0,937ecebf-af54-431b-a326-3b4662853b49,22,,C48336,CAPSULE,,1,,TEVA;3147,,C48331,ORANGE,,CEPHALEXIN 500 mg;,CEPHALEXIN[CEPHALEXIN ANHYDROUS];,MAGNESIUM STEARATE;SILICON DIOXIDE;SODIUM STARCH GLYCOLATE TYPE A POTATO;FERROSOFERRIC OXIDE;D&C YELLOW NO. 10;ALUMINUM OXIDE;FD&C BLUE NO. 1;FD&C BLUE NO. 2;FD&C RED NO. 40;GELATIN;CARBOXYMETHYLCELLULOSE SODIUM;SODIUM LAURYL SULFATE;TITANIUM DIOXIDE;PROPYLENE GLYCOL;,HRX,,,,2020-02-10 15:52:25,66116-255,0,,661160255,66116,255,Cephalexin,active,20120725,937ecebf-af54-431b-a326-3b4662853b49.xml,0093-3147,C25158,34391-3,,,LABELER,"MedVantx, Inc.",C73584,SPL,TRUE,1,1,,,TRUE,FALSE,FALSE,FALSE,TRUE
00093-3147-01_PART_1_OF_1_CHAL10_SF_C51962CB.jpg,00093-3147-01,3147,TRUE,TRUE,FALSE,fcn_mix_weight/dr_224/00093-3147-01_PART_1_OF_1_CHAL10_SF_C51962CB.jpg,00093-3147-01_C51962CB,7602,TRUE,10/17/2017 05:29:54 PM,2020-02-10 17:08:51,937ecebf-af54-431b-a326-3b4662853b49-66116-255-0,937ecebf-af54-431b-a326-3b4662853b49,22,,C48336,CAPSULE,,1,,TEVA;3147,,C48331,ORANGE,,CEPHALEXIN 500 mg;,CEPHALEXIN[CEPHALEXIN ANHYDROUS];,MAGNESIUM STEARATE;SILICON DIOXIDE;SODIUM STARCH GLYCOLATE TYPE A POTATO;FERROSOFERRIC OXIDE;D&C YELLOW NO. 10;ALUMINUM OXIDE;FD&C BLUE NO. 1;FD&C BLUE NO. 2;FD&C RED NO. 40;GELATIN;CARBOXYMETHYLCELLULOSE SODIUM;SODIUM LAURYL SULFATE;TITANIUM DIOXIDE;PROPYLENE GLYCOL;,HRX,,,,2020-02-10 15:52:25,66116-255,0,,661160255,66116,255,Cephalexin,active,20120725,937ecebf-af54-431b-a326-3b4662853b49.xml,0093-3147,C25158,34391-3,,,LABELER,"MedVantx, Inc.",C73584,SPL,TRUE,1,1,,,TRUE,FALSE,FALSE,FALSE,TRUE
00093-3171-01_PART_1_OF_1_CHAL10_SB_10268814.jpg,00093-3171-01,3171,TRUE,FALSE,FALSE,fcn_mix_weight/dr_224/00093-3171-01_PART_1_OF_1_CHAL10_SB_10268814.jpg,00093-3171-01_10268814,26960,TRUE,10/17/2017 05:31:16 PM,10/17/2017 05:31:16 PM,df4d7c10-d50b-4aee-88c1-cd4e4dc890a8-0093-3171-0,df4d7c10-d50b-4aee-88c1-cd4e4dc890a8,19,,C48336,CAPSULE,,1,,TEVA;3171,,C48326;C48333,RED;BLUE,,CLINDAMYCIN HYDROCHLORIDE 150 mg;,CLINDAMYCIN HYDROCHLORIDE[CLINDAMYCIN];,"STARCH, CORN;LACTOSE MONOHYDRATE;MAGNESIUM STEARATE;FERROSOFERRIC OXIDE;D&C YELLOW NO. 10;ALUMINUM OXIDE;FD&C BLUE NO. 1;FD&C BLUE NO. 2;INDIGOTINDISULFONATE SODIUM;FD&C RED NO. 40;GELATIN;PROPYLENE GLYCOL;SHELLAC;TITANIUM DIOXIDE;D&C RED NO. 28;",HRX,,Clindamycin 150 MG Oral Capsule,197518,,0093-3171,0,,933171,93,3171,Clindamycin Hydrochloride,completed,20140818,92f29293-fca1-4511-89d7-3543ae4828f2.xml,,C25158,34391-3,,,LABELER,Teva Pharmaceuticals USA Inc,C73584,NLM,TRUE,,10,,,FALSE,TRUE,FALSE,TRUE,TRUE
00093-3171-01_PART_1_OF_1_CHAL10_SB_E626F327.jpg,00093-3171-01,3171,TRUE,FALSE,FALSE,fcn_mix_weight/dr_224/00093-3171-01_PART_1_OF_1_CHAL10_SB_E626F327.jpg,00093-3171-01_E626F327,26960,TRUE,10/17/2017 05:31:16 PM,10/17/2017 05:31:16 PM,df4d7c10-d50b-4aee-88c1-cd4e4dc890a8-0093-3171-0,df4d7c10-d50b-4aee-88c1-cd4e4dc890a8,19,,C48336,CAPSULE,,1,,TEVA;3171,,C48326;C48333,RED;BLUE,,CLINDAMYCIN HYDROCHLORIDE 150 mg;,CLINDAMYCIN HYDROCHLORIDE[CLINDAMYCIN];,"STARCH, CORN;LACTOSE MONOHYDRATE;MAGNESIUM STEARATE;FERROSOFERRIC OXIDE;D&C YELLOW NO. 10;ALUMINUM OXIDE;FD&C BLUE NO. 1;FD&C BLUE NO. 2;INDIGOTINDISULFONATE SODIUM;FD&C RED NO. 40;GELATIN;PROPYLENE GLYCOL;SHELLAC;TITANIUM DIOXIDE;D&C RED NO. 28;",HRX,,Clindamycin 150 MG Oral Capsule,197518,,0093-3171,0,,933171,93,3171,Clindamycin Hydrochloride,completed,20140818,92f29293-fca1-4511-89d7-3543ae4828f2.xml,,C25158,34391-3,,,LABELER,Teva Pharmaceuticals USA Inc,C73584,NLM,TRUE,,10,,,FALSE,TRUE,FALSE,TRUE,TRUE
00093-3171-01_PART_1_OF_1_CHAL10_SF_10268814.jpg,00093-3171-01,3171,TRUE,TRUE,FALSE,fcn_mix_weight/dr_224/00093-3171-01_PART_1_OF_1_CHAL10_SF_10268814.jpg,00093-3171-01_10268814,26960,TRUE,10/17/2017 05:31:16 PM,10/17/2017 05:31:16 PM,df4d7c10-d50b-4aee-88c1-cd4e4dc890a8-0093-3171-0,df4d7c10-d50b-4aee-88c1-cd4e4dc890a8,19,,C48336,CAPSULE,,1,,TEVA;3171,,C48326;C48333,RED;BLUE,,CLINDAMYCIN HYDROCHLORIDE 150 mg;,CLINDAMYCIN HYDROCHLORIDE[CLINDAMYCIN];,"STARCH, CORN;LACTOSE MONOHYDRATE;MAGNESIUM STEARATE;FERROSOFERRIC OXIDE;D&C YELLOW NO. 10;ALUMINUM OXIDE;FD&C BLUE NO. 1;FD&C BLUE NO. 2;INDIGOTINDISULFONATE SODIUM;FD&C RED NO. 40;GELATIN;PROPYLENE GLYCOL;SHELLAC;TITANIUM DIOXIDE;D&C RED NO. 28;",HRX,,Clindamycin 150 MG Oral Capsule,197518,,0093-3171,0,,933171,93,3171,Clindamycin Hydrochloride,completed,20140818,92f29293-fca1-4511-89d7-3543ae4828f2.xml,,C25158,34391-3,,,LABELER,Teva Pharmaceuticals USA Inc,C73584,NLM,TRUE,,10,,,FALSE,TRUE,FALSE,TRUE,TRUE
00093-3171-01_PART_1_OF_1_CHAL10_SF_E626F327.jpg,00093-3171-01,3171,TRUE,TRUE,FALSE,fcn_mix_weight/dr_224/00093-3171-01_PART_1_OF_1_CHAL10_SF_E626F327.jpg,00093-3171-01_E626F327,26960,TRUE,10/17/2017 05:31:16 PM,10/17/2017 05:31:16 PM,df4d7c10-d50b-4aee-88c1-cd4e4dc890a8-0093-3171-0,df4d7c10-d50b-4aee-88c1-cd4e4dc890a8,19,,C48336,CAPSULE,,1,,TEVA;3171,,C48326;C48333,RED;BLUE,,CLINDAMYCIN HYDROCHLORIDE 150 mg;,CLINDAMYCIN HYDROCHLORIDE[CLINDAMYCIN];,"STARCH, CORN;LACTOSE MONOHYDRATE;MAGNESIUM STEARATE;FERROSOFERRIC OXIDE;D&C YELLOW NO. 10;ALUMINUM OXIDE;FD&C BLUE NO. 1;FD&C BLUE NO. 2;INDIGOTINDISULFONATE SODIUM;FD&C RED NO. 40;GELATIN;PROPYLENE GLYCOL;SHELLAC;TITANIUM DIOXIDE;D&C RED NO. 28;",HRX,,Clindamycin 150 MG Oral Capsule,197518,,0093-3171,0,,933171,93,3171,Clindamycin Hydrochloride,completed,20140818,92f29293-fca1-4511-89d7-3543ae4828f2.xml,,C25158,34391-3,,,LABELER,Teva Pharmaceuticals USA Inc,C73584,NLM,TRUE,,10,,,FALSE,TRUE,FALSE,TRUE,TRUE
00093-3193-01_PART_1_OF_1_CHAL10_SB_AD29569A.jpg,00093-3193-01,3193,TRUE,FALSE,FALSE,fcn_mix_weight/dr_224/00093-3193-01_PART_1_OF_1_CHAL10_SB_AD29569A.jpg,00093-3193-01_AD29569A,22781,TRUE,10/17/2017 05:30:58 PM,2020-02-10 17:08:40,c2c99853-1268-4998-a44b-2bf0c0b70fd2-0093-3193-0,c2c99853-1268-4998-a44b-2bf0c0b70fd2,18,,C48336,CAPSULE,,1,,93;3193;93;3193,,C48333;C48333,BLUE;BLUE,,KETOPROFEN 50 mg;,KETOPROFEN[KETOPROFEN];,"LACTOSE MONOHYDRATE;MAGNESIUM STEARATE;SODIUM STARCH GLYCOLATE TYPE A POTATO;GELATIN, UNSPECIFIED;SODIUM LAURYL SULFATE;TITANIUM DIOXIDE;D&C RED NO. 28;FD&C BLUE NO. 1;",HRX,SCD,ketoprofen 50 MG Oral Capsule,197855,2020-02-10 15:51:26,0093-3193,0,,933193,93,3193,Ketoprofen,active,20170517,e5448653-6fff-4a3d-924b-d2c6fa1732f2.xml,,C25158,34391-3,,,LABELER,"Teva Pharmaceuticals USA, Inc.",C73584,NLM,TRUE,,7,,,TRUE,FALSE,FALSE,TRUE,TRUE
00093-3193-01_PART_1_OF_1_CHAL10_SF_AD29569A.jpg,00093-3193-01,3193,TRUE,TRUE,FALSE,fcn_mix_weight/dr_224/00093-3193-01_PART_1_OF_1_CHAL10_SF_AD29569A.jpg,00093-3193-01_AD29569A,22781,TRUE,10/17/2017 05:30:58 PM,2020-02-10 17:08:40,c2c99853-1268-4998-a44b-2bf0c0b70fd2-0093-3193-0,c2c99853-1268-4998-a44b-2bf0c0b70fd2,18,,C48336,CAPSULE,,1,,93;3193;93;3193,,C48333;C48333,BLUE;BLUE,,KETOPROFEN 50 mg;,KETOPROFEN[KETOPROFEN];,"LACTOSE MONOHYDRATE;MAGNESIUM STEARATE;SODIUM STARCH GLYCOLATE TYPE A POTATO;GELATIN, UNSPECIFIED;SODIUM LAURYL SULFATE;TITANIUM DIOXIDE;D&C RED NO. 28;FD&C BLUE NO. 1;",HRX,SCD,ketoprofen 50 MG Oral Capsule,197855,2020-02-10 15:51:26,0093-3193,0,,933193,93,3193,Ketoprofen,active,20170517,e5448653-6fff-4a3d-924b-d2c6fa1732f2.xml,,C25158,34391-3,,,LABELER,"Teva Pharmaceuticals USA, Inc.",C73584,NLM,TRUE,,7,,,TRUE,FALSE,FALSE,TRUE,TRUE
00093-3195-01_PART_1_OF_1_CHAL10_SB_BF295F9A.jpg,00093-3195-01,3195,TRUE,FALSE,FALSE,fcn_mix_weight/dr_224/00093-3195-01_PART_1_OF_1_CHAL10_SB_BF295F9A.jpg,00093-3195-01_BF295F9A,21378,TRUE,10/17/2017 05:30:52 PM,2020-02-10 17:12:11,c2c99853-1268-4998-a44b-2bf0c0b70fd2-0093-3195-0,c2c99853-1268-4998-a44b-2bf0c0b70fd2,18,,C48336,CAPSULE,,1,,TEVA;3195,,C48333;C48325,BLUE;WHITE,,KETOPROFEN 75 mg;,KETOPROFEN[KETOPROFEN];,"LACTOSE MONOHYDRATE;MAGNESIUM STEARATE;SODIUM STARCH GLYCOLATE TYPE A POTATO;GELATIN, UNSPECIFIED;SODIUM LAURYL SULFATE;TITANIUM DIOXIDE;D&C RED NO. 28;FD&C BLUE NO. 1;",HRX,SCD,ketoprofen 75 MG Oral Capsule,197856,2020-02-10 16:11:00,0093-3195,0,,933195,93,3195,Ketoprofen,active,20170517,e5448653-6fff-4a3d-924b-d2c6fa1732f2.xml,,C25158,34391-3,,,LABELER,"Teva Pharmaceuticals USA, Inc.",C73584,NLM,TRUE,,7,,,TRUE,FALSE,FALSE,TRUE,TRUE
00093-3195-01_PART_1_OF_1_CHAL10_SF_BF295F9A.jpg,00093-3195-01,3195,TRUE,TRUE,FALSE,fcn_mix_weight/dr_224/00093-3195-01_PART_1_OF_1_CHAL10_SF_BF295F9A.jpg,00093-3195-01_BF295F9A,21378,TRUE,10/17/2017 05:30:52 PM,2020-02-10 17:12:11,c2c99853-1268-4998-a44b-2bf0c0b70fd2-0093-3195-0,c2c99853-1268-4998-a44b-2bf0c0b70fd2,18,,C48336,CAPSULE,,1,,TEVA;3195,,C48333;C48325,BLUE;WHITE,,KETOPROFEN 75 mg;,KETOPROFEN[KETOPROFEN];,"LACTOSE MONOHYDRATE;MAGNESIUM STEARATE;SODIUM STARCH GLYCOLATE TYPE A POTATO;GELATIN, UNSPECIFIED;SODIUM LAURYL SULFATE;TITANIUM DIOXIDE;D&C RED NO. 28;FD&C BLUE NO. 1;",HRX,SCD,ketoprofen 75 MG Oral Capsule,197856,2020-02-10 16:11:00,0093-3195,0,,933195,93,3195,Ketoprofen,active,20170517,e5448653-6fff-4a3d-924b-d2c6fa1732f2.xml,,C25158,34391-3,,,LABELER,"Teva Pharmaceuticals USA, Inc.",C73584,NLM,TRUE,,7,,,TRUE,FALSE,FALSE,TRUE,TRUE
00093-4029-01_PART_1_OF_1_CHAL10_SB_272713C8.jpg,00093-4029-01,4029,TRUE,FALSE,FALSE,fcn_mix_weight/dr_224/00093-4029-01_PART_1_OF_1_CHAL10_SB_272713C8.jpg,00093-4029-01_272713C8,23085,TRUE,10/17/2017 05:31:00 PM,2020-02-10 17:07:49,6422d983-a063-41ae-aa96-7ae2284cb123-0093-4029-0,6422d983-a063-41ae-aa96-7ae2284cb123,16,,C48336,CAPSULE,,1,,TEVA;4029,,C48329,GREEN,,INDOMETHACIN 25 mg;,INDOMETHACIN[INDOMETHACIN];,"FERROSOFERRIC OXIDE;STARCH, CORN;D&C YELLOW NO. 10;FD&C GREEN NO. 3;GELATIN;LACTOSE MONOHYDRATE;LECITHIN, SOYBEAN;PROPYLENE GLYCOL;SHELLAC;SILICON DIOXIDE;STEARIC ACID;TITANIUM DIOXIDE;D&C RED NO. 7;ALUMINUM OXIDE;FD&C BLUE NO. 1;FD&C BLUE NO. 2;SODIUM LAURYL SULFATE;",HRX,SCD,indomethacin 25 MG Oral Capsule,197817,2020-02-10 15:46:42,0093-4029,0,,934029,93,4029,Indomethacin,active,20150812,bea19b1e-f569-4211-9001-7df21ff1e139.xml,,C25158,34391-3,,,LABELER,Teva Pharmaceuticals USA Inc,C73584,NLM,TRUE,,11,,,TRUE,FALSE,FALSE,TRUE,TRUE
00093-4029-01_PART_1_OF_1_CHAL10_SF_272713C8.jpg,00093-4029-01,4029,TRUE,TRUE,FALSE,fcn_mix_weight/dr_224/00093-4029-01_PART_1_OF_1_CHAL10_SF_272713C8.jpg,00093-4029-01_272713C8,23085,TRUE,10/17/2017 05:31:00 PM,2020-02-10 17:07:49,6422d983-a063-41ae-aa96-7ae2284cb123-0093-4029-0,6422d983-a063-41ae-aa96-7ae2284cb123,16,,C48336,CAPSULE,,1,,TEVA;4029,,C48329,GREEN,,INDOMETHACIN 25 mg;,INDOMETHACIN[INDOMETHACIN];,"FERROSOFERRIC OXIDE;STARCH, CORN;D&C YELLOW NO. 10;FD&C GREEN NO. 3;GELATIN;LACTOSE MONOHYDRATE;LECITHIN, SOYBEAN;PROPYLENE GLYCOL;SHELLAC;SILICON DIOXIDE;STEARIC ACID;TITANIUM DIOXIDE;D&C RED NO. 7;ALUMINUM OXIDE;FD&C BLUE NO. 1;FD&C BLUE NO. 2;SODIUM LAURYL SULFATE;",HRX,SCD,indomethacin 25 MG Oral Capsule,197817,2020-02-10 15:46:42,0093-4029,0,,934029,93,4029,Indomethacin,active,20150812,bea19b1e-f569-4211-9001-7df21ff1e139.xml,,C25158,34391-3,,,LABELER,Teva Pharmaceuticals USA Inc,C73584,NLM,TRUE,,11,,,TRUE,FALSE,FALSE,TRUE,TRUE
00093-4030-01_PART_1_OF_1_CHAL10_SB_04268274.jpg,00093-4030-01,4030,TRUE,FALSE,FALSE,fcn_mix_weight/dr_224/00093-4030-01_PART_1_OF_1_CHAL10_SB_04268274.jpg,00093-4030-01_04268274,18155,TRUE,10/17/2017 05:30:39 PM,2020-02-10 17:00:14,6422d983-a063-41ae-aa96-7ae2284cb123-0093-4030-0,6422d983-a063-41ae-aa96-7ae2284cb123,19,,C48336,CAPSULE,,1,,TEVA;4030,,C48329,GREEN,,INDOMETHACIN 50 mg;,INDOMETHACIN[INDOMETHACIN];,"FERROSOFERRIC OXIDE;STARCH, CORN;D&C YELLOW NO. 10;FD&C GREEN NO. 3;GELATIN;LACTOSE MONOHYDRATE;LECITHIN, SOYBEAN;PROPYLENE GLYCOL;SHELLAC;SILICON DIOXIDE;STEARIC ACID;TITANIUM DIOXIDE;D&C RED NO. 7;ALUMINUM OXIDE;FD&C BLUE NO. 1;FD&C BLUE NO. 2;SODIUM LAURYL SULFATE;",HRX,SCD,indomethacin 50 MG Oral Capsule,197818,2020-02-10 15:10:34,0093-4030,0,,934030,93,4030,Indomethacin,active,20150812,bea19b1e-f569-4211-9001-7df21ff1e139.xml,,C25158,34391-3,,,LABELER,Teva Pharmaceuticals USA Inc,C73584,NLM,TRUE,,11,,,TRUE,FALSE,FALSE,TRUE,TRUE
00093-4030-01_PART_1_OF_1_CHAL10_SB_20271038.jpg,00093-4030-01,4030,TRUE,FALSE,FALSE,fcn_mix_weight/dr_224/00093-4030-01_PART_1_OF_1_CHAL10_SB_20271038.jpg,00093-4030-01_20271038,18155,TRUE,10/17/2017 05:30:39 PM,2020-02-10 17:00:14,6422d983-a063-41ae-aa96-7ae2284cb123-0093-4030-0,6422d983-a063-41ae-aa96-7ae2284cb123,19,,C48336,CAPSULE,,1,,TEVA;4030,,C48329,GREEN,,INDOMETHACIN 50 mg;,INDOMETHACIN[INDOMETHACIN];,"FERROSOFERRIC OXIDE;STARCH, CORN;D&C YELLOW NO. 10;FD&C GREEN NO. 3;GELATIN;LACTOSE MONOHYDRATE;LECITHIN, SOYBEAN;PROPYLENE GLYCOL;SHELLAC;SILICON DIOXIDE;STEARIC ACID;TITANIUM DIOXIDE;D&C RED NO. 7;ALUMINUM OXIDE;FD&C BLUE NO. 1;FD&C BLUE NO. 2;SODIUM LAURYL SULFATE;",HRX,SCD,indomethacin 50 MG Oral Capsule,197818,2020-02-10 15:10:34,0093-4030,0,,934030,93,4030,Indomethacin,active,20150812,bea19b1e-f569-4211-9001-7df21ff1e139.xml,,C25158,34391-3,,,LABELER,Teva Pharmaceuticals USA Inc,C73584,NLM,TRUE,,11,,,TRUE,FALSE,FALSE,TRUE,TRUE
00093-4030-01_PART_1_OF_1_CHAL10_SF_04268274.jpg,00093-4030-01,4030,TRUE,TRUE,FALSE,fcn_mix_weight/dr_224/00093-4030-01_PART_1_OF_1_CHAL10_SF_04268274.jpg,00093-4030-01_04268274,18155,TRUE,10/17/2017 05:30:39 PM,2020-02-10 17:00:14,6422d983-a063-41ae-aa96-7ae2284cb123-0093-4030-0,6422d983-a063-41ae-aa96-7ae2284cb123,19,,C48336,CAPSULE,,1,,TEVA;4030,,C48329,GREEN,,INDOMETHACIN 50 mg;,INDOMETHACIN[INDOMETHACIN];,"FERROSOFERRIC OXIDE;STARCH, CORN;D&C YELLOW NO. 10;FD&C GREEN NO. 3;GELATIN;LACTOSE MONOHYDRATE;LECITHIN, SOYBEAN;PROPYLENE GLYCOL;SHELLAC;SILICON DIOXIDE;STEARIC ACID;TITANIUM DIOXIDE;D&C RED NO. 7;ALUMINUM OXIDE;FD&C BLUE NO. 1;FD&C BLUE NO. 2;SODIUM LAURYL SULFATE;",HRX,SCD,indomethacin 50 MG Oral Capsule,197818,2020-02-10 15:10:34,0093-4030,0,,934030,93,4030,Indomethacin,active,20150812,bea19b1e-f569-4211-9001-7df21ff1e139.xml,,C25158,34391-3,,,LABELER,Teva Pharmaceuticals USA Inc,C73584,NLM,TRUE,,11,,,TRUE,FALSE,FALSE,TRUE,TRUE
00093-4030-01_PART_1_OF_1_CHAL10_SF_20271038.jpg,00093-4030-01,4030,TRUE,TRUE,FALSE,fcn_mix_weight/dr_224/00093-4030-01_PART_1_OF_1_CHAL10_SF_20271038.jpg,00093-4030-01_20271038,18155,TRUE,10/17/2017 05:30:39 PM,2020-02-10 17:00:14,6422d983-a063-41ae-aa96-7ae2284cb123-0093-4030-0,6422d983-a063-41ae-aa96-7ae2284cb123,19,,C48336,CAPSULE,,1,,TEVA;4030,,C48329,GREEN,,INDOMETHACIN 50 mg;,INDOMETHACIN[INDOMETHACIN];,"FERROSOFERRIC OXIDE;STARCH, CORN;D&C YELLOW NO. 10;FD&C GREEN NO. 3;GELATIN;LACTOSE MONOHYDRATE;LECITHIN, SOYBEAN;PROPYLENE GLYCOL;SHELLAC;SILICON DIOXIDE;STEARIC ACID;TITANIUM DIOXIDE;D&C RED NO. 7;ALUMINUM OXIDE;FD&C BLUE NO. 1;FD&C BLUE NO. 2;SODIUM LAURYL SULFATE;",HRX,SCD,indomethacin 50 MG Oral Capsule,197818,2020-02-10 15:10:34,0093-4030,0,,934030,93,4030,Indomethacin,active,20150812,bea19b1e-f569-4211-9001-7df21ff1e139.xml,,C25158,34391-3,,,LABELER,Teva Pharmaceuticals USA Inc,C73584,NLM,TRUE,,11,,,TRUE,FALSE,FALSE,TRUE,TRUE
00093-4059-53_PART_1_OF_1_CHAL10_SB_FD2D7EDB.jpg,00093-4059-53,4059,TRUE,FALSE,FALSE,fcn_mix_weight/dr_224/00093-4059-53_PART_1_OF_1_CHAL10_SB_FD2D7EDB.jpg,00093-4059-53_FD2D7EDB,3805,TRUE,10/17/2017 05:29:37 PM,2020-02-10 17:05:01,4674a05c-fdef-4737-a4b8-e3229bdada9d-0093-4059-0,4674a05c-fdef-4737-a4b8-e3229bdada9d,19,,C48345,OVAL,,2,,9;3;4059,,C48325,WHITE,,CEFADROXIL 1000 mg;,CEFADROXIL[CEFADROXIL ANHYDROUS];,SILICON DIOXIDE;CROSCARMELLOSE SODIUM;MAGNESIUM STEARATE;MICROCRYSTALLINE CELLULOSE;,HRX,SCD,cefadroxil 1000 MG Oral Tablet,309047,2020-02-10 15:32:41,0093-4059,0,,934059,93,4059,Cefadroxil,active,20180809,2c394dcd-12d1-4f3d-9696-dc737687b0cb.xml,,C42998,34391-3,,,LABELER,"Teva Pharmaceuticals USA, Inc.",C73584,NLM,TRUE,,6,,,TRUE,FALSE,FALSE,TRUE,TRUE
00093-4059-53_PART_1_OF_1_CHAL10_SF_FD2D7EDB.jpg,00093-4059-53,4059,TRUE,TRUE,FALSE,fcn_mix_weight/dr_224/00093-4059-53_PART_1_OF_1_CHAL10_SF_FD2D7EDB.jpg,00093-4059-53_FD2D7EDB,3805,TRUE,10/17/2017 05:29:37 PM,2020-02-10 17:05:01,4674a05c-fdef-4737-a4b8-e3229bdada9d-0093-4059-0,4674a05c-fdef-4737-a4b8-e3229bdada9d,19,,C48345,OVAL,,2,,9;3;4059,,C48325,WHITE,,CEFADROXIL 1000 mg;,CEFADROXIL[CEFADROXIL ANHYDROUS];,SILICON DIOXIDE;CROSCARMELLOSE SODIUM;MAGNESIUM STEARATE;MICROCRYSTALLINE CELLULOSE;,HRX,SCD,cefadroxil 1000 MG Oral Tablet,309047,2020-02-10 15:32:41,0093-4059,0,,934059,93,4059,Cefadroxil,active,20180809,2c394dcd-12d1-4f3d-9696-dc737687b0cb.xml,,C42998,34391-3,,,LABELER,"Teva Pharmaceuticals USA, Inc.",C73584,NLM,TRUE,,6,,,TRUE,FALSE,FALSE,TRUE,TRUE
00093-4067-01_PART_1_OF_1_CHAL10_SB_CE26E757.jpg,00093-4067-01,4067,TRUE,FALSE,FALSE,fcn_mix_weight/dr_224/00093-4067-01_PART_1_OF_1_CHAL10_SB_CE26E757.jpg,00093-4067-01_CE26E757,20789,TRUE,10/17/2017 05:30:50 PM,2020-02-10 17:12:30,7293cef3-ef9e-40dc-9995-875ef047f693-0093-4067-0,7293cef3-ef9e-40dc-9995-875ef047f693,18,,C48336,CAPSULE,,1,,TEVA;4067,,C48325,WHITE,,PRAZOSIN HYDROCHLORIDE 1 mg;,PRAZOSIN HYDROCHLORIDE[PRAZOSIN];,"ANHYDROUS LACTOSE;MAGNESIUM STEARATE;STARCH, CORN;D&C YELLOW NO. 10;TITANIUM DIOXIDE;",HRX,SCD,prazosin 1 MG Oral Capsule,312593,2020-02-10 16:12:47,0093-4067,0,,934067,93,4067,Prazosin Hydrochloride,active,20200206,d4823dac-88af-46cc-95f0-4944d17ffd9f.xml,,C25158,34391-3,,,LABELER,"Teva Pharmaceuticals USA, Inc.",C73584,NLM,TRUE,,12,,,TRUE,FALSE,FALSE,TRUE,TRUE
00093-4067-01_PART_1_OF_1_CHAL10_SF_CE26E757.jpg,00093-4067-01,4067,TRUE,TRUE,FALSE,fcn_mix_weight/dr_224/00093-4067-01_PART_1_OF_1_CHAL10_SF_CE26E757.jpg,00093-4067-01_CE26E757,20789,TRUE,10/17/2017 05:30:50 PM,2020-02-10 17:12:30,7293cef3-ef9e-40dc-9995-875ef047f693-0093-4067-0,7293cef3-ef9e-40dc-9995-875ef047f693,18,,C48336,CAPSULE,,1,,TEVA;4067,,C48325,WHITE,,PRAZOSIN HYDROCHLORIDE 1 mg;,PRAZOSIN HYDROCHLORIDE[PRAZOSIN];,"ANHYDROUS LACTOSE;MAGNESIUM STEARATE;STARCH, CORN;D&C YELLOW NO. 10;TITANIUM DIOXIDE;",HRX,SCD,prazosin 1 MG Oral Capsule,312593,2020-02-10 16:12:47,0093-4067,0,,934067,93,4067,Prazosin Hydrochloride,active,20200206,d4823dac-88af-46cc-95f0-4944d17ffd9f.xml,,C25158,34391-3,,,LABELER,"Teva Pharmaceuticals USA, Inc.",C73584,NLM,TRUE,,12,,,TRUE,FALSE,FALSE,TRUE,TRUE
00093-4068-01_PART_1_OF_1_CHAL10_SB_CC26E637.jpg,00093-4068-01,4068,TRUE,FALSE,FALSE,fcn_mix_weight/dr_224/00093-4068-01_PART_1_OF_1_CHAL10_SB_CC26E637.jpg,00093-4068-01_CC26E637,34793,TRUE,10/17/2017 05:31:51 PM,2020-02-10 17:09:04,7293cef3-ef9e-40dc-9995-875ef047f693-0093-4068-0,7293cef3-ef9e-40dc-9995-875ef047f693,18,,C48336,CAPSULE,,1,,TEVA;4068,,C48328,PINK,,PRAZOSIN HYDROCHLORIDE 2 mg;,PRAZOSIN HYDROCHLORIDE[PRAZOSIN];,"ANHYDROUS LACTOSE;MAGNESIUM STEARATE;STARCH, CORN;FD&C BLUE NO. 1;FD&C RED NO. 40;D&C RED NO. 28;TITANIUM DIOXIDE;",HRX,SCD,prazosin 2 MG Oral Capsule,312594,2020-02-10 15:53:29,0093-4068,0,,934068,93,4068,Prazosin Hydrochloride,active,20200206,d4823dac-88af-46cc-95f0-4944d17ffd9f.xml,,C25158,34391-3,,,LABELER,"Teva Pharmaceuticals USA, Inc.",C73584,NLM,TRUE,,12,,,TRUE,FALSE,FALSE,TRUE,TRUE
00093-4068-01_PART_1_OF_1_CHAL10_SF_CC26E637.jpg,00093-4068-01,4068,TRUE,TRUE,FALSE,fcn_mix_weight/dr_224/00093-4068-01_PART_1_OF_1_CHAL10_SF_CC26E637.jpg,00093-4068-01_CC26E637,34793,TRUE,10/17/2017 05:31:51 PM,2020-02-10 17:09:04,7293cef3-ef9e-40dc-9995-875ef047f693-0093-4068-0,7293cef3-ef9e-40dc-9995-875ef047f693,18,,C48336,CAPSULE,,1,,TEVA;4068,,C48328,PINK,,PRAZOSIN HYDROCHLORIDE 2 mg;,PRAZOSIN HYDROCHLORIDE[PRAZOSIN];,"ANHYDROUS LACTOSE;MAGNESIUM STEARATE;STARCH, CORN;FD&C BLUE NO. 1;FD&C RED NO. 40;D&C RED NO. 28;TITANIUM DIOXIDE;",HRX,SCD,prazosin 2 MG Oral Capsule,312594,2020-02-10 15:53:29,0093-4068,0,,934068,93,4068,Prazosin Hydrochloride,active,20200206,d4823dac-88af-46cc-95f0-4944d17ffd9f.xml,,C25158,34391-3,,,LABELER,"Teva Pharmaceuticals USA, Inc.",C73584,NLM,TRUE,,12,,,TRUE,FALSE,FALSE,TRUE,TRUE
00093-4069-01_PART_1_OF_1_CHAL10_SB_E126F0B7.jpg,00093-4069-01,4069,TRUE,FALSE,FALSE,fcn_mix_weight/dr_224/00093-4069-01_PART_1_OF_1_CHAL10_SB_E126F0B7.jpg,00093-4069-01_E126F0B7,83517,TRUE,2020-02-10 16:54:39,2020-02-10 17:08:23,a2b84746-f780-4e21-adc9-62d09c9363cf-60687-572-0,a2b84746-f780-4e21-adc9-62d09c9363cf,22,,C48336,CAPSULE,,1,,TEVA;4069,,C48333,BLUE,,PRAZOSIN HYDROCHLORIDE 5 mg;,PRAZOSIN HYDROCHLORIDE[PRAZOSIN];,"ANHYDROUS LACTOSE;MAGNESIUM STEARATE;STARCH, CORN;FD&C BLUE NO. 1;TITANIUM DIOXIDE;",HRX,,,,2020-02-10 15:49:56,60687-572,0,,606870572,60687,572,Prazosin Hydrochloride,active,20200903,ae6c690e-6b68-7dcf-e053-2a95a90a6cf8.xml,0093-4069,C25158,,,,LABELER,American Health Packaging,C73584,SPL,TRUE,1,1,,,TRUE,FALSE,TRUE,FALSE,TRUE
00093-4069-01_PART_1_OF_1_CHAL10_SB_E126F0B7.jpg,00093-4069-01,4069,TRUE,FALSE,FALSE,fcn_mix_weight/dr_224/00093-4069-01_PART_1_OF_1_CHAL10_SB_E126F0B7.jpg,00093-4069-01_E126F0B7,11312,TRUE,10/17/2017 05:30:10 PM,2020-02-10 17:15:17,7293cef3-ef9e-40dc-9995-875ef047f693-0093-4069-0,7293cef3-ef9e-40dc-9995-875ef047f693,22,,C48336,CAPSULE,,1,,TEVA;4069,,C48333,BLUE,,PRAZOSIN HYDROCHLORIDE 5 mg;,PRAZOSIN HYDROCHLORIDE[PRAZOSIN];,"ANHYDROUS LACTOSE;MAGNESIUM STEARATE;STARCH, CORN;FD&C BLUE NO. 1;TITANIUM DIOXIDE;",HRX,SCD,prazosin 5 MG Oral Capsule,198141,2020-02-10 16:27:43,0093-4069,0,,934069,93,4069,Prazosin Hydrochloride,active,20200206,d4823dac-88af-46cc-95f0-4944d17ffd9f.xml,,C25158,34391-3,,,LABELER,"Teva Pharmaceuticals USA, Inc.",C73584,NLM,TRUE,,12,,,TRUE,FALSE,FALSE,TRUE,TRUE
00093-4069-01_PART_1_OF_1_CHAL10_SF_E126F0B7.jpg,00093-4069-01,4069,TRUE,TRUE,FALSE,fcn_mix_weight/dr_224/00093-4069-01_PART_1_OF_1_CHAL10_SF_E126F0B7.jpg,00093-4069-01_E126F0B7,83517,TRUE,2020-02-10 16:54:39,2020-02-10 17:08:23,a2b84746-f780-4e21-adc9-62d09c9363cf-60687-572-0,a2b84746-f780-4e21-adc9-62d09c9363cf,22,,C48336,CAPSULE,,1,,TEVA;4069,,C48333,BLUE,,PRAZOSIN HYDROCHLORIDE 5 mg;,PRAZOSIN HYDROCHLORIDE[PRAZOSIN];,"ANHYDROUS LACTOSE;MAGNESIUM STEARATE;STARCH, CORN;FD&C BLUE NO. 1;TITANIUM DIOXIDE;",HRX,,,,2020-02-10 15:49:56,60687-572,0,,606870572,60687,572,Prazosin Hydrochloride,active,20200903,ae6c690e-6b68-7dcf-e053-2a95a90a6cf8.xml,0093-4069,C25158,,,,LABELER,American Health Packaging,C73584,SPL,TRUE,1,1,,,TRUE,FALSE,TRUE,FALSE,TRUE
00093-4069-01_PART_1_OF_1_CHAL10_SF_E126F0B7.jpg,00093-4069-01,4069,TRUE,TRUE,FALSE,fcn_mix_weight/dr_224/00093-4069-01_PART_1_OF_1_CHAL10_SF_E126F0B7.jpg,00093-4069-01_E126F0B7,11312,TRUE,10/17/2017 05:30:10 PM,2020-02-10 17:15:17,7293cef3-ef9e-40dc-9995-875ef047f693-0093-4069-0,7293cef3-ef9e-40dc-9995-875ef047f693,22,,C48336,CAPSULE,,1,,TEVA;4069,,C48333,BLUE,,PRAZOSIN HYDROCHLORIDE 5 mg;,PRAZOSIN HYDROCHLORIDE[PRAZOSIN];,"ANHYDROUS LACTOSE;MAGNESIUM STEARATE;STARCH, CORN;FD&C BLUE NO. 1;TITANIUM DIOXIDE;",HRX,SCD,prazosin 5 MG Oral Capsule,198141,2020-02-10 16:27:43,0093-4069,0,,934069,93,4069,Prazosin Hydrochloride,active,20200206,d4823dac-88af-46cc-95f0-4944d17ffd9f.xml,,C25158,34391-3,,,LABELER,"Teva Pharmaceuticals USA, Inc.",C73584,NLM,TRUE,,12,,,TRUE,FALSE,FALSE,TRUE,TRUE
00093-4232-01_PART_1_OF_1_CHAL10_SB_2D2D16F8.jpg,00093-4232-01,4232,TRUE,FALSE,FALSE,fcn_mix_weight/dr_224/00093-4232-01_PART_1_OF_1_CHAL10_SB_2D2D16F8.jpg,00093-4232-01_2D2D16F8,38261,TRUE,10/17/2017 05:32:07 PM,2020-02-10 17:05:48,04236576-01c4-43a6-ac8a-60e23b5dc692-0093-4232-0,04236576-01c4-43a6-ac8a-60e23b5dc692,8,,C48348,ROUND,,2,,0;5;Z;4232,,C48329,GREEN,,BUMETANIDE 0.5 mg;,BUMETANIDE[BUMETANIDE];,"ANHYDROUS LACTOSE;MAGNESIUM STEARATE;CELLULOSE, MICROCRYSTALLINE;STARCH, CORN;TALC;D&C YELLOW NO. 10;ALUMINUM OXIDE;FD&C BLUE NO. 1;",HRX,SCD,bumetanide 0.5 MG Oral Tablet,197417,2020-02-10 15:36:08,0093-4232,0,,934232,93,4232,Bumetanide,active,20130905,cf5bdbcd-f4c8-46dc-98eb-d6a6f22788fe.xml,,C42998,34391-3,,,LABELER,Teva Pharmaceuticals USA Inc,C73584,NLM,TRUE,,6,,,TRUE,FALSE,FALSE,TRUE,TRUE
00093-4232-01_PART_1_OF_1_CHAL10_SF_2D2D16F8.jpg,00093-4232-01,4232,TRUE,TRUE,FALSE,fcn_mix_weight/dr_224/00093-4232-01_PART_1_OF_1_CHAL10_SF_2D2D16F8.jpg,00093-4232-01_2D2D16F8,38261,TRUE,10/17/2017 05:32:07 PM,2020-02-10 17:05:48,04236576-01c4-43a6-ac8a-60e23b5dc692-0093-4232-0,04236576-01c4-43a6-ac8a-60e23b5dc692,8,,C48348,ROUND,,2,,0;5;Z;4232,,C48329,GREEN,,BUMETANIDE 0.5 mg;,BUMETANIDE[BUMETANIDE];,"ANHYDROUS LACTOSE;MAGNESIUM STEARATE;CELLULOSE, MICROCRYSTALLINE;STARCH, CORN;TALC;D&C YELLOW NO. 10;ALUMINUM OXIDE;FD&C BLUE NO. 1;",HRX,SCD,bumetanide 0.5 MG Oral Tablet,197417,2020-02-10 15:36:08,0093-4232,0,,934232,93,4232,Bumetanide,active,20130905,cf5bdbcd-f4c8-46dc-98eb-d6a6f22788fe.xml,,C42998,34391-3,,,LABELER,Teva Pharmaceuticals USA Inc,C73584,NLM,TRUE,,6,,,TRUE,FALSE,FALSE,TRUE,TRUE
00093-4233-01_PART_1_OF_1_CHAL10_SB_322D1908.jpg,00093-4233-01,4233,TRUE,FALSE,FALSE,fcn_mix_weight/dr_224/00093-4233-01_PART_1_OF_1_CHAL10_SB_322D1908.jpg,00093-4233-01_322D1908,15099,TRUE,10/17/2017 05:30:26 PM,2020-02-10 17:08:11,04236576-01c4-43a6-ac8a-60e23b5dc692-0093-4233-0,04236576-01c4-43a6-ac8a-60e23b5dc692,8,,C48348,ROUND,,2,,1;Z;4233,,C48330,YELLOW,,BUMETANIDE 1 mg;,BUMETANIDE[BUMETANIDE];,"ANHYDROUS LACTOSE;MAGNESIUM STEARATE;CELLULOSE, MICROCRYSTALLINE;STARCH, CORN;TALC;D&C YELLOW NO. 10;ALUMINUM OXIDE;",HRX,SCD,bumetanide 1 MG Oral Tablet,197418,2020-02-10 15:48:46,0093-4233,0,,934233,93,4233,Bumetanide,active,20130905,cf5bdbcd-f4c8-46dc-98eb-d6a6f22788fe.xml,,C42998,34391-3,,,LABELER,Teva Pharmaceuticals USA Inc,C73584,NLM,TRUE,,6,,,TRUE,FALSE,FALSE,TRUE,TRUE
00093-4233-01_PART_1_OF_1_CHAL10_SF_322D1908.jpg,00093-4233-01,4233,TRUE,TRUE,FALSE,fcn_mix_weight/dr_224/00093-4233-01_PART_1_OF_1_CHAL10_SF_322D1908.jpg,00093-4233-01_322D1908,15099,TRUE,10/17/2017 05:30:26 PM,2020-02-10 17:08:11,04236576-01c4-43a6-ac8a-60e23b5dc692-0093-4233-0,04236576-01c4-43a6-ac8a-60e23b5dc692,8,,C48348,ROUND,,2,,1;Z;4233,,C48330,YELLOW,,BUMETANIDE 1 mg;,BUMETANIDE[BUMETANIDE];,"ANHYDROUS LACTOSE;MAGNESIUM STEARATE;CELLULOSE, MICROCRYSTALLINE;STARCH, CORN;TALC;D&C YELLOW NO. 10;ALUMINUM OXIDE;",HRX,SCD,bumetanide 1 MG Oral Tablet,197418,2020-02-10 15:48:46,0093-4233,0,,934233,93,4233,Bumetanide,active,20130905,cf5bdbcd-f4c8-46dc-98eb-d6a6f22788fe.xml,,C42998,34391-3,,,LABELER,Teva Pharmaceuticals USA Inc,C73584,NLM,TRUE,,6,,,TRUE,FALSE,FALSE,TRUE,TRUE
00093-4234-01_PART_1_OF_1_CHAL10_SB_292D1488.jpg,00093-4234-01,4234,TRUE,FALSE,FALSE,fcn_mix_weight/dr_224/00093-4234-01_PART_1_OF_1_CHAL10_SB_292D1488.jpg,00093-4234-01_292D1488,21704,TRUE,10/17/2017 05:30:54 PM,2020-02-10 17:08:11,04236576-01c4-43a6-ac8a-60e23b5dc692-0093-4234-0,04236576-01c4-43a6-ac8a-60e23b5dc692,10,,C48348,ROUND,,2,,2;Z;4234,,C48331,ORANGE,,BUMETANIDE 2 mg;,BUMETANIDE[BUMETANIDE];,"ANHYDROUS LACTOSE;MAGNESIUM STEARATE;CELLULOSE, MICROCRYSTALLINE;STARCH, CORN;TALC;FERRIC OXIDE RED;",HRX,SCD,bumetanide 2 MG Oral Tablet,197419,2020-02-10 15:48:46,0093-4234,0,,934234,93,4234,Bumetanide,active,20130905,cf5bdbcd-f4c8-46dc-98eb-d6a6f22788fe.xml,,C42998,34391-3,,,LABELER,Teva Pharmaceuticals USA Inc,C73584,NLM,TRUE,,6,,,TRUE,FALSE,FALSE,TRUE,TRUE
00093-4234-01_PART_1_OF_1_CHAL10_SF_292D1488.jpg,00093-4234-01,4234,TRUE,TRUE,FALSE,fcn_mix_weight/dr_224/00093-4234-01_PART_1_OF_1_CHAL10_SF_292D1488.jpg,00093-4234-01_292D1488,21704,TRUE,10/17/2017 05:30:54 PM,2020-02-10 17:08:11,04236576-01c4-43a6-ac8a-60e23b5dc692-0093-4234-0,04236576-01c4-43a6-ac8a-60e23b5dc692,10,,C48348,ROUND,,2,,2;Z;4234,,C48331,ORANGE,,BUMETANIDE 2 mg;,BUMETANIDE[BUMETANIDE];,"ANHYDROUS LACTOSE;MAGNESIUM STEARATE;CELLULOSE, MICROCRYSTALLINE;STARCH, CORN;TALC;FERRIC OXIDE RED;",HRX,SCD,bumetanide 2 MG Oral Tablet,197419,2020-02-10 15:48:46,0093-4234,0,,934234,93,4234,Bumetanide,active,20130905,cf5bdbcd-f4c8-46dc-98eb-d6a6f22788fe.xml,,C42998,34391-3,,,LABELER,Teva Pharmaceuticals USA Inc,C73584,NLM,TRUE,,6,,,TRUE,FALSE,FALSE,TRUE,TRUE
00093-4235-01_PART_1_OF_1_CHAL10_SB_222D910C.jpg,00093-4235-01,4235,TRUE,FALSE,FALSE,fcn_mix_weight/dr_224/00093-4235-01_PART_1_OF_1_CHAL10_SB_222D910C.jpg,00093-4235-01_222D910C,26929,TRUE,10/17/2017 05:31:16 PM,2020-02-10 17:16:32,0031ce9c-cb49-433a-aa74-8d20ca0563c0-0093-4235-0,0031ce9c-cb49-433a-aa74-8d20ca0563c0,8,,C48348,ROUND,,2,,20;Z;4235,,C48325,WHITE,,NADOLOL 20 mg;,NADOLOL[NADOLOL];,"ANHYDROUS CITRIC ACID;STARCH, CORN;MAGNESIUM STEARATE;CELLULOSE, MICROCRYSTALLINE;POVIDONE K30;",HRX,SCD,nadolol 20 MG Oral Tablet,198006,2020-02-10 16:34:07,0093-4235,0,,934235,93,4235,Nadolol,active,20131015,af5152c5-3641-4622-9295-02e9ac51b0d5.xml,,C42998,34391-3,,,LABELER,"Teva Pharmaceuticals USA, Inc.",C73584,NLM,TRUE,,8,,,TRUE,FALSE,FALSE,TRUE,TRUE
00093-4235-01_PART_1_OF_1_CHAL10_SF_222D910C.jpg,00093-4235-01,4235,TRUE,TRUE,FALSE,fcn_mix_weight/dr_224/00093-4235-01_PART_1_OF_1_CHAL10_SF_222D910C.jpg,00093-4235-01_222D910C,26929,TRUE,10/17/2017 05:31:16 PM,2020-02-10 17:16:32,0031ce9c-cb49-433a-aa74-8d20ca0563c0-0093-4235-0,0031ce9c-cb49-433a-aa74-8d20ca0563c0,8,,C48348,ROUND,,2,,20;Z;4235,,C48325,WHITE,,NADOLOL 20 mg;,NADOLOL[NADOLOL];,"ANHYDROUS CITRIC ACID;STARCH, CORN;MAGNESIUM STEARATE;CELLULOSE, MICROCRYSTALLINE;POVIDONE K30;",HRX,SCD,nadolol 20 MG Oral Tablet,198006,2020-02-10 16:34:07,0093-4235,0,,934235,93,4235,Nadolol,active,20131015,af5152c5-3641-4622-9295-02e9ac51b0d5.xml,,C42998,34391-3,,,LABELER,"Teva Pharmaceuticals USA, Inc.",C73584,NLM,TRUE,,8,,,TRUE,FALSE,FALSE,TRUE,TRUE
00093-4236-01_PART_1_OF_1_CHAL10_SB_112388AC.jpg,00093-4236-01,4236,TRUE,FALSE,FALSE,fcn_mix_weight/dr_224/00093-4236-01_PART_1_OF_1_CHAL10_SB_112388AC.jpg,00093-4236-01_112388AC,44078,TRUE,10/17/2017 05:32:33 PM,2020-02-10 17:06:19,0031ce9c-cb49-433a-aa74-8d20ca0563c0-0093-4236-0,0031ce9c-cb49-433a-aa74-8d20ca0563c0,10,,C48348,ROUND,,2,,40;Z;4236,,C48325,WHITE,,NADOLOL 40 mg;,NADOLOL[NADOLOL];,"ANHYDROUS CITRIC ACID;STARCH, CORN;MAGNESIUM STEARATE;CELLULOSE, MICROCRYSTALLINE;POVIDONE K30;",HRX,SCD,nadolol 40 MG Oral Tablet,198007,2020-02-10 15:38:56,0093-4236,0,,934236,93,4236,Nadolol,active,20131015,af5152c5-3641-4622-9295-02e9ac51b0d5.xml,,C42998,34391-3,,,LABELER,"Teva Pharmaceuticals USA, Inc.",C73584,NLM,TRUE,,8,,,TRUE,FALSE,FALSE,TRUE,TRUE
00093-4236-01_PART_1_OF_1_CHAL10_SB_262D937C.jpg,00093-4236-01,4236,TRUE,FALSE,FALSE,fcn_mix_weight/dr_224/00093-4236-01_PART_1_OF_1_CHAL10_SB_262D937C.jpg,00093-4236-01_262D937C,44078,TRUE,10/17/2017 05:32:33 PM,2020-02-10 17:06:19,0031ce9c-cb49-433a-aa74-8d20ca0563c0-0093-4236-0,0031ce9c-cb49-433a-aa74-8d20ca0563c0,10,,C48348,ROUND,,2,,40;Z;4236,,C48325,WHITE,,NADOLOL 40 mg;,NADOLOL[NADOLOL];,"ANHYDROUS CITRIC ACID;STARCH, CORN;MAGNESIUM STEARATE;CELLULOSE, MICROCRYSTALLINE;POVIDONE K30;",HRX,SCD,nadolol 40 MG Oral Tablet,198007,2020-02-10 15:38:56,0093-4236,0,,934236,93,4236,Nadolol,active,20131015,af5152c5-3641-4622-9295-02e9ac51b0d5.xml,,C42998,34391-3,,,LABELER,"Teva Pharmaceuticals USA, Inc.",C73584,NLM,TRUE,,8,,,TRUE,FALSE,FALSE,TRUE,TRUE
00093-4236-01_PART_1_OF_1_CHAL10_SF_112388AC.jpg,00093-4236-01,4236,TRUE,TRUE,FALSE,fcn_mix_weight/dr_224/00093-4236-01_PART_1_OF_1_CHAL10_SF_112388AC.jpg,00093-4236-01_112388AC,44078,TRUE,10/17/2017 05:32:33 PM,2020-02-10 17:06:19,0031ce9c-cb49-433a-aa74-8d20ca0563c0-0093-4236-0,0031ce9c-cb49-433a-aa74-8d20ca0563c0,10,,C48348,ROUND,,2,,40;Z;4236,,C48325,WHITE,,NADOLOL 40 mg;,NADOLOL[NADOLOL];,"ANHYDROUS CITRIC ACID;STARCH, CORN;MAGNESIUM STEARATE;CELLULOSE, MICROCRYSTALLINE;POVIDONE K30;",HRX,SCD,nadolol 40 MG Oral Tablet,198007,2020-02-10 15:38:56,0093-4236,0,,934236,93,4236,Nadolol,active,20131015,af5152c5-3641-4622-9295-02e9ac51b0d5.xml,,C42998,34391-3,,,LABELER,"Teva Pharmaceuticals USA, Inc.",C73584,NLM,TRUE,,8,,,TRUE,FALSE,FALSE,TRUE,TRUE
00093-4236-01_PART_1_OF_1_CHAL10_SF_262D937C.jpg,00093-4236-01,4236,TRUE,TRUE,FALSE,fcn_mix_weight/dr_224/00093-4236-01_PART_1_OF_1_CHAL10_SF_262D937C.jpg,00093-4236-01_262D937C,44078,TRUE,10/17/2017 05:32:33 PM,2020-02-10 17:06:19,0031ce9c-cb49-433a-aa74-8d20ca0563c0-0093-4236-0,0031ce9c-cb49-433a-aa74-8d20ca0563c0,10,,C48348,ROUND,,2,,40;Z;4236,,C48325,WHITE,,NADOLOL 40 mg;,NADOLOL[NADOLOL];,"ANHYDROUS CITRIC ACID;STARCH, CORN;MAGNESIUM STEARATE;CELLULOSE, MICROCRYSTALLINE;POVIDONE K30;",HRX,SCD,nadolol 40 MG Oral Tablet,198007,2020-02-10 15:38:56,0093-4236,0,,934236,93,4236,Nadolol,active,20131015,af5152c5-3641-4622-9295-02e9ac51b0d5.xml,,C42998,34391-3,,,LABELER,"Teva Pharmaceuticals USA, Inc.",C73584,NLM,TRUE,,8,,,TRUE,FALSE,FALSE,TRUE,TRUE
00093-4237-01_PART_1_OF_1_CHAL10_SB_2B2D958C.jpg,00093-4237-01,4237,TRUE,FALSE,FALSE,fcn_mix_weight/dr_224/00093-4237-01_PART_1_OF_1_CHAL10_SB_2B2D958C.jpg,00093-4237-01_2B2D958C,39442,TRUE,10/17/2017 05:32:12 PM,2020-02-10 17:06:19,0031ce9c-cb49-433a-aa74-8d20ca0563c0-0093-4237-0,0031ce9c-cb49-433a-aa74-8d20ca0563c0,11,,C48348,ROUND,,2,,80;Z;4237,,C48325,WHITE,,NADOLOL 80 mg;,NADOLOL[NADOLOL];,"ANHYDROUS CITRIC ACID;STARCH, CORN;MAGNESIUM STEARATE;CELLULOSE, MICROCRYSTALLINE;POVIDONE K30;SODIUM STARCH GLYCOLATE TYPE A POTATO;",HRX,SCD,nadolol 80 MG Oral Tablet,198008,2020-02-10 15:38:57,0093-4237,0,,934237,93,4237,Nadolol,active,20131015,af5152c5-3641-4622-9295-02e9ac51b0d5.xml,,C42998,34391-3,,,LABELER,"Teva Pharmaceuticals USA, Inc.",C73584,NLM,TRUE,,8,,,TRUE,FALSE,FALSE,TRUE,TRUE
00093-4237-01_PART_1_OF_1_CHAL10_SB_A323D19E.jpg,00093-4237-01,4237,TRUE,FALSE,FALSE,fcn_mix_weight/dr_224/00093-4237-01_PART_1_OF_1_CHAL10_SB_A323D19E.jpg,00093-4237-01_A323D19E,39442,TRUE,10/17/2017 05:32:12 PM,2020-02-10 17:06:19,0031ce9c-cb49-433a-aa74-8d20ca0563c0-0093-4237-0,0031ce9c-cb49-433a-aa74-8d20ca0563c0,11,,C48348,ROUND,,2,,80;Z;4237,,C48325,WHITE,,NADOLOL 80 mg;,NADOLOL[NADOLOL];,"ANHYDROUS CITRIC ACID;STARCH, CORN;MAGNESIUM STEARATE;CELLULOSE, MICROCRYSTALLINE;POVIDONE K30;SODIUM STARCH GLYCOLATE TYPE A POTATO;",HRX,SCD,nadolol 80 MG Oral Tablet,198008,2020-02-10 15:38:57,0093-4237,0,,934237,93,4237,Nadolol,active,20131015,af5152c5-3641-4622-9295-02e9ac51b0d5.xml,,C42998,34391-3,,,LABELER,"Teva Pharmaceuticals USA, Inc.",C73584,NLM,TRUE,,8,,,TRUE,FALSE,FALSE,TRUE,TRUE
00093-4237-01_PART_1_OF_1_CHAL10_SF_2B2D958C.jpg,00093-4237-01,4237,TRUE,TRUE,FALSE,fcn_mix_weight/dr_224/00093-4237-01_PART_1_OF_1_CHAL10_SF_2B2D958C.jpg,00093-4237-01_2B2D958C,39442,TRUE,10/17/2017 05:32:12 PM,2020-02-10 17:06:19,0031ce9c-cb49-433a-aa74-8d20ca0563c0-0093-4237-0,0031ce9c-cb49-433a-aa74-8d20ca0563c0,11,,C48348,ROUND,,2,,80;Z;4237,,C48325,WHITE,,NADOLOL 80 mg;,NADOLOL[NADOLOL];,"ANHYDROUS CITRIC ACID;STARCH, CORN;MAGNESIUM STEARATE;CELLULOSE, MICROCRYSTALLINE;POVIDONE K30;SODIUM STARCH GLYCOLATE TYPE A POTATO;",HRX,SCD,nadolol 80 MG Oral Tablet,198008,2020-02-10 15:38:57,0093-4237,0,,934237,93,4237,Nadolol,active,20131015,af5152c5-3641-4622-9295-02e9ac51b0d5.xml,,C42998,34391-3,,,LABELER,"Teva Pharmaceuticals USA, Inc.",C73584,NLM,TRUE,,8,,,TRUE,FALSE,FALSE,TRUE,TRUE
00093-4237-01_PART_1_OF_1_CHAL10_SF_A323D19E.jpg,00093-4237-01,4237,TRUE,TRUE,FALSE,fcn_mix_weight/dr_224/00093-4237-01_PART_1_OF_1_CHAL10_SF_A323D19E.jpg,00093-4237-01_A323D19E,39442,TRUE,10/17/2017 05:32:12 PM,2020-02-10 17:06:19,0031ce9c-cb49-433a-aa74-8d20ca0563c0-0093-4237-0,0031ce9c-cb49-433a-aa74-8d20ca0563c0,11,,C48348,ROUND,,2,,80;Z;4237,,C48325,WHITE,,NADOLOL 80 mg;,NADOLOL[NADOLOL];,"ANHYDROUS CITRIC ACID;STARCH, CORN;MAGNESIUM STEARATE;CELLULOSE, MICROCRYSTALLINE;POVIDONE K30;SODIUM STARCH GLYCOLATE TYPE A POTATO;",HRX,SCD,nadolol 80 MG Oral Tablet,198008,2020-02-10 15:38:57,0093-4237,0,,934237,93,4237,Nadolol,active,20131015,af5152c5-3641-4622-9295-02e9ac51b0d5.xml,,C42998,34391-3,,,LABELER,"Teva Pharmaceuticals USA, Inc.",C73584,NLM,TRUE,,8,,,TRUE,FALSE,FALSE,TRUE,TRUE
00093-4336-01_PART_1_OF_1_CHAL10_SB_CA2DE50F.jpg,00093-4336-01,4336,TRUE,FALSE,FALSE,fcn_mix_weight/dr_224/00093-4336-01_PART_1_OF_1_CHAL10_SB_CA2DE50F.jpg,00093-4336-01_CA2DE50F,4887,TRUE,10/17/2017 05:29:42 PM,10/17/2017 05:29:42 PM,bcd2cf96-c69f-4600-8d24-245de0f88a64-0093-4336-0,bcd2cf96-c69f-4600-8d24-245de0f88a64,16,,C48336,CAPSULE,,1,,4336;1;mg,I,C48325,WHITE,,TERAZOSIN HYDROCHLORIDE 1 mg;,TERAZOSIN HYDROCHLORIDE[TERAZOSIN];,"STARCH, CORN;CROSPOVIDONE;D&C YELLOW NO. 10;ALUMINUM OXIDE;FD&C BLUE NO. 1;FD&C BLUE NO. 2;INDIGOTINDISULFONATE SODIUM;FD&C RED NO. 40;GELATIN;LACTOSE MONOHYDRATE;MAGNESIUM STEARATE;PROPYLENE GLYCOL;SHELLAC;FERROSOFERRIC OXIDE;TALC;TITANIUM DIOXIDE;",HRX,,Terazosin 1 MG Oral Capsule,313215,,0093-4336,0,,934336,93,4336,Terazosin hydrochloride,completed,20140804,32264179-1ced-44f1-a39b-6fc91ef11d40.xml,,C25158,34391-3,,,LABELER,Teva Pharmaceuticals USA Inc,C73584,NLM,TRUE,,5,,,FALSE,TRUE,FALSE,TRUE,TRUE
00093-4336-01_PART_1_OF_1_CHAL10_SF_CA2DE50F.jpg,00093-4336-01,4336,TRUE,TRUE,FALSE,fcn_mix_weight/dr_224/00093-4336-01_PART_1_OF_1_CHAL10_SF_CA2DE50F.jpg,00093-4336-01_CA2DE50F,4887,TRUE,10/17/2017 05:29:42 PM,10/17/2017 05:29:42 PM,bcd2cf96-c69f-4600-8d24-245de0f88a64-0093-4336-0,bcd2cf96-c69f-4600-8d24-245de0f88a64,16,,C48336,CAPSULE,,1,,4336;1;mg,I,C48325,WHITE,,TERAZOSIN HYDROCHLORIDE 1 mg;,TERAZOSIN HYDROCHLORIDE[TERAZOSIN];,"STARCH, CORN;CROSPOVIDONE;D&C YELLOW NO. 10;ALUMINUM OXIDE;FD&C BLUE NO. 1;FD&C BLUE NO. 2;INDIGOTINDISULFONATE SODIUM;FD&C RED NO. 40;GELATIN;LACTOSE MONOHYDRATE;MAGNESIUM STEARATE;PROPYLENE GLYCOL;SHELLAC;FERROSOFERRIC OXIDE;TALC;TITANIUM DIOXIDE;",HRX,,Terazosin 1 MG Oral Capsule,313215,,0093-4336,0,,934336,93,4336,Terazosin hydrochloride,completed,20140804,32264179-1ced-44f1-a39b-6fc91ef11d40.xml,,C25158,34391-3,,,LABELER,Teva Pharmaceuticals USA Inc,C73584,NLM,TRUE,,5,,,FALSE,TRUE,FALSE,TRUE,TRUE
00093-4338-01_PART_1_OF_1_CHAL10_SB_BC2DDE7E.jpg,00093-4338-01,4338,TRUE,FALSE,FALSE,fcn_mix_weight/dr_224/00093-4338-01_PART_1_OF_1_CHAL10_SB_BC2DDE7E.jpg,00093-4338-01_BC2DDE7E,36624,TRUE,10/17/2017 05:32:00 PM,10/17/2017 05:32:00 PM,bcd2cf96-c69f-4600-8d24-245de0f88a64-0093-4338-0,bcd2cf96-c69f-4600-8d24-245de0f88a64,16,,C48336,CAPSULE,,1,,4338;5;mg,I,C48325,WHITE,RED,TERAZOSIN HYDROCHLORIDE 5 mg;,TERAZOSIN HYDROCHLORIDE[TERAZOSIN];,"STARCH, CORN;CROSPOVIDONE;D&C YELLOW NO. 10;ALUMINUM OXIDE;FD&C BLUE NO. 1;FD&C BLUE NO. 2;INDIGOTINDISULFONATE SODIUM;FD&C RED NO. 40;GELATIN;LACTOSE MONOHYDRATE;MAGNESIUM STEARATE;PROPYLENE GLYCOL;SHELLAC;FERROSOFERRIC OXIDE;TALC;TITANIUM DIOXIDE;",HRX,,Terazosin 5 MG Oral Capsule,313219,,0093-4338,0,,934338,93,4338,Terazosin hydrochloride,completed,20140804,32264179-1ced-44f1-a39b-6fc91ef11d40.xml,,C25158,34391-3,,,LABELER,Teva Pharmaceuticals USA Inc,C73584,NLM,TRUE,,5,,,FALSE,TRUE,FALSE,TRUE,TRUE
00093-4338-01_PART_1_OF_1_CHAL10_SF_BC2DDE7E.jpg,00093-4338-01,4338,TRUE,TRUE,FALSE,fcn_mix_weight/dr_224/00093-4338-01_PART_1_OF_1_CHAL10_SF_BC2DDE7E.jpg,00093-4338-01_BC2DDE7E,36624,TRUE,10/17/2017 05:32:00 PM,10/17/2017 05:32:00 PM,bcd2cf96-c69f-4600-8d24-245de0f88a64-0093-4338-0,bcd2cf96-c69f-4600-8d24-245de0f88a64,16,,C48336,CAPSULE,,1,,4338;5;mg,I,C48325,WHITE,RED,TERAZOSIN HYDROCHLORIDE 5 mg;,TERAZOSIN HYDROCHLORIDE[TERAZOSIN];,"STARCH, CORN;CROSPOVIDONE;D&C YELLOW NO. 10;ALUMINUM OXIDE;FD&C BLUE NO. 1;FD&C BLUE NO. 2;INDIGOTINDISULFONATE SODIUM;FD&C RED NO. 40;GELATIN;LACTOSE MONOHYDRATE;MAGNESIUM STEARATE;PROPYLENE GLYCOL;SHELLAC;FERROSOFERRIC OXIDE;TALC;TITANIUM DIOXIDE;",HRX,,Terazosin 5 MG Oral Capsule,313219,,0093-4338,0,,934338,93,4338,Terazosin hydrochloride,completed,20140804,32264179-1ced-44f1-a39b-6fc91ef11d40.xml,,C25158,34391-3,,,LABELER,Teva Pharmaceuticals USA Inc,C73584,NLM,TRUE,,5,,,FALSE,TRUE,FALSE,TRUE,TRUE
00093-4339-01_PART_1_OF_1_CHAL10_SB_B82DDC0E.jpg,00093-4339-01,4339,TRUE,FALSE,FALSE,fcn_mix_weight/dr_224/00093-4339-01_PART_1_OF_1_CHAL10_SB_B82DDC0E.jpg,00093-4339-01_B82DDC0E,20980,TRUE,10/17/2017 05:30:51 PM,10/17/2017 05:30:51 PM,bcd2cf96-c69f-4600-8d24-245de0f88a64-0093-4339-0,bcd2cf96-c69f-4600-8d24-245de0f88a64,16,,C48336,CAPSULE,,1,,4339;10;mg,I,C48325,WHITE,BLUE,TERAZOSIN HYDROCHLORIDE 10 mg;,TERAZOSIN HYDROCHLORIDE[TERAZOSIN];,"STARCH, CORN;CROSPOVIDONE;D&C YELLOW NO. 10;ALUMINUM OXIDE;FD&C BLUE NO. 1;FD&C BLUE NO. 2;INDIGOTINDISULFONATE SODIUM;FD&C RED NO. 40;GELATIN;LACTOSE MONOHYDRATE;MAGNESIUM STEARATE;PROPYLENE GLYCOL;SHELLAC;FERROSOFERRIC OXIDE;TALC;TITANIUM DIOXIDE;",HRX,,Terazosin 10 MG Oral Capsule,260376,,0093-4339,0,,934339,93,4339,Terazosin hydrochloride,completed,20140804,32264179-1ced-44f1-a39b-6fc91ef11d40.xml,,C25158,34391-3,,,LABELER,Teva Pharmaceuticals USA Inc,C73584,NLM,TRUE,,5,,,FALSE,TRUE,FALSE,TRUE,TRUE
00093-4339-01_PART_1_OF_1_CHAL10_SF_B82DDC0E.jpg,00093-4339-01,4339,TRUE,TRUE,FALSE,fcn_mix_weight/dr_224/00093-4339-01_PART_1_OF_1_CHAL10_SF_B82DDC0E.jpg,00093-4339-01_B82DDC0E,20980,TRUE,10/17/2017 05:30:51 PM,10/17/2017 05:30:51 PM,bcd2cf96-c69f-4600-8d24-245de0f88a64-0093-4339-0,bcd2cf96-c69f-4600-8d24-245de0f88a64,16,,C48336,CAPSULE,,1,,4339;10;mg,I,C48325,WHITE,BLUE,TERAZOSIN HYDROCHLORIDE 10 mg;,TERAZOSIN HYDROCHLORIDE[TERAZOSIN];,"STARCH, CORN;CROSPOVIDONE;D&C YELLOW NO. 10;ALUMINUM OXIDE;FD&C BLUE NO. 1;FD&C BLUE NO. 2;INDIGOTINDISULFONATE SODIUM;FD&C RED NO. 40;GELATIN;LACTOSE MONOHYDRATE;MAGNESIUM STEARATE;PROPYLENE GLYCOL;SHELLAC;FERROSOFERRIC OXIDE;TALC;TITANIUM DIOXIDE;",HRX,,Terazosin 10 MG Oral Capsule,260376,,0093-4339,0,,934339,93,4339,Terazosin hydrochloride,completed,20140804,32264179-1ced-44f1-a39b-6fc91ef11d40.xml,,C25158,34391-3,,,LABELER,Teva Pharmaceuticals USA Inc,C73584,NLM,TRUE,,5,,,FALSE,TRUE,FALSE,TRUE,TRUE
00093-4356-01_PART_1_OF_1_CHAL10_SB_0E210728.jpg,00093-4356-01,4356,TRUE,FALSE,FALSE,fcn_mix_weight/dr_224/00093-4356-01_PART_1_OF_1_CHAL10_SB_0E210728.jpg,00093-4356-01_0E210728,31062,TRUE,10/17/2017 05:31:34 PM,10/17/2017 05:31:34 PM,c3edb2c8-acff-47f6-aa8a-21a07287cd76-0093-4356-0,c3edb2c8-acff-47f6-aa8a-21a07287cd76,16,,C48336,CAPSULE,,1,,4356;20;mg,,C48333,BLUE,,FLUOXETINE 20 mg,FLUOXETINE HYDROCHLORIDE[FLUOXETINE],"FERROSOFERRIC OXIDE / SILICON DIOXIDE / STARCH, CORN / D&C YELLOW NO. 10 / ALUMINUM OXIDE / FD&C BLUE NO. 1 / FD&C BLUE NO. 2 / FD&C RED NO. 40 / GELATIN / MAGNESIUM STEARATE / PROPYLENE GLYCOL / SHELLAC / SODIUM LAURYL SULFATE / TITANIUM DIOXIDE",HRX,,fluoxetine 20 MG (as fluoxetine hydrochloride 22.4 MG) Oral Capsule,310385,,0093-4356,0,,934356,93,4356,Fluoxetine,completed,20131008,13f6e453-cc40-48a0-9f23-6fbbe0d72dd5.xml,,C25158,34391-3,,,LABELER,Teva Pharmaceuticals USA Inc,C73584,NLM,TRUE,,14,,,FALSE,TRUE,FALSE,TRUE,TRUE
00093-4356-01_PART_1_OF_1_CHAL10_SF_0E210728.jpg,00093-4356-01,4356,TRUE,TRUE,FALSE,fcn_mix_weight/dr_224/00093-4356-01_PART_1_OF_1_CHAL10_SF_0E210728.jpg,00093-4356-01_0E210728,31062,TRUE,10/17/2017 05:31:34 PM,10/17/2017 05:31:34 PM,c3edb2c8-acff-47f6-aa8a-21a07287cd76-0093-4356-0,c3edb2c8-acff-47f6-aa8a-21a07287cd76,16,,C48336,CAPSULE,,1,,4356;20;mg,,C48333,BLUE,,FLUOXETINE 20 mg,FLUOXETINE HYDROCHLORIDE[FLUOXETINE],"FERROSOFERRIC OXIDE / SILICON DIOXIDE / STARCH, CORN / D&C YELLOW NO. 10 / ALUMINUM OXIDE / FD&C BLUE NO. 1 / FD&C BLUE NO. 2 / FD&C RED NO. 40 / GELATIN / MAGNESIUM STEARATE / PROPYLENE GLYCOL / SHELLAC / SODIUM LAURYL SULFATE / TITANIUM DIOXIDE",HRX,,fluoxetine 20 MG (as fluoxetine hydrochloride 22.4 MG) Oral Capsule,310385,,0093-4356,0,,934356,93,4356,Fluoxetine,completed,20131008,13f6e453-cc40-48a0-9f23-6fbbe0d72dd5.xml,,C25158,34391-3,,,LABELER,Teva Pharmaceuticals USA Inc,C73584,NLM,TRUE,,14,,,FALSE,TRUE,FALSE,TRUE,TRUE
00093-4443-01_PART_1_OF_1_CHAL10_SB_9E2D4F0A.jpg,00093-4443-01,4443,TRUE,FALSE,FALSE,fcn_mix_weight/dr_224/00093-4443-01_PART_1_OF_1_CHAL10_SB_9E2D4F0A.jpg,00093-4443-01_9E2D4F0A,48072,TRUE,10/17/2017 05:32:51 PM,2020-02-10 17:11:39,48017784-d2b7-43cc-94bf-5c950d6be263-0093-4443-0,48017784-d2b7-43cc-94bf-5c950d6be263,18,,C48345,OVAL,,2,,4443;600,,C48325,WHITE,,GABAPENTIN 600 mg;,GABAPENTIN[GABAPENTIN];,LACTOSE MONOHYDRATE;MICROCRYSTALLINE CELLULOSE;POLYETHYLENE GLYCOL 8000;,HRX,SCD,gabapentin 600 MG Oral Tablet,310433,2020-02-10 16:07:55,0093-4443,0,,934443,93,4443,Gabapentin,active,20171130,9c6b5ae5-2d96-4786-b88a-c0a76811ec64.xml,,C42998,34391-3,,,LABELER,"Teva Pharmaceuticals USA, Inc.",C73584,NLM,TRUE,,20,,,TRUE,FALSE,FALSE,TRUE,TRUE
00093-4443-01_PART_1_OF_1_CHAL10_SF_9E2D4F0A.jpg,00093-4443-01,4443,TRUE,TRUE,FALSE,fcn_mix_weight/dr_224/00093-4443-01_PART_1_OF_1_CHAL10_SF_9E2D4F0A.jpg,00093-4443-01_9E2D4F0A,48072,TRUE,10/17/2017 05:32:51 PM,2020-02-10 17:11:39,48017784-d2b7-43cc-94bf-5c950d6be263-0093-4443-0,48017784-d2b7-43cc-94bf-5c950d6be263,18,,C48345,OVAL,,2,,4443;600,,C48325,WHITE,,GABAPENTIN 600 mg;,GABAPENTIN[GABAPENTIN];,LACTOSE MONOHYDRATE;MICROCRYSTALLINE CELLULOSE;POLYETHYLENE GLYCOL 8000;,HRX,SCD,gabapentin 600 MG Oral Tablet,310433,2020-02-10 16:07:55,0093-4443,0,,934443,93,4443,Gabapentin,active,20171130,9c6b5ae5-2d96-4786-b88a-c0a76811ec64.xml,,C42998,34391-3,,,LABELER,"Teva Pharmaceuticals USA, Inc.",C73584,NLM,TRUE,,20,,,TRUE,FALSE,FALSE,TRUE,TRUE
00093-4444-01_PART_1_OF_1_CHAL10_SB_B42D5A1A.jpg,00093-4444-01,4444,TRUE,FALSE,FALSE,fcn_mix_weight/dr_224/00093-4444-01_PART_1_OF_1_CHAL10_SB_B42D5A1A.jpg,00093-4444-01_B42D5A1A,37333,TRUE,10/17/2017 05:32:03 PM,2020-02-10 17:03:32,48017784-d2b7-43cc-94bf-5c950d6be263-0093-4444-0,48017784-d2b7-43cc-94bf-5c950d6be263,19,,C48345,OVAL,,2,,4444;800,,C48325,WHITE,,GABAPENTIN 800 mg;,GABAPENTIN[GABAPENTIN];,LACTOSE MONOHYDRATE;MICROCRYSTALLINE CELLULOSE;POLYETHYLENE GLYCOL 8000;,HRX,SCD,gabapentin 800 MG Oral Tablet,310434,2020-02-10 15:26:06,0093-4444,0,,934444,93,4444,Gabapentin,active,20171130,9c6b5ae5-2d96-4786-b88a-c0a76811ec64.xml,,C42998,34391-3,,,LABELER,"Teva Pharmaceuticals USA, Inc.",C73584,NLM,TRUE,,20,,,TRUE,FALSE,FALSE,TRUE,TRUE
00093-4444-01_PART_1_OF_1_CHAL10_SF_B42D5A1A.jpg,00093-4444-01,4444,TRUE,TRUE,FALSE,fcn_mix_weight/dr_224/00093-4444-01_PART_1_OF_1_CHAL10_SF_B42D5A1A.jpg,00093-4444-01_B42D5A1A,37333,TRUE,10/17/2017 05:32:03 PM,2020-02-10 17:03:32,48017784-d2b7-43cc-94bf-5c950d6be263-0093-4444-0,48017784-d2b7-43cc-94bf-5c950d6be263,19,,C48345,OVAL,,2,,4444;800,,C48325,WHITE,,GABAPENTIN 800 mg;,GABAPENTIN[GABAPENTIN];,LACTOSE MONOHYDRATE;MICROCRYSTALLINE CELLULOSE;POLYETHYLENE GLYCOL 8000;,HRX,SCD,gabapentin 800 MG Oral Tablet,310434,2020-02-10 15:26:06,0093-4444,0,,934444,93,4444,Gabapentin,active,20171130,9c6b5ae5-2d96-4786-b88a-c0a76811ec64.xml,,C42998,34391-3,,,LABELER,"Teva Pharmaceuticals USA, Inc.",C73584,NLM,TRUE,,20,,,TRUE,FALSE,FALSE,TRUE,TRUE
00093-4740-01_PART_1_OF_1_CHAL10_SB_F02D781B.jpg,00093-4740-01,4740,TRUE,FALSE,FALSE,fcn_mix_weight/dr_224/00093-4740-01_PART_1_OF_1_CHAL10_SB_F02D781B.jpg,00093-4740-01_F02D781B,25330,TRUE,10/17/2017 05:31:09 PM,10/17/2017 05:31:09 PM,962be3cf-4ded-47bf-9b59-d689367d6eb4-0093-4740-0,962be3cf-4ded-47bf-9b59-d689367d6eb4,11,,C48345,OVAL,,1,,4740;93,,C48332,BROWN,,CITALOPRAM HYDROBROMIDE 10 mg;,CITALOPRAM HYDROBROMIDE[CITALOPRAM];,"CROSCARMELLOSE SODIUM;LACTOSE MONOHYDRATE;MAGNESIUM STEARATE;CELLULOSE, MICROCRYSTALLINE;STARCH, CORN;POVIDONE K30;FERRIC OXIDE RED;FERRIC OXIDE YELLOW;",HRX,,Citalopram 10 MG Oral Tablet,283672,,0093-4740,0,,934740,93,4740,Citalopram,active,20140404,b21162cd-5f3d-4156-9070-3c053921a20c.xml,,C42998,34391-3,,,LABELER,Teva Pharmaceuticals USA Inc,C73584,NLM,TRUE,,12,,,FALSE,TRUE,FALSE,TRUE,TRUE
00093-4740-01_PART_1_OF_1_CHAL10_SF_F02D781B.jpg,00093-4740-01,4740,TRUE,TRUE,FALSE,fcn_mix_weight/dr_224/00093-4740-01_PART_1_OF_1_CHAL10_SF_F02D781B.jpg,00093-4740-01_F02D781B,25330,TRUE,10/17/2017 05:31:09 PM,10/17/2017 05:31:09 PM,962be3cf-4ded-47bf-9b59-d689367d6eb4-0093-4740-0,962be3cf-4ded-47bf-9b59-d689367d6eb4,11,,C48345,OVAL,,1,,4740;93,,C48332,BROWN,,CITALOPRAM HYDROBROMIDE 10 mg;,CITALOPRAM HYDROBROMIDE[CITALOPRAM];,"CROSCARMELLOSE SODIUM;LACTOSE MONOHYDRATE;MAGNESIUM STEARATE;CELLULOSE, MICROCRYSTALLINE;STARCH, CORN;POVIDONE K30;FERRIC OXIDE RED;FERRIC OXIDE YELLOW;",HRX,,Citalopram 10 MG Oral Tablet,283672,,0093-4740,0,,934740,93,4740,Citalopram,active,20140404,b21162cd-5f3d-4156-9070-3c053921a20c.xml,,C42998,34391-3,,,LABELER,Teva Pharmaceuticals USA Inc,C73584,NLM,TRUE,,12,,,FALSE,TRUE,FALSE,TRUE,TRUE
00093-4741-01_PART_1_OF_1_CHAL10_SB_F42D7A5B.jpg,00093-4741-01,4741,TRUE,FALSE,FALSE,fcn_mix_weight/dr_224/00093-4741-01_PART_1_OF_1_CHAL10_SB_F42D7A5B.jpg,00093-4741-01_F42D7A5B,34051,TRUE,10/17/2017 05:31:48 PM,10/17/2017 05:31:48 PM,962be3cf-4ded-47bf-9b59-d689367d6eb4-0093-4741-0,962be3cf-4ded-47bf-9b59-d689367d6eb4,11,,C48345,OVAL,,2,,4741;9;3,,C48328,PINK,,CITALOPRAM HYDROBROMIDE 20 mg;,CITALOPRAM HYDROBROMIDE[CITALOPRAM];,"CROSCARMELLOSE SODIUM;LACTOSE MONOHYDRATE;MAGNESIUM STEARATE;CELLULOSE, MICROCRYSTALLINE;STARCH, CORN;POVIDONE K30;FD&C RED NO. 40;ALUMINUM OXIDE;FD&C YELLOW NO. 6;",HRX,,Citalopram 20 MG Oral Tablet,200371,,0093-4741,0,,934741,93,4741,Citalopram,active,20140404,b21162cd-5f3d-4156-9070-3c053921a20c.xml,,C42998,34391-3,,,LABELER,Teva Pharmaceuticals USA Inc,C73584,NLM,TRUE,,12,,,FALSE,TRUE,FALSE,TRUE,TRUE
00093-4741-01_PART_1_OF_1_CHAL10_SF_F42D7A5B.jpg,00093-4741-01,4741,TRUE,TRUE,FALSE,fcn_mix_weight/dr_224/00093-4741-01_PART_1_OF_1_CHAL10_SF_F42D7A5B.jpg,00093-4741-01_F42D7A5B,34051,TRUE,10/17/2017 05:31:48 PM,10/17/2017 05:31:48 PM,962be3cf-4ded-47bf-9b59-d689367d6eb4-0093-4741-0,962be3cf-4ded-47bf-9b59-d689367d6eb4,11,,C48345,OVAL,,2,,4741;9;3,,C48328,PINK,,CITALOPRAM HYDROBROMIDE 20 mg;,CITALOPRAM HYDROBROMIDE[CITALOPRAM];,"CROSCARMELLOSE SODIUM;LACTOSE MONOHYDRATE;MAGNESIUM STEARATE;CELLULOSE, MICROCRYSTALLINE;STARCH, CORN;POVIDONE K30;FD&C RED NO. 40;ALUMINUM OXIDE;FD&C YELLOW NO. 6;",HRX,,Citalopram 20 MG Oral Tablet,200371,,0093-4741,0,,934741,93,4741,Citalopram,active,20140404,b21162cd-5f3d-4156-9070-3c053921a20c.xml,,C42998,34391-3,,,LABELER,Teva Pharmaceuticals USA Inc,C73584,NLM,TRUE,,12,,,FALSE,TRUE,FALSE,TRUE,TRUE
00093-4742-01_PART_1_OF_1_CHAL10_SB_E62D736B.jpg,00093-4742-01,4742,TRUE,FALSE,FALSE,fcn_mix_weight/dr_224/00093-4742-01_PART_1_OF_1_CHAL10_SB_E62D736B.jpg,00093-4742-01_E62D736B,43075,TRUE,10/17/2017 05:32:29 PM,10/17/2017 05:32:29 PM,962be3cf-4ded-47bf-9b59-d689367d6eb4-0093-4742-0,962be3cf-4ded-47bf-9b59-d689367d6eb4,11,,C48345,OVAL,,2,,4742;9;3,,C48325,WHITE,,CITALOPRAM HYDROBROMIDE 40 mg;,CITALOPRAM HYDROBROMIDE[CITALOPRAM];,"CROSCARMELLOSE SODIUM;LACTOSE MONOHYDRATE;MAGNESIUM STEARATE;CELLULOSE, MICROCRYSTALLINE;STARCH, CORN;POVIDONE K30;",HRX,,Citalopram 40 MG Oral Tablet,309314,,0093-4742,0,,934742,93,4742,Citalopram,active,20140404,b21162cd-5f3d-4156-9070-3c053921a20c.xml,,C42998,34391-3,,,LABELER,Teva Pharmaceuticals USA Inc,C73584,NLM,TRUE,,12,,,FALSE,TRUE,FALSE,TRUE,TRUE
00093-4742-01_PART_1_OF_1_CHAL10_SF_E62D736B.jpg,00093-4742-01,4742,TRUE,TRUE,FALSE,fcn_mix_weight/dr_224/00093-4742-01_PART_1_OF_1_CHAL10_SF_E62D736B.jpg,00093-4742-01_E62D736B,43075,TRUE,10/17/2017 05:32:29 PM,10/17/2017 05:32:29 PM,962be3cf-4ded-47bf-9b59-d689367d6eb4-0093-4742-0,962be3cf-4ded-47bf-9b59-d689367d6eb4,11,,C48345,OVAL,,2,,4742;9;3,,C48325,WHITE,,CITALOPRAM HYDROBROMIDE 40 mg;,CITALOPRAM HYDROBROMIDE[CITALOPRAM];,"CROSCARMELLOSE SODIUM;LACTOSE MONOHYDRATE;MAGNESIUM STEARATE;CELLULOSE, MICROCRYSTALLINE;STARCH, CORN;POVIDONE K30;",HRX,,Citalopram 40 MG Oral Tablet,309314,,0093-4742,0,,934742,93,4742,Citalopram,active,20140404,b21162cd-5f3d-4156-9070-3c053921a20c.xml,,C42998,34391-3,,,LABELER,Teva Pharmaceuticals USA Inc,C73584,NLM,TRUE,,12,,,FALSE,TRUE,FALSE,TRUE,TRUE
00093-5049-06_PART_1_OF_1_CHAL10_SB_A22D511A.jpg,00093-5049-06,5049,TRUE,FALSE,FALSE,fcn_mix_weight/dr_224/00093-5049-06_PART_1_OF_1_CHAL10_SB_A22D511A.jpg,00093-5049-06_A22D511A,42542,TRUE,10/17/2017 05:32:26 PM,2020-02-10 16:59:35,f22dab23-3cf6-4473-a367-5303353e9f9d-0093-5049-0,f22dab23-3cf6-4473-a367-5303353e9f9d,14,,C48345,OVAL,,1,,4833M;15;500,,C48325,WHITE,,pioglitazone hydrochloride 15 mg;metformin hydrochloride 500 mg;,pioglitazone hydrochloride[pioglitazone];metformin hydrochloride[metformin];,"POVIDONES;cellulose, microcrystalline;croscarmellose sodium;magnesium stearate;hypromellose 2910 (6 MPA.S);polyethylene glycol 8000;titanium dioxide;talc;",HRX,SCD,metformin hydrochloride 500 MG / pioglitazone 15 MG Oral Tablet,861783,2020-02-10 15:08:05,0093-5049,0,,935049,93,5049,Pioglitazone and Metformin Hydrocholride,active,20150630,739decb0-91d9-4559-b1ee-2531c0667d8e.xml,,C42931,34391-3,,,LABELER,Teva Pharmaceuticals USA,C73605,NLM,TRUE,,3,,,TRUE,FALSE,FALSE,TRUE,TRUE
00093-5049-06_PART_1_OF_1_CHAL10_SF_A22D511A.jpg,00093-5049-06,5049,TRUE,TRUE,FALSE,fcn_mix_weight/dr_224/00093-5049-06_PART_1_OF_1_CHAL10_SF_A22D511A.jpg,00093-5049-06_A22D511A,42542,TRUE,10/17/2017 05:32:26 PM,2020-02-10 16:59:35,f22dab23-3cf6-4473-a367-5303353e9f9d-0093-5049-0,f22dab23-3cf6-4473-a367-5303353e9f9d,14,,C48345,OVAL,,1,,4833M;15;500,,C48325,WHITE,,pioglitazone hydrochloride 15 mg;metformin hydrochloride 500 mg;,pioglitazone hydrochloride[pioglitazone];metformin hydrochloride[metformin];,"POVIDONES;cellulose, microcrystalline;croscarmellose sodium;magnesium stearate;hypromellose 2910 (6 MPA.S);polyethylene glycol 8000;titanium dioxide;talc;",HRX,SCD,metformin hydrochloride 500 MG / pioglitazone 15 MG Oral Tablet,861783,2020-02-10 15:08:05,0093-5049,0,,935049,93,5049,Pioglitazone and Metformin Hydrocholride,active,20150630,739decb0-91d9-4559-b1ee-2531c0667d8e.xml,,C42931,34391-3,,,LABELER,Teva Pharmaceuticals USA,C73605,NLM,TRUE,,3,,,TRUE,FALSE,FALSE,TRUE,TRUE
00093-5050-06_PART_1_OF_1_CHAL10_SB_992D4C9A.jpg,00093-5050-06,5050,TRUE,FALSE,FALSE,fcn_mix_weight/dr_224/00093-5050-06_PART_1_OF_1_CHAL10_SB_992D4C9A.jpg,00093-5050-06_992D4C9A,25717,TRUE,10/17/2017 05:31:11 PM,2020-02-10 17:12:21,f22dab23-3cf6-4473-a367-5303353e9f9d-0093-5050-0,f22dab23-3cf6-4473-a367-5303353e9f9d,18,,C48345,OVAL,,1,,4833M;15;850,,C48325,WHITE,,pioglitazone hydrochloride 15 mg;metformin hydrochloride 850 mg;,pioglitazone hydrochloride[pioglitazone];metformin hydrochloride[metformin];,"POVIDONES;cellulose, microcrystalline;croscarmellose sodium;magnesium stearate;hypromellose 2910 (6 MPA.S);polyethylene glycol 8000;titanium dioxide;talc;",HRX,,,,2020-02-10 16:11:50,0093-5050,0,,935050,93,5050,Pioglitazone and Metformin Hydrocholride,active,20150630,739decb0-91d9-4559-b1ee-2531c0667d8e.xml,,C42931,34391-3,,,LABELER,Teva Pharmaceuticals USA,C73605,NLM,TRUE,,3,,,TRUE,FALSE,FALSE,TRUE,TRUE
00093-5050-06_PART_1_OF_1_CHAL10_SF_992D4C9A.jpg,00093-5050-06,5050,TRUE,TRUE,FALSE,fcn_mix_weight/dr_224/00093-5050-06_PART_1_OF_1_CHAL10_SF_992D4C9A.jpg,00093-5050-06_992D4C9A,25717,TRUE,10/17/2017 05:31:11 PM,2020-02-10 17:12:21,f22dab23-3cf6-4473-a367-5303353e9f9d-0093-5050-0,f22dab23-3cf6-4473-a367-5303353e9f9d,18,,C48345,OVAL,,1,,4833M;15;850,,C48325,WHITE,,pioglitazone hydrochloride 15 mg;metformin hydrochloride 850 mg;,pioglitazone hydrochloride[pioglitazone];metformin hydrochloride[metformin];,"POVIDONES;cellulose, microcrystalline;croscarmellose sodium;magnesium stearate;hypromellose 2910 (6 MPA.S);polyethylene glycol 8000;titanium dioxide;talc;",HRX,,,,2020-02-10 16:11:50,0093-5050,0,,935050,93,5050,Pioglitazone and Metformin Hydrocholride,active,20150630,739decb0-91d9-4559-b1ee-2531c0667d8e.xml,,C42931,34391-3,,,LABELER,Teva Pharmaceuticals USA,C73605,NLM,TRUE,,3,,,TRUE,FALSE,FALSE,TRUE,TRUE
00093-5061-01_PART_1_OF_1_CHAL10_SB_7C2D3E29.jpg,00093-5061-01,5061,TRUE,FALSE,FALSE,fcn_mix_weight/dr_224/00093-5061-01_PART_1_OF_1_CHAL10_SB_7C2D3E29.jpg,00093-5061-01_7C2D3E29,48554,TRUE,10/17/2017 05:32:54 PM,2020-02-10 17:05:07,80309ec1-e5d5-4454-b8ce-67d7e6805e44-0093-5061-0,80309ec1-e5d5-4454-b8ce-67d7e6805e44,6,,C48348,ROUND,,1,,TV;308,,C48325,WHITE,,HYDROXYZINE HYDROCHLORIDE 25 mg;,HYDROXYZINE HYDROCHLORIDE[HYDROXYZINE];,"ANHYDROUS LACTOSE;CARNAUBA WAX;SILICON DIOXIDE;CROSPOVIDONE (15 MPA.S AT 5%);HYPROMELLOSE 2910 (3 MPA.S);HYPROMELLOSE 2910 (6 MPA.S);HYPROMELLOSE 2910 (50 MPA.S);MAGNESIUM STEARATE;CELLULOSE, MICROCRYSTALLINE;POLYDEXTROSE;POLYETHYLENE GLYCOL 8000;SODIUM STARCH GLYCOLATE TYPE A POTATO;TITANIUM DIOXIDE;TRIACETIN;",HRX,SCD,hydroxyzine hydrochloride 25 MG Oral Tablet,995258,2020-02-10 15:33:06,0093-5061,0,,935061,93,5061,Hydroxyzine Hydrochloride,active,20161031,fce9cc9c-6c3d-43db-a546-fb954f950052.xml,,C42931,34391-3,,,LABELER,"Teva Pharmaceuticals USA, Inc.",C73584,NLM,TRUE,,13,,,TRUE,FALSE,FALSE,TRUE,TRUE
00093-5061-01_PART_1_OF_1_CHAL10_SF_7C2D3E29.jpg,00093-5061-01,5061,TRUE,TRUE,FALSE,fcn_mix_weight/dr_224/00093-5061-01_PART_1_OF_1_CHAL10_SF_7C2D3E29.jpg,00093-5061-01_7C2D3E29,48554,TRUE,10/17/2017 05:32:54 PM,2020-02-10 17:05:07,80309ec1-e5d5-4454-b8ce-67d7e6805e44-0093-5061-0,80309ec1-e5d5-4454-b8ce-67d7e6805e44,6,,C48348,ROUND,,1,,TV;308,,C48325,WHITE,,HYDROXYZINE HYDROCHLORIDE 25 mg;,HYDROXYZINE HYDROCHLORIDE[HYDROXYZINE];,"ANHYDROUS LACTOSE;CARNAUBA WAX;SILICON DIOXIDE;CROSPOVIDONE (15 MPA.S AT 5%);HYPROMELLOSE 2910 (3 MPA.S);HYPROMELLOSE 2910 (6 MPA.S);HYPROMELLOSE 2910 (50 MPA.S);MAGNESIUM STEARATE;CELLULOSE, MICROCRYSTALLINE;POLYDEXTROSE;POLYETHYLENE GLYCOL 8000;SODIUM STARCH GLYCOLATE TYPE A POTATO;TITANIUM DIOXIDE;TRIACETIN;",HRX,SCD,hydroxyzine hydrochloride 25 MG Oral Tablet,995258,2020-02-10 15:33:06,0093-5061,0,,935061,93,5061,Hydroxyzine Hydrochloride,active,20161031,fce9cc9c-6c3d-43db-a546-fb954f950052.xml,,C42931,34391-3,,,LABELER,"Teva Pharmaceuticals USA, Inc.",C73584,NLM,TRUE,,13,,,TRUE,FALSE,FALSE,TRUE,TRUE
00093-5062-05_PART_1_OF_1_CHAL10_SB_942D4A5A.jpg,00093-5062-05,5062,TRUE,FALSE,FALSE,fcn_mix_weight/dr_224/00093-5062-05_PART_1_OF_1_CHAL10_SB_942D4A5A.jpg,00093-5062-05_942D4A5A,45140,TRUE,10/17/2017 05:32:38 PM,2020-02-10 17:12:25,80309ec1-e5d5-4454-b8ce-67d7e6805e44-0093-5062-0,80309ec1-e5d5-4454-b8ce-67d7e6805e44,7,,C48348,ROUND,,1,,TV;309,,C48325,WHITE,,HYDROXYZINE HYDROCHLORIDE 50 mg;,HYDROXYZINE HYDROCHLORIDE[HYDROXYZINE];,"ANHYDROUS LACTOSE;CARNAUBA WAX;SILICON DIOXIDE;CROSPOVIDONE (15 MPA.S AT 5%);HYPROMELLOSE 2910 (3 MPA.S);HYPROMELLOSE 2910 (6 MPA.S);HYPROMELLOSE 2910 (50 MPA.S);MAGNESIUM STEARATE;CELLULOSE, MICROCRYSTALLINE;POLYDEXTROSE;POLYETHYLENE GLYCOL 8000;SODIUM STARCH GLYCOLATE TYPE A POTATO;TITANIUM DIOXIDE;TRIACETIN;",HRX,SCD,hydroxyzine hydrochloride 50 MG Oral Tablet,995281,2020-02-10 16:12:12,0093-5062,0,,935062,93,5062,Hydroxyzine Hydrochloride,active,20161031,fce9cc9c-6c3d-43db-a546-fb954f950052.xml,,C42931,34391-3,,,LABELER,"Teva Pharmaceuticals USA, Inc.",C73584,NLM,TRUE,,13,,,TRUE,FALSE,FALSE,TRUE,TRUE
00093-5062-05_PART_1_OF_1_CHAL10_SF_942D4A5A.jpg,00093-5062-05,5062,TRUE,TRUE,FALSE,fcn_mix_weight/dr_224/00093-5062-05_PART_1_OF_1_CHAL10_SF_942D4A5A.jpg,00093-5062-05_942D4A5A,45140,TRUE,10/17/2017 05:32:38 PM,2020-02-10 17:12:25,80309ec1-e5d5-4454-b8ce-67d7e6805e44-0093-5062-0,80309ec1-e5d5-4454-b8ce-67d7e6805e44,7,,C48348,ROUND,,1,,TV;309,,C48325,WHITE,,HYDROXYZINE HYDROCHLORIDE 50 mg;,HYDROXYZINE HYDROCHLORIDE[HYDROXYZINE];,"ANHYDROUS LACTOSE;CARNAUBA WAX;SILICON DIOXIDE;CROSPOVIDONE (15 MPA.S AT 5%);HYPROMELLOSE 2910 (3 MPA.S);HYPROMELLOSE 2910 (6 MPA.S);HYPROMELLOSE 2910 (50 MPA.S);MAGNESIUM STEARATE;CELLULOSE, MICROCRYSTALLINE;POLYDEXTROSE;POLYETHYLENE GLYCOL 8000;SODIUM STARCH GLYCOLATE TYPE A POTATO;TITANIUM DIOXIDE;TRIACETIN;",HRX,SCD,hydroxyzine hydrochloride 50 MG Oral Tablet,995281,2020-02-10 16:12:12,0093-5062,0,,935062,93,5062,Hydroxyzine Hydrochloride,active,20161031,fce9cc9c-6c3d-43db-a546-fb954f950052.xml,,C42931,34391-3,,,LABELER,"Teva Pharmaceuticals USA, Inc.",C73584,NLM,TRUE,,13,,,TRUE,FALSE,FALSE,TRUE,TRUE
00093-5105-56_PART_1_OF_1_CHAL10_SB_102D880C.jpg,00093-5105-56,5105,TRUE,FALSE,FALSE,fcn_mix_weight/dr_224/00093-5105-56_PART_1_OF_1_CHAL10_SB_102D880C.jpg,00093-5105-56_102D880C,22292,TRUE,10/17/2017 05:30:56 PM,2020-02-10 16:59:59,676ace4e-7706-742d-cab0-430dd1f83408-0093-5105-0,676ace4e-7706-742d-cab0-430dd1f83408,15,,C48345,OVAL,,1,,R20;0168,,C48325,WHITE,,olanzapine 20 mg;,olanzapine[OLANZAPINE];,"Crospovidone;Hydroxypropyl Cellulose (Type H);lactose monohydrate;magnesium stearate;CELLULOSE, MICROCRYSTALLINE;hypromelloses;POLYETHYLENE GLYCOL 400;titanium dioxide;",HRX,SCD,olanzapine 20 MG Oral Tablet,283639,2020-02-10 15:09:39,0093-5105,0,,935105,93,5105,Olanzapine,active,20170330,7baa4d4d-abad-b57c-1cc8-572c7031e92f.xml,,C42931,34391-3,,,LABELER,Teva Pharmaceuticals USA Inc,C73584,NLM,TRUE,,12,,,TRUE,FALSE,FALSE,TRUE,TRUE
00093-5105-56_PART_1_OF_1_CHAL10_SF_102D880C.jpg,00093-5105-56,5105,TRUE,TRUE,FALSE,fcn_mix_weight/dr_224/00093-5105-56_PART_1_OF_1_CHAL10_SF_102D880C.jpg,00093-5105-56_102D880C,22292,TRUE,10/17/2017 05:30:56 PM,2020-02-10 16:59:59,676ace4e-7706-742d-cab0-430dd1f83408-0093-5105-0,676ace4e-7706-742d-cab0-430dd1f83408,15,,C48345,OVAL,,1,,R20;0168,,C48325,WHITE,,olanzapine 20 mg;,olanzapine[OLANZAPINE];,"Crospovidone;Hydroxypropyl Cellulose (Type H);lactose monohydrate;magnesium stearate;CELLULOSE, MICROCRYSTALLINE;hypromelloses;POLYETHYLENE GLYCOL 400;titanium dioxide;",HRX,SCD,olanzapine 20 MG Oral Tablet,283639,2020-02-10 15:09:39,0093-5105,0,,935105,93,5105,Olanzapine,active,20170330,7baa4d4d-abad-b57c-1cc8-572c7031e92f.xml,,C42931,34391-3,,,LABELER,Teva Pharmaceuticals USA Inc,C73584,NLM,TRUE,,12,,,TRUE,FALSE,FALSE,TRUE,TRUE
00093-5112-98_PART_1_OF_1_CHAL10_SB_4E2D2719.jpg,00093-5112-98,5112,TRUE,FALSE,FALSE,fcn_mix_weight/dr_224/00093-5112-98_PART_1_OF_1_CHAL10_SB_4E2D2719.jpg,00093-5112-98_4E2D2719,2277,TRUE,10/17/2017 05:29:30 PM,2020-02-10 17:13:20,afec3ac0-1316-4b78-b476-1003f52fd39b-0093-5112-0,afec3ac0-1316-4b78-b476-1003f52fd39b,16,,C48336,CAPSULE,,1,,BVF;120;BVF;120,,C48329,GREEN,,Diltiazem hydrochloride 120 mg;,Diltiazem hydrochloride[Diltiazem];,"D&C Yellow no. 10;FD&C Green no. 3;Gelatin;Hypromelloses;Magnesium Stearate;Cellulose, Microcrystalline;Polysorbate 80;POVIDONES;Talc;Titanium Dioxide;",HRX,SCD,24 HR diltiazem hydrochloride 120 MG Extended Release Oral Capsule,830861,2020-02-10 16:17:19,0093-5112,0,,935112,93,5112,Diltiazem Hydrochloride,active,20120814,bf18f7ba-763d-4ad0-8c79-b686d847a546.xml,,C42916,34391-3,,,LABELER,Teva Pharmaceuticals USA Inc.,C73584,NLM,TRUE,,9,,,TRUE,FALSE,FALSE,TRUE,TRUE
00093-5112-98_PART_1_OF_1_CHAL10_SF_4E2D2719.jpg,00093-5112-98,5112,TRUE,TRUE,FALSE,fcn_mix_weight/dr_224/00093-5112-98_PART_1_OF_1_CHAL10_SF_4E2D2719.jpg,00093-5112-98_4E2D2719,2277,TRUE,10/17/2017 05:29:30 PM,2020-02-10 17:13:20,afec3ac0-1316-4b78-b476-1003f52fd39b-0093-5112-0,afec3ac0-1316-4b78-b476-1003f52fd39b,16,,C48336,CAPSULE,,1,,BVF;120;BVF;120,,C48329,GREEN,,Diltiazem hydrochloride 120 mg;,Diltiazem hydrochloride[Diltiazem];,"D&C Yellow no. 10;FD&C Green no. 3;Gelatin;Hypromelloses;Magnesium Stearate;Cellulose, Microcrystalline;Polysorbate 80;POVIDONES;Talc;Titanium Dioxide;",HRX,SCD,24 HR diltiazem hydrochloride 120 MG Extended Release Oral Capsule,830861,2020-02-10 16:17:19,0093-5112,0,,935112,93,5112,Diltiazem Hydrochloride,active,20120814,bf18f7ba-763d-4ad0-8c79-b686d847a546.xml,,C42916,34391-3,,,LABELER,Teva Pharmaceuticals USA Inc.,C73584,NLM,TRUE,,9,,,TRUE,FALSE,FALSE,TRUE,TRUE
00093-5116-01_PART_1_OF_1_CHAL10_SB_B92D5C8A.jpg,00093-5116-01,5116,TRUE,FALSE,FALSE,fcn_mix_weight/dr_224/00093-5116-01_PART_1_OF_1_CHAL10_SB_B92D5C8A.jpg,00093-5116-01_B92D5C8A,41678,TRUE,10/17/2017 05:32:22 PM,2020-02-10 17:16:50,74a51821-8d41-47a6-88e9-6ed3c20df7db-0093-5116-0,74a51821-8d41-47a6-88e9-6ed3c20df7db,16,,C48345,OVAL,,1,,BVF;0117,,C48325,WHITE,,Pentoxifylline 400 mg;,Pentoxifylline[Pentoxifylline];,HYDROXYETHYL CELLULOSE (2000 MPA.S AT 1%);isopropyl alcohol;magnesium stearate;talc;,HRX,SCD,pentoxifylline 400 MG Extended Release Oral Tablet,312301,2020-02-10 16:14:05,0093-5116,0,,935116,93,5116,Pentoxifylline,completed,20140701,50d43265-faf4-42c7-b69f-261f3eb16341.xml,,C42927,34391-3,,,LABELER,Teva Pharmaceuticals USA Inc,C73584,NLM,TRUE,,6,,,TRUE,FALSE,FALSE,TRUE,TRUE
00093-5116-01_PART_1_OF_1_CHAL10_SF_B92D5C8A.jpg,00093-5116-01,5116,TRUE,TRUE,FALSE,fcn_mix_weight/dr_224/00093-5116-01_PART_1_OF_1_CHAL10_SF_B92D5C8A.jpg,00093-5116-01_B92D5C8A,41678,TRUE,10/17/2017 05:32:22 PM,2020-02-10 17:16:50,74a51821-8d41-47a6-88e9-6ed3c20df7db-0093-5116-0,74a51821-8d41-47a6-88e9-6ed3c20df7db,16,,C48345,OVAL,,1,,BVF;0117,,C48325,WHITE,,Pentoxifylline 400 mg;,Pentoxifylline[Pentoxifylline];,HYDROXYETHYL CELLULOSE (2000 MPA.S AT 1%);isopropyl alcohol;magnesium stearate;talc;,HRX,SCD,pentoxifylline 400 MG Extended Release Oral Tablet,312301,2020-02-10 16:14:05,0093-5116,0,,935116,93,5116,Pentoxifylline,completed,20140701,50d43265-faf4-42c7-b69f-261f3eb16341.xml,,C42927,34391-3,,,LABELER,Teva Pharmaceuticals USA Inc,C73584,NLM,TRUE,,6,,,TRUE,FALSE,FALSE,TRUE,TRUE
00093-5117-98_PART_1_OF_1_CHAL10_SB_522D2929.jpg,00093-5117-98,5117,TRUE,FALSE,FALSE,fcn_mix_weight/dr_224/00093-5117-98_PART_1_OF_1_CHAL10_SB_522D2929.jpg,00093-5117-98_522D2929,21570,TRUE,10/17/2017 05:30:53 PM,2020-02-10 17:13:20,afec3ac0-1316-4b78-b476-1003f52fd39b-0093-5117-0,afec3ac0-1316-4b78-b476-1003f52fd39b,18,,C48336,CAPSULE,,1,,BVF;180;BVF;180,,C48329,GREEN,,Diltiazem Hydrochloride 180 mg;,Diltiazem Hydrochloride[Diltiazem];,"D&C Yellow no. 10;FD&C Green no. 3;Gelatin;Hypromelloses;Magnesium Stearate;Cellulose, Microcrystalline;Polysorbate 80;POVIDONES;Talc;Titanium Dioxide;",HRX,SCD,24 HR diltiazem hydrochloride 180 MG Extended Release Oral Capsule,830845,2020-02-10 16:17:19,0093-5117,0,,935117,93,5117,Diltiazem Hydrochloride,active,20120814,bf18f7ba-763d-4ad0-8c79-b686d847a546.xml,,C42916,34391-3,,,LABELER,Teva Pharmaceuticals USA Inc.,C73584,NLM,TRUE,,9,,,TRUE,FALSE,FALSE,TRUE,TRUE
00093-5117-98_PART_1_OF_1_CHAL10_SF_522D2929.jpg,00093-5117-98,5117,TRUE,TRUE,FALSE,fcn_mix_weight/dr_224/00093-5117-98_PART_1_OF_1_CHAL10_SF_522D2929.jpg,00093-5117-98_522D2929,21570,TRUE,10/17/2017 05:30:53 PM,2020-02-10 17:13:20,afec3ac0-1316-4b78-b476-1003f52fd39b-0093-5117-0,afec3ac0-1316-4b78-b476-1003f52fd39b,18,,C48336,CAPSULE,,1,,BVF;180;BVF;180,,C48329,GREEN,,Diltiazem Hydrochloride 180 mg;,Diltiazem Hydrochloride[Diltiazem];,"D&C Yellow no. 10;FD&C Green no. 3;Gelatin;Hypromelloses;Magnesium Stearate;Cellulose, Microcrystalline;Polysorbate 80;POVIDONES;Talc;Titanium Dioxide;",HRX,SCD,24 HR diltiazem hydrochloride 180 MG Extended Release Oral Capsule,830845,2020-02-10 16:17:19,0093-5117,0,,935117,93,5117,Diltiazem Hydrochloride,active,20120814,bf18f7ba-763d-4ad0-8c79-b686d847a546.xml,,C42916,34391-3,,,LABELER,Teva Pharmaceuticals USA Inc.,C73584,NLM,TRUE,,9,,,TRUE,FALSE,FALSE,TRUE,TRUE
00093-5118-98_PART_1_OF_1_CHAL10_SB_452D2299.jpg,00093-5118-98,5118,TRUE,FALSE,FALSE,fcn_mix_weight/dr_224/00093-5118-98_PART_1_OF_1_CHAL10_SB_452D2299.jpg,00093-5118-98_452D2299,7301,TRUE,10/17/2017 05:29:53 PM,2020-02-10 17:08:16,afec3ac0-1316-4b78-b476-1003f52fd39b-0093-5118-0,afec3ac0-1316-4b78-b476-1003f52fd39b,19,,C48336,CAPSULE,,1,,BVF;240;BVF;240,,C48329,GREEN,,Diltiazem Hydrochloride 240 mg;,Diltiazem Hydrochloride[Diltiazem];,"D&C Yellow no. 10;FD&C Green no. 3;Gelatin;Hypromelloses;Magnesium Stearate;Cellulose, Microcrystalline;Polysorbate 80;POVIDONES;Talc;Titanium Dioxide;",HRX,SCD,24 HR diltiazem hydrochloride 240 MG Extended Release Oral Capsule,830837,2020-02-10 15:49:18,0093-5118,0,,935118,93,5118,Diltiazem Hydrochloride,active,20120814,bf18f7ba-763d-4ad0-8c79-b686d847a546.xml,,C42916,34391-3,,,LABELER,Teva Pharmaceuticals USA Inc.,C73584,NLM,TRUE,,9,,,TRUE,FALSE,FALSE,TRUE,TRUE
00093-5118-98_PART_1_OF_1_CHAL10_SF_452D2299.jpg,00093-5118-98,5118,TRUE,TRUE,FALSE,fcn_mix_weight/dr_224/00093-5118-98_PART_1_OF_1_CHAL10_SF_452D2299.jpg,00093-5118-98_452D2299,7301,TRUE,10/17/2017 05:29:53 PM,2020-02-10 17:08:16,afec3ac0-1316-4b78-b476-1003f52fd39b-0093-5118-0,afec3ac0-1316-4b78-b476-1003f52fd39b,19,,C48336,CAPSULE,,1,,BVF;240;BVF;240,,C48329,GREEN,,Diltiazem Hydrochloride 240 mg;,Diltiazem Hydrochloride[Diltiazem];,"D&C Yellow no. 10;FD&C Green no. 3;Gelatin;Hypromelloses;Magnesium Stearate;Cellulose, Microcrystalline;Polysorbate 80;POVIDONES;Talc;Titanium Dioxide;",HRX,SCD,24 HR diltiazem hydrochloride 240 MG Extended Release Oral Capsule,830837,2020-02-10 15:49:18,0093-5118,0,,935118,93,5118,Diltiazem Hydrochloride,active,20120814,bf18f7ba-763d-4ad0-8c79-b686d847a546.xml,,C42916,34391-3,,,LABELER,Teva Pharmaceuticals USA Inc.,C73584,NLM,TRUE,,9,,,TRUE,FALSE,FALSE,TRUE,TRUE
00093-5119-98_PART_1_OF_1_CHAL10_SB_492D24A9.jpg,00093-5119-98,5119,TRUE,FALSE,FALSE,fcn_mix_weight/dr_224/00093-5119-98_PART_1_OF_1_CHAL10_SB_492D24A9.jpg,00093-5119-98_492D24A9,17503,TRUE,10/17/2017 05:30:36 PM,2020-02-10 17:07:45,afec3ac0-1316-4b78-b476-1003f52fd39b-0093-5119-0,afec3ac0-1316-4b78-b476-1003f52fd39b,22,,C48336,CAPSULE,,1,,BVF;300;BVF;300,,C48325;C48329,WHITE;GREEN,,Diltiazem Hydrochloride 300 mg;,Diltiazem Hydrochloride[Diltiazem];,"D&C Yellow no. 10;FD&C Green no. 3;Gelatin;Hypromelloses;Magnesium Stearate;Cellulose, Microcrystalline;Polysorbate 80;POVIDONES;Talc;Titanium Dioxide;",HRX,SCD,24 HR diltiazem hydrochloride 300 MG Extended Release Oral Capsule,830801,2020-02-10 15:46:09,0093-5119,0,,935119,93,5119,Diltiazem Hydrochloride,active,20120814,bf18f7ba-763d-4ad0-8c79-b686d847a546.xml,,C42916,34391-3,,,LABELER,Teva Pharmaceuticals USA Inc.,C73584,NLM,TRUE,,9,,,TRUE,FALSE,FALSE,TRUE,TRUE
00093-5119-98_PART_1_OF_1_CHAL10_SF_492D24A9.jpg,00093-5119-98,5119,TRUE,TRUE,FALSE,fcn_mix_weight/dr_224/00093-5119-98_PART_1_OF_1_CHAL10_SF_492D24A9.jpg,00093-5119-98_492D24A9,17503,TRUE,10/17/2017 05:30:36 PM,2020-02-10 17:07:45,afec3ac0-1316-4b78-b476-1003f52fd39b-0093-5119-0,afec3ac0-1316-4b78-b476-1003f52fd39b,22,,C48336,CAPSULE,,1,,BVF;300;BVF;300,,C48325;C48329,WHITE;GREEN,,Diltiazem Hydrochloride 300 mg;,Diltiazem Hydrochloride[Diltiazem];,"D&C Yellow no. 10;FD&C Green no. 3;Gelatin;Hypromelloses;Magnesium Stearate;Cellulose, Microcrystalline;Polysorbate 80;POVIDONES;Talc;Titanium Dioxide;",HRX,SCD,24 HR diltiazem hydrochloride 300 MG Extended Release Oral Capsule,830801,2020-02-10 15:46:09,0093-5119,0,,935119,93,5119,Diltiazem Hydrochloride,active,20120814,bf18f7ba-763d-4ad0-8c79-b686d847a546.xml,,C42916,34391-3,,,LABELER,Teva Pharmaceuticals USA Inc.,C73584,NLM,TRUE,,9,,,TRUE,FALSE,FALSE,TRUE,TRUE
00093-5150-01_PART_1_OF_1_CHAL10_SB_2E29974C.jpg,00093-5150-01,5150,TRUE,FALSE,FALSE,fcn_mix_weight/dr_224/00093-5150-01_PART_1_OF_1_CHAL10_SB_2E29974C.jpg,00093-5150-01_2E29974C,24652,TRUE,10/17/2017 05:31:07 PM,2020-02-10 17:07:20,5d4078f3-b621-475f-a4e6-005de2e62b32-0093-5150-0,5d4078f3-b621-475f-a4e6-005de2e62b32,10,,C48345,OVAL,,2,,5150;93,,C48328,PINK,,MOEXIPRIL HYDROCHLORIDE 15 mg;,MOEXIPRIL HYDROCHLORIDE[MOEXIPRILAT];,"CROSPOVIDONE (19 MPA.S AT 5%);LACTOSE MONOHYDRATE;MAGNESIUM STEARATE;STARCH, CORN;SODIUM BICARBONATE;HYPROMELLOSE 2910 (15 MPA.S);FERRIC OXIDE RED;TITANIUM DIOXIDE;TRIACETIN;",HRX,SCD,moexipril hydrochloride 15 MG Oral Tablet,1299896,2020-02-10 15:43:49,0093-5150,0,,935150,93,5150,Moexipril Hydrochloride,active,20150831,47bb5b1f-0ee0-469f-9fcc-fc3087b2e865.xml,,C42931,34391-3,,,LABELER,"Teva Pharmaceuticals USA, Inc.",C73584,NLM,TRUE,,10,,,TRUE,FALSE,FALSE,TRUE,TRUE
00093-5150-01_PART_1_OF_1_CHAL10_SF_2E29974C.jpg,00093-5150-01,5150,TRUE,TRUE,FALSE,fcn_mix_weight/dr_224/00093-5150-01_PART_1_OF_1_CHAL10_SF_2E29974C.jpg,00093-5150-01_2E29974C,24652,TRUE,10/17/2017 05:31:07 PM,2020-02-10 17:07:20,5d4078f3-b621-475f-a4e6-005de2e62b32-0093-5150-0,5d4078f3-b621-475f-a4e6-005de2e62b32,10,,C48345,OVAL,,2,,5150;93,,C48328,PINK,,MOEXIPRIL HYDROCHLORIDE 15 mg;,MOEXIPRIL HYDROCHLORIDE[MOEXIPRILAT];,"CROSPOVIDONE (19 MPA.S AT 5%);LACTOSE MONOHYDRATE;MAGNESIUM STEARATE;STARCH, CORN;SODIUM BICARBONATE;HYPROMELLOSE 2910 (15 MPA.S);FERRIC OXIDE RED;TITANIUM DIOXIDE;TRIACETIN;",HRX,SCD,moexipril hydrochloride 15 MG Oral Tablet,1299896,2020-02-10 15:43:49,0093-5150,0,,935150,93,5150,Moexipril Hydrochloride,active,20150831,47bb5b1f-0ee0-469f-9fcc-fc3087b2e865.xml,,C42931,34391-3,,,LABELER,"Teva Pharmaceuticals USA, Inc.",C73584,NLM,TRUE,,10,,,TRUE,FALSE,FALSE,TRUE,TRUE
00093-5206-01_PART_1_OF_1_CHAL10_SB_682BB40D.jpg,00093-5206-01,5206,TRUE,FALSE,FALSE,fcn_mix_weight/dr_224/00093-5206-01_PART_1_OF_1_CHAL10_SB_682BB40D.jpg,00093-5206-01_682BB40D,12374,TRUE,10/17/2017 05:30:14 PM,2020-02-10 17:10:12,033a9242-bbf2-49d5-8403-d07e99107130-0093-5206-0,033a9242-bbf2-49d5-8403-d07e99107130,7,,C48348,ROUND,,1,,G341,,C48327,PURPLE,,OXYBUTYNIN CHLORIDE 5 mg;,OXYBUTYNIN CHLORIDE[OXYBUTYNIN];,"HYPROMELLOSES;LACTOSE MONOHYDRATE;METHACRYLIC ACID;CELLULOSE, MICROCRYSTALLINE;TALC;TRIETHYL CITRATE;FD&C BLUE NO. 2;FD&C RED NO. 40;",HRX,SCD,24 HR oxybutynin chloride 5 MG Extended Release Oral Tablet,863636,2020-02-10 16:00:06,0093-5206,0,,935206,93,5206,OXYBUTYNIN CHLORIDE,completed,20170118,b46c253f-c473-4b5f-a00b-cb775fae0c2c.xml,,C42927,34391-3,,,LABELER,TEVA Pharmaceuticals USA Inc,C73584,NLM,TRUE,,11,,,TRUE,FALSE,FALSE,TRUE,TRUE
00093-5206-01_PART_1_OF_1_CHAL10_SF_682BB40D.jpg,00093-5206-01,5206,TRUE,TRUE,FALSE,fcn_mix_weight/dr_224/00093-5206-01_PART_1_OF_1_CHAL10_SF_682BB40D.jpg,00093-5206-01_682BB40D,12374,TRUE,10/17/2017 05:30:14 PM,2020-02-10 17:10:12,033a9242-bbf2-49d5-8403-d07e99107130-0093-5206-0,033a9242-bbf2-49d5-8403-d07e99107130,7,,C48348,ROUND,,1,,G341,,C48327,PURPLE,,OXYBUTYNIN CHLORIDE 5 mg;,OXYBUTYNIN CHLORIDE[OXYBUTYNIN];,"HYPROMELLOSES;LACTOSE MONOHYDRATE;METHACRYLIC ACID;CELLULOSE, MICROCRYSTALLINE;TALC;TRIETHYL CITRATE;FD&C BLUE NO. 2;FD&C RED NO. 40;",HRX,SCD,24 HR oxybutynin chloride 5 MG Extended Release Oral Tablet,863636,2020-02-10 16:00:06,0093-5206,0,,935206,93,5206,OXYBUTYNIN CHLORIDE,completed,20170118,b46c253f-c473-4b5f-a00b-cb775fae0c2c.xml,,C42927,34391-3,,,LABELER,TEVA Pharmaceuticals USA Inc,C73584,NLM,TRUE,,11,,,TRUE,FALSE,FALSE,TRUE,TRUE
00093-5207-01_PART_1_OF_1_CHAL10_SB_782BBC1D.jpg,00093-5207-01,5207,TRUE,FALSE,FALSE,fcn_mix_weight/dr_224/00093-5207-01_PART_1_OF_1_CHAL10_SB_782BBC1D.jpg,00093-5207-01_782BBC1D,40672,TRUE,10/17/2017 05:32:18 PM,2020-02-10 17:15:45,033a9242-bbf2-49d5-8403-d07e99107130-0093-5207-0,033a9242-bbf2-49d5-8403-d07e99107130,7,,C48348,ROUND,,1,,G342,,C48328,PINK,,OXYBUTYNIN CHLORIDE 10 mg;,OXYBUTYNIN CHLORIDE[OXYBUTYNIN];,"HYPROMELLOSES;LACTOSE MONOHYDRATE;METHACRYLIC ACID;CELLULOSE, MICROCRYSTALLINE;TALC;TRIETHYL CITRATE;FD&C RED NO. 40;FD&C YELLOW NO. 6;",HRX,SCD,24 HR oxybutynin chloride 10 MG Extended Release Oral Tablet,863619,2020-02-10 16:30:17,0093-5207,0,,935207,93,5207,OXYBUTYNIN CHLORIDE,completed,20170118,b46c253f-c473-4b5f-a00b-cb775fae0c2c.xml,,C42927,34391-3,,,LABELER,TEVA Pharmaceuticals USA Inc,C73584,NLM,TRUE,,11,,,TRUE,FALSE,FALSE,TRUE,TRUE
00093-5207-01_PART_1_OF_1_CHAL10_SF_782BBC1D.jpg,00093-5207-01,5207,TRUE,TRUE,FALSE,fcn_mix_weight/dr_224/00093-5207-01_PART_1_OF_1_CHAL10_SF_782BBC1D.jpg,00093-5207-01_782BBC1D,40672,TRUE,10/17/2017 05:32:18 PM,2020-02-10 17:15:45,033a9242-bbf2-49d5-8403-d07e99107130-0093-5207-0,033a9242-bbf2-49d5-8403-d07e99107130,7,,C48348,ROUND,,1,,G342,,C48328,PINK,,OXYBUTYNIN CHLORIDE 10 mg;,OXYBUTYNIN CHLORIDE[OXYBUTYNIN];,"HYPROMELLOSES;LACTOSE MONOHYDRATE;METHACRYLIC ACID;CELLULOSE, MICROCRYSTALLINE;TALC;TRIETHYL CITRATE;FD&C RED NO. 40;FD&C YELLOW NO. 6;",HRX,SCD,24 HR oxybutynin chloride 10 MG Extended Release Oral Tablet,863619,2020-02-10 16:30:17,0093-5207,0,,935207,93,5207,OXYBUTYNIN CHLORIDE,completed,20170118,b46c253f-c473-4b5f-a00b-cb775fae0c2c.xml,,C42927,34391-3,,,LABELER,TEVA Pharmaceuticals USA Inc,C73584,NLM,TRUE,,11,,,TRUE,FALSE,FALSE,TRUE,TRUE
00093-5208-01_PART_1_OF_1_CHAL10_SB_7C2BBE2D.jpg,00093-5208-01,5208,TRUE,FALSE,FALSE,fcn_mix_weight/dr_224/00093-5208-01_PART_1_OF_1_CHAL10_SB_7C2BBE2D.jpg,00093-5208-01_7C2BBE2D,46873,TRUE,10/17/2017 05:32:46 PM,2020-02-10 17:03:26,033a9242-bbf2-49d5-8403-d07e99107130-0093-5208-0,033a9242-bbf2-49d5-8403-d07e99107130,7,,C48348,ROUND,,1,,G343,,C48325,WHITE,,OXYBUTYNIN CHLORIDE 15 mg;,OXYBUTYNIN CHLORIDE[OXYBUTYNIN];,"HYPROMELLOSES;LACTOSE MONOHYDRATE;METHACRYLIC ACID;CELLULOSE, MICROCRYSTALLINE;TALC;TRIETHYL CITRATE;",HRX,SCD,24 HR oxybutynin chloride 15 MG Extended Release Oral Tablet,863628,2020-02-10 15:25:32,0093-5208,0,,935208,93,5208,OXYBUTYNIN CHLORIDE,completed,20170118,b46c253f-c473-4b5f-a00b-cb775fae0c2c.xml,,C42927,34391-3,,,LABELER,TEVA Pharmaceuticals USA Inc,C73584,NLM,TRUE,,11,,,TRUE,FALSE,FALSE,TRUE,TRUE
00093-5208-01_PART_1_OF_1_CHAL10_SF_7C2BBE2D.jpg,00093-5208-01,5208,TRUE,TRUE,FALSE,fcn_mix_weight/dr_224/00093-5208-01_PART_1_OF_1_CHAL10_SF_7C2BBE2D.jpg,00093-5208-01_7C2BBE2D,46873,TRUE,10/17/2017 05:32:46 PM,2020-02-10 17:03:26,033a9242-bbf2-49d5-8403-d07e99107130-0093-5208-0,033a9242-bbf2-49d5-8403-d07e99107130,7,,C48348,ROUND,,1,,G343,,C48325,WHITE,,OXYBUTYNIN CHLORIDE 15 mg;,OXYBUTYNIN CHLORIDE[OXYBUTYNIN];,"HYPROMELLOSES;LACTOSE MONOHYDRATE;METHACRYLIC ACID;CELLULOSE, MICROCRYSTALLINE;TALC;TRIETHYL CITRATE;",HRX,SCD,24 HR oxybutynin chloride 15 MG Extended Release Oral Tablet,863628,2020-02-10 15:25:32,0093-5208,0,,935208,93,5208,OXYBUTYNIN CHLORIDE,completed,20170118,b46c253f-c473-4b5f-a00b-cb775fae0c2c.xml,,C42927,34391-3,,,LABELER,TEVA Pharmaceuticals USA Inc,C73584,NLM,TRUE,,11,,,TRUE,FALSE,FALSE,TRUE,TRUE
00093-5213-01_PART_1_OF_1_CHAL10_SB_632BB1FD.jpg,00093-5213-01,5213,TRUE,FALSE,FALSE,fcn_mix_weight/dr_224/00093-5213-01_PART_1_OF_1_CHAL10_SB_632BB1FD.jpg,00093-5213-01_632BB1FD,11087,TRUE,10/17/2017 05:30:09 PM,2020-02-10 17:15:09,621614de-4a5c-43c8-af77-e98128f01c8b-0093-5213-0,621614de-4a5c-43c8-af77-e98128f01c8b,10,,C48345,OVAL,,2,,9;3;5213,,C48330,YELLOW,,MOEXIPRIL HYDROCHLORIDE 7.5 mg;HYDROCHLOROTHIAZIDE 12.5 mg;,MOEXIPRIL HYDROCHLORIDE[MOEXIPRILAT];HYDROCHLOROTHIAZIDE[HYDROCHLOROTHIAZIDE];,"LACTOSE MONOHYDRATE;MAGNESIUM STEARATE;POVIDONE K30;SODIUM BICARBONATE;POLYETHYLENE GLYCOL 3350;POLYVINYL ALCOHOL, UNSPECIFIED;TALC;TITANIUM DIOXIDE;FD&C YELLOW NO. 5;FD&C YELLOW NO. 6;",HRX,SCD,hydrochlorothiazide 12.5 MG / moexipril hydrochloride 7.5 MG Oral Tablet,1299871,2020-02-10 16:27:12,0093-5213,0,,935213,93,5213,Moexipril Hydrochloride and Hydrochlorothiazide,completed,20190815,cfc0697a-f5a7-4f1a-a107-9fd1eb2bf479.xml,,C42931,34391-3,,,LABELER,"Teva Pharmaceuticals USA, Inc.",C73584,NLM,TRUE,,11,,,TRUE,FALSE,FALSE,TRUE,TRUE
00093-5213-01_PART_1_OF_1_CHAL10_SF_632BB1FD.jpg,00093-5213-01,5213,TRUE,TRUE,FALSE,fcn_mix_weight/dr_224/00093-5213-01_PART_1_OF_1_CHAL10_SF_632BB1FD.jpg,00093-5213-01_632BB1FD,11087,TRUE,10/17/2017 05:30:09 PM,2020-02-10 17:15:09,621614de-4a5c-43c8-af77-e98128f01c8b-0093-5213-0,621614de-4a5c-43c8-af77-e98128f01c8b,10,,C48345,OVAL,,2,,9;3;5213,,C48330,YELLOW,,MOEXIPRIL HYDROCHLORIDE 7.5 mg;HYDROCHLOROTHIAZIDE 12.5 mg;,MOEXIPRIL HYDROCHLORIDE[MOEXIPRILAT];HYDROCHLOROTHIAZIDE[HYDROCHLOROTHIAZIDE];,"LACTOSE MONOHYDRATE;MAGNESIUM STEARATE;POVIDONE K30;SODIUM BICARBONATE;POLYETHYLENE GLYCOL 3350;POLYVINYL ALCOHOL, UNSPECIFIED;TALC;TITANIUM DIOXIDE;FD&C YELLOW NO. 5;FD&C YELLOW NO. 6;",HRX,SCD,hydrochlorothiazide 12.5 MG / moexipril hydrochloride 7.5 MG Oral Tablet,1299871,2020-02-10 16:27:12,0093-5213,0,,935213,93,5213,Moexipril Hydrochloride and Hydrochlorothiazide,completed,20190815,cfc0697a-f5a7-4f1a-a107-9fd1eb2bf479.xml,,C42931,34391-3,,,LABELER,"Teva Pharmaceuticals USA, Inc.",C73584,NLM,TRUE,,11,,,TRUE,FALSE,FALSE,TRUE,TRUE
00093-5214-01_PART_1_OF_1_CHAL10_SB_5A2BAD7D.jpg,00093-5214-01,5214,TRUE,FALSE,FALSE,fcn_mix_weight/dr_224/00093-5214-01_PART_1_OF_1_CHAL10_SB_5A2BAD7D.jpg,00093-5214-01_5A2BAD7D,5558,TRUE,10/17/2017 05:29:45 PM,2020-02-10 17:16:37,621614de-4a5c-43c8-af77-e98128f01c8b-0093-5214-0,621614de-4a5c-43c8-af77-e98128f01c8b,13,,C48345,OVAL,,2,,9;3;5214,,C48325,WHITE,,MOEXIPRIL HYDROCHLORIDE 15 mg;HYDROCHLOROTHIAZIDE 12.5 mg;,MOEXIPRIL HYDROCHLORIDE[MOEXIPRILAT];HYDROCHLOROTHIAZIDE[HYDROCHLOROTHIAZIDE];,"LACTOSE MONOHYDRATE;MAGNESIUM STEARATE;POVIDONE K30;SODIUM BICARBONATE;POLYETHYLENE GLYCOL, UNSPECIFIED;POLYVINYL ALCOHOL, UNSPECIFIED;TALC;TITANIUM DIOXIDE;",HRX,SCD,hydrochlorothiazide 12.5 MG / moexipril hydrochloride 15 MG Oral Tablet,1299859,2020-02-10 16:34:35,0093-5214,0,,935214,93,5214,Moexipril Hydrochloride and Hydrochlorothiazide,completed,20190815,cfc0697a-f5a7-4f1a-a107-9fd1eb2bf479.xml,,C42931,34391-3,,,LABELER,"Teva Pharmaceuticals USA, Inc.",C73584,NLM,TRUE,,11,,,TRUE,FALSE,FALSE,TRUE,TRUE
00093-5214-01_PART_1_OF_1_CHAL10_SF_5A2BAD7D.jpg,00093-5214-01,5214,TRUE,TRUE,FALSE,fcn_mix_weight/dr_224/00093-5214-01_PART_1_OF_1_CHAL10_SF_5A2BAD7D.jpg,00093-5214-01_5A2BAD7D,5558,TRUE,10/17/2017 05:29:45 PM,2020-02-10 17:16:37,621614de-4a5c-43c8-af77-e98128f01c8b-0093-5214-0,621614de-4a5c-43c8-af77-e98128f01c8b,13,,C48345,OVAL,,2,,9;3;5214,,C48325,WHITE,,MOEXIPRIL HYDROCHLORIDE 15 mg;HYDROCHLOROTHIAZIDE 12.5 mg;,MOEXIPRIL HYDROCHLORIDE[MOEXIPRILAT];HYDROCHLOROTHIAZIDE[HYDROCHLOROTHIAZIDE];,"LACTOSE MONOHYDRATE;MAGNESIUM STEARATE;POVIDONE K30;SODIUM BICARBONATE;POLYETHYLENE GLYCOL, UNSPECIFIED;POLYVINYL ALCOHOL, UNSPECIFIED;TALC;TITANIUM DIOXIDE;",HRX,SCD,hydrochlorothiazide 12.5 MG / moexipril hydrochloride 15 MG Oral Tablet,1299859,2020-02-10 16:34:35,0093-5214,0,,935214,93,5214,Moexipril Hydrochloride and Hydrochlorothiazide,completed,20190815,cfc0697a-f5a7-4f1a-a107-9fd1eb2bf479.xml,,C42931,34391-3,,,LABELER,"Teva Pharmaceuticals USA, Inc.",C73584,NLM,TRUE,,11,,,TRUE,FALSE,FALSE,TRUE,TRUE
00093-5215-01_PART_1_OF_1_CHAL10_SB_562BAB0D.jpg,00093-5215-01,5215,TRUE,FALSE,FALSE,fcn_mix_weight/dr_224/00093-5215-01_PART_1_OF_1_CHAL10_SB_562BAB0D.jpg,00093-5215-01_562BAB0D,21755,TRUE,10/17/2017 05:30:54 PM,2020-02-10 17:05:26,621614de-4a5c-43c8-af77-e98128f01c8b-0093-5215-0,621614de-4a5c-43c8-af77-e98128f01c8b,13,,C48345,OVAL,,2,,9;3;5215,,C48330,YELLOW,,MOEXIPRIL HYDROCHLORIDE 15 mg;HYDROCHLOROTHIAZIDE 25 mg;,MOEXIPRIL HYDROCHLORIDE[MOEXIPRILAT];HYDROCHLOROTHIAZIDE[HYDROCHLOROTHIAZIDE];,"LACTOSE MONOHYDRATE;MAGNESIUM STEARATE;POVIDONE K30;SODIUM BICARBONATE;POLYETHYLENE GLYCOL 3350;POLYVINYL ALCOHOL, UNSPECIFIED;TALC;TITANIUM DIOXIDE;FD&C RED NO. 40;FD&C YELLOW NO. 5;FD&C YELLOW NO. 6;",HRX,SCD,hydrochlorothiazide 25 MG / moexipril hydrochloride 15 MG Oral Tablet,1299890,2020-02-10 15:34:21,0093-5215,0,,935215,93,5215,Moexipril Hydrochloride and Hydrochlorothiazide,completed,20190815,cfc0697a-f5a7-4f1a-a107-9fd1eb2bf479.xml,,C42931,34391-3,,,LABELER,"Teva Pharmaceuticals USA, Inc.",C73584,NLM,TRUE,,11,,,TRUE,FALSE,FALSE,TRUE,TRUE
00093-5215-01_PART_1_OF_1_CHAL10_SF_562BAB0D.jpg,00093-5215-01,5215,TRUE,TRUE,FALSE,fcn_mix_weight/dr_224/00093-5215-01_PART_1_OF_1_CHAL10_SF_562BAB0D.jpg,00093-5215-01_562BAB0D,21755,TRUE,10/17/2017 05:30:54 PM,2020-02-10 17:05:26,621614de-4a5c-43c8-af77-e98128f01c8b-0093-5215-0,621614de-4a5c-43c8-af77-e98128f01c8b,13,,C48345,OVAL,,2,,9;3;5215,,C48330,YELLOW,,MOEXIPRIL HYDROCHLORIDE 15 mg;HYDROCHLOROTHIAZIDE 25 mg;,MOEXIPRIL HYDROCHLORIDE[MOEXIPRILAT];HYDROCHLOROTHIAZIDE[HYDROCHLOROTHIAZIDE];,"LACTOSE MONOHYDRATE;MAGNESIUM STEARATE;POVIDONE K30;SODIUM BICARBONATE;POLYETHYLENE GLYCOL 3350;POLYVINYL ALCOHOL, UNSPECIFIED;TALC;TITANIUM DIOXIDE;FD&C RED NO. 40;FD&C YELLOW NO. 5;FD&C YELLOW NO. 6;",HRX,SCD,hydrochlorothiazide 25 MG / moexipril hydrochloride 15 MG Oral Tablet,1299890,2020-02-10 15:34:21,0093-5215,0,,935215,93,5215,Moexipril Hydrochloride and Hydrochlorothiazide,completed,20190815,cfc0697a-f5a7-4f1a-a107-9fd1eb2bf479.xml,,C42931,34391-3,,,LABELER,"Teva Pharmaceuticals USA, Inc.",C73584,NLM,TRUE,,11,,,TRUE,FALSE,FALSE,TRUE,TRUE
00093-5246-65_PART_1_OF_1_CHAL10_SB_9326C9E6.jpg,00093-5246-65,5246,TRUE,FALSE,FALSE,fcn_mix_weight/dr_224/00093-5246-65_PART_1_OF_1_CHAL10_SB_9326C9E6.jpg,00093-5246-65_9326C9E6,21370,TRUE,10/17/2017 05:30:52 PM,2020-02-10 17:15:48,dd0b2525-4e2f-44fc-9302-0ae4ebb1e135-0093-5246-0,dd0b2525-4e2f-44fc-9302-0ae4ebb1e135,9,,C48348,ROUND,,1,,TV;U2;10,,C48330,YELLOW,,OLANZAPINE 10 mg;,OLANZAPINE[OLANZAPINE];,"ASPARTAME;SILICON DIOXIDE;CROSPOVIDONE (15 MPA.S AT 5%);MAGNESIUM STEARATE;MANNITOL;CELLULOSE, MICROCRYSTALLINE;SODIUM STEARYL FUMARATE;XYLITOL;",HRX,SCD,olanzapine 10 MG Disintegrating Oral Tablet,312076,2020-02-10 16:30:32,0093-5246,0,,935246,93,5246,Olanzapine,active,20200528,12179be7-066e-437d-a6a3-206c49b060ba.xml,,C42999,34391-3,,,LABELER,"Teva Pharmaceuticals USA, Inc.",C73584,NLM,TRUE,,12,,,TRUE,FALSE,FALSE,TRUE,TRUE
00093-5246-65_PART_1_OF_1_CHAL10_SF_9326C9E6.jpg,00093-5246-65,5246,TRUE,TRUE,FALSE,fcn_mix_weight/dr_224/00093-5246-65_PART_1_OF_1_CHAL10_SF_9326C9E6.jpg,00093-5246-65_9326C9E6,21370,TRUE,10/17/2017 05:30:52 PM,2020-02-10 17:15:48,dd0b2525-4e2f-44fc-9302-0ae4ebb1e135-0093-5246-0,dd0b2525-4e2f-44fc-9302-0ae4ebb1e135,9,,C48348,ROUND,,1,,TV;U2;10,,C48330,YELLOW,,OLANZAPINE 10 mg;,OLANZAPINE[OLANZAPINE];,"ASPARTAME;SILICON DIOXIDE;CROSPOVIDONE (15 MPA.S AT 5%);MAGNESIUM STEARATE;MANNITOL;CELLULOSE, MICROCRYSTALLINE;SODIUM STEARYL FUMARATE;XYLITOL;",HRX,SCD,olanzapine 10 MG Disintegrating Oral Tablet,312076,2020-02-10 16:30:32,0093-5246,0,,935246,93,5246,Olanzapine,active,20200528,12179be7-066e-437d-a6a3-206c49b060ba.xml,,C42999,34391-3,,,LABELER,"Teva Pharmaceuticals USA, Inc.",C73584,NLM,TRUE,,12,,,TRUE,FALSE,FALSE,TRUE,TRUE
00093-5247-65_PART_1_OF_1_CHAL10_SB_8F26C7D6.jpg,00093-5247-65,5247,TRUE,FALSE,FALSE,fcn_mix_weight/dr_224/00093-5247-65_PART_1_OF_1_CHAL10_SB_8F26C7D6.jpg,00093-5247-65_8F26C7D6,36713,TRUE,10/17/2017 05:32:00 PM,2020-02-10 17:15:07,dd0b2525-4e2f-44fc-9302-0ae4ebb1e135-0093-5247-0,dd0b2525-4e2f-44fc-9302-0ae4ebb1e135,10,,C48348,ROUND,,1,,TV;U7;15,,C48330,YELLOW,,OLANZAPINE 15 mg;,OLANZAPINE[OLANZAPINE];,"ASPARTAME;SILICON DIOXIDE;CROSPOVIDONE (15 MPA.S AT 5%);MAGNESIUM STEARATE;MANNITOL;CELLULOSE, MICROCRYSTALLINE;SODIUM STEARYL FUMARATE;XYLITOL;",HRX,SCD,olanzapine 15 MG Disintegrating Oral Tablet,351107,2020-02-10 16:26:57,0093-5247,0,,935247,93,5247,Olanzapine,active,20200528,12179be7-066e-437d-a6a3-206c49b060ba.xml,,C42999,34391-3,,,LABELER,"Teva Pharmaceuticals USA, Inc.",C73584,NLM,TRUE,,12,,,TRUE,FALSE,FALSE,TRUE,TRUE
00093-5247-65_PART_1_OF_1_CHAL10_SF_8F26C7D6.jpg,00093-5247-65,5247,TRUE,TRUE,FALSE,fcn_mix_weight/dr_224/00093-5247-65_PART_1_OF_1_CHAL10_SF_8F26C7D6.jpg,00093-5247-65_8F26C7D6,36713,TRUE,10/17/2017 05:32:00 PM,2020-02-10 17:15:07,dd0b2525-4e2f-44fc-9302-0ae4ebb1e135-0093-5247-0,dd0b2525-4e2f-44fc-9302-0ae4ebb1e135,10,,C48348,ROUND,,1,,TV;U7;15,,C48330,YELLOW,,OLANZAPINE 15 mg;,OLANZAPINE[OLANZAPINE];,"ASPARTAME;SILICON DIOXIDE;CROSPOVIDONE (15 MPA.S AT 5%);MAGNESIUM STEARATE;MANNITOL;CELLULOSE, MICROCRYSTALLINE;SODIUM STEARYL FUMARATE;XYLITOL;",HRX,SCD,olanzapine 15 MG Disintegrating Oral Tablet,351107,2020-02-10 16:26:57,0093-5247,0,,935247,93,5247,Olanzapine,active,20200528,12179be7-066e-437d-a6a3-206c49b060ba.xml,,C42999,34391-3,,,LABELER,"Teva Pharmaceuticals USA, Inc.",C73584,NLM,TRUE,,12,,,TRUE,FALSE,FALSE,TRUE,TRUE
00093-5256-68_PART_1_OF_1_CHAL10_SB_15268A84.jpg,00093-5256-68,5256,TRUE,FALSE,FALSE,fcn_mix_weight/dr_224/00093-5256-68_PART_1_OF_1_CHAL10_SB_15268A84.jpg,00093-5256-68_15268A84,21721,TRUE,10/17/2017 05:30:54 PM,10/17/2017 05:30:54 PM,df4d7c10-d50b-4aee-88c1-cd4e4dc890a8-0093-5256-0,df4d7c10-d50b-4aee-88c1-cd4e4dc890a8,22,,C48336,CAPSULE,,1,,TEVA;5256,,C48333,BLUE,,CLINDAMYCIN HYDROCHLORIDE 300 mg;,CLINDAMYCIN HYDROCHLORIDE[CLINDAMYCIN];,"STARCH, CORN;LACTOSE MONOHYDRATE;MAGNESIUM STEARATE;FERROSOFERRIC OXIDE;D&C YELLOW NO. 10;ALUMINUM OXIDE;FD&C BLUE NO. 1;FD&C BLUE NO. 2;INDIGOTINDISULFONATE SODIUM;FD&C RED NO. 40;GELATIN;PROPYLENE GLYCOL;SHELLAC;TITANIUM DIOXIDE;",HRX,,Clindamycin 300 MG Oral Capsule,284215,,0093-5256,0,,935256,93,5256,Clindamycin Hydrochloride,active,20140818,92f29293-fca1-4511-89d7-3543ae4828f2.xml,,C25158,34391-3,,,LABELER,Teva Pharmaceuticals USA Inc,C73584,NLM,TRUE,,10,,,FALSE,TRUE,FALSE,TRUE,TRUE
00093-5256-68_PART_1_OF_1_CHAL10_SB_8727C3AE.jpg,00093-5256-68,5256,TRUE,FALSE,FALSE,fcn_mix_weight/dr_224/00093-5256-68_PART_1_OF_1_CHAL10_SB_8727C3AE.jpg,00093-5256-68_8727C3AE,21721,TRUE,10/17/2017 05:30:54 PM,10/17/2017 05:30:54 PM,df4d7c10-d50b-4aee-88c1-cd4e4dc890a8-0093-5256-0,df4d7c10-d50b-4aee-88c1-cd4e4dc890a8,22,,C48336,CAPSULE,,1,,TEVA;5256,,C48333,BLUE,,CLINDAMYCIN HYDROCHLORIDE 300 mg;,CLINDAMYCIN HYDROCHLORIDE[CLINDAMYCIN];,"STARCH, CORN;LACTOSE MONOHYDRATE;MAGNESIUM STEARATE;FERROSOFERRIC OXIDE;D&C YELLOW NO. 10;ALUMINUM OXIDE;FD&C BLUE NO. 1;FD&C BLUE NO. 2;INDIGOTINDISULFONATE SODIUM;FD&C RED NO. 40;GELATIN;PROPYLENE GLYCOL;SHELLAC;TITANIUM DIOXIDE;",HRX,,Clindamycin 300 MG Oral Capsule,284215,,0093-5256,0,,935256,93,5256,Clindamycin Hydrochloride,active,20140818,92f29293-fca1-4511-89d7-3543ae4828f2.xml,,C25158,34391-3,,,LABELER,Teva Pharmaceuticals USA Inc,C73584,NLM,TRUE,,10,,,FALSE,TRUE,FALSE,TRUE,TRUE
00093-5256-68_PART_1_OF_1_CHAL10_SF_15268A84.jpg,00093-5256-68,5256,TRUE,TRUE,FALSE,fcn_mix_weight/dr_224/00093-5256-68_PART_1_OF_1_CHAL10_SF_15268A84.jpg,00093-5256-68_15268A84,21721,TRUE,10/17/2017 05:30:54 PM,10/17/2017 05:30:54 PM,df4d7c10-d50b-4aee-88c1-cd4e4dc890a8-0093-5256-0,df4d7c10-d50b-4aee-88c1-cd4e4dc890a8,22,,C48336,CAPSULE,,1,,TEVA;5256,,C48333,BLUE,,CLINDAMYCIN HYDROCHLORIDE 300 mg;,CLINDAMYCIN HYDROCHLORIDE[CLINDAMYCIN];,"STARCH, CORN;LACTOSE MONOHYDRATE;MAGNESIUM STEARATE;FERROSOFERRIC OXIDE;D&C YELLOW NO. 10;ALUMINUM OXIDE;FD&C BLUE NO. 1;FD&C BLUE NO. 2;INDIGOTINDISULFONATE SODIUM;FD&C RED NO. 40;GELATIN;PROPYLENE GLYCOL;SHELLAC;TITANIUM DIOXIDE;",HRX,,Clindamycin 300 MG Oral Capsule,284215,,0093-5256,0,,935256,93,5256,Clindamycin Hydrochloride,active,20140818,92f29293-fca1-4511-89d7-3543ae4828f2.xml,,C25158,34391-3,,,LABELER,Teva Pharmaceuticals USA Inc,C73584,NLM,TRUE,,10,,,FALSE,TRUE,FALSE,TRUE,TRUE
00093-5256-68_PART_1_OF_1_CHAL10_SF_8727C3AE.jpg,00093-5256-68,5256,TRUE,TRUE,FALSE,fcn_mix_weight/dr_224/00093-5256-68_PART_1_OF_1_CHAL10_SF_8727C3AE.jpg,00093-5256-68_8727C3AE,21721,TRUE,10/17/2017 05:30:54 PM,10/17/2017 05:30:54 PM,df4d7c10-d50b-4aee-88c1-cd4e4dc890a8-0093-5256-0,df4d7c10-d50b-4aee-88c1-cd4e4dc890a8,22,,C48336,CAPSULE,,1,,TEVA;5256,,C48333,BLUE,,CLINDAMYCIN HYDROCHLORIDE 300 mg;,CLINDAMYCIN HYDROCHLORIDE[CLINDAMYCIN];,"STARCH, CORN;LACTOSE MONOHYDRATE;MAGNESIUM STEARATE;FERROSOFERRIC OXIDE;D&C YELLOW NO. 10;ALUMINUM OXIDE;FD&C BLUE NO. 1;FD&C BLUE NO. 2;INDIGOTINDISULFONATE SODIUM;FD&C RED NO. 40;GELATIN;PROPYLENE GLYCOL;SHELLAC;TITANIUM DIOXIDE;",HRX,,Clindamycin 300 MG Oral Capsule,284215,,0093-5256,0,,935256,93,5256,Clindamycin Hydrochloride,active,20140818,92f29293-fca1-4511-89d7-3543ae4828f2.xml,,C25158,34391-3,,,LABELER,Teva Pharmaceuticals USA Inc,C73584,NLM,TRUE,,10,,,FALSE,TRUE,FALSE,TRUE,TRUE
00093-5271-56_PART_1_OF_1_CHAL10_SB_EB2D75AB.jpg,00093-5271-56,5271,TRUE,FALSE,FALSE,fcn_mix_weight/dr_224/00093-5271-56_PART_1_OF_1_CHAL10_SB_EB2D75AB.jpg,00093-5271-56_EB2D75AB,17087,TRUE,10/17/2017 05:30:34 PM,2020-02-10 17:16:31,dba0b86a-5581-45a8-a956-716c2a718eb0-0093-5271-0,dba0b86a-5581-45a8-a956-716c2a718eb0,7,,C48348,ROUND,,1,,93;5271,,C48325,WHITE,,BISOPROLOL FUMARATE 10 mg;,BISOPROLOL FUMARATE[BISOPROLOL];,"SILICON DIOXIDE;CALCIUM PHOSPHATE, DIBASIC, ANHYDROUS;MAGNESIUM STEARATE;MICROCRYSTALLINE CELLULOSE;STARCH 1551;TITANIUM DIOXIDE;HYPROMELLOSE 2910 (6 MPA.S);HYPROMELLOSE 2910 (3 MPA.S);POLYETHYLENE GLYCOL 400;POLYSORBATE 80;CARNAUBA WAX;",HRX,SCD,bisoprolol fumarate 10 MG Oral Tablet,854901,2020-02-10 16:34:00,0093-5271,0,,935271,93,5271,Bisoprolol Fumarate,active,20140714,cb429bf9-326b-460f-9f9a-9e81deb97f2a.xml,,C42931,34391-3,,,LABELER,"Teva Pharmaceuticals USA, Inc.",C73584,NLM,TRUE,,7,,,TRUE,FALSE,FALSE,TRUE,TRUE
00093-5271-56_PART_1_OF_1_CHAL10_SF_EB2D75AB.jpg,00093-5271-56,5271,TRUE,TRUE,FALSE,fcn_mix_weight/dr_224/00093-5271-56_PART_1_OF_1_CHAL10_SF_EB2D75AB.jpg,00093-5271-56_EB2D75AB,17087,TRUE,10/17/2017 05:30:34 PM,2020-02-10 17:16:31,dba0b86a-5581-45a8-a956-716c2a718eb0-0093-5271-0,dba0b86a-5581-45a8-a956-716c2a718eb0,7,,C48348,ROUND,,1,,93;5271,,C48325,WHITE,,BISOPROLOL FUMARATE 10 mg;,BISOPROLOL FUMARATE[BISOPROLOL];,"SILICON DIOXIDE;CALCIUM PHOSPHATE, DIBASIC, ANHYDROUS;MAGNESIUM STEARATE;MICROCRYSTALLINE CELLULOSE;STARCH 1551;TITANIUM DIOXIDE;HYPROMELLOSE 2910 (6 MPA.S);HYPROMELLOSE 2910 (3 MPA.S);POLYETHYLENE GLYCOL 400;POLYSORBATE 80;CARNAUBA WAX;",HRX,SCD,bisoprolol fumarate 10 MG Oral Tablet,854901,2020-02-10 16:34:00,0093-5271,0,,935271,93,5271,Bisoprolol Fumarate,active,20140714,cb429bf9-326b-460f-9f9a-9e81deb97f2a.xml,,C42931,34391-3,,,LABELER,"Teva Pharmaceuticals USA, Inc.",C73584,NLM,TRUE,,7,,,TRUE,FALSE,FALSE,TRUE,TRUE
00093-5385-06_PART_1_OF_1_CHAL10_SB_FB27FDFF.jpg,00093-5385-06,5385,TRUE,FALSE,FALSE,fcn_mix_weight/dr_224/00093-5385-06_PART_1_OF_1_CHAL10_SB_FB27FDFF.jpg,00093-5385-06_FB27FDFF,19552,TRUE,10/17/2017 05:30:45 PM,2020-02-10 17:00:44,221a4135-70e1-4913-bd54-f4b84bb4001b-0093-5385-0,221a4135-70e1-4913-bd54-f4b84bb4001b,17,,C48345,OVAL,,2,,TV;TV;L2;L2,,C48325,WHITE,,LAMIVUDINE 150 mg;ZIDOVUDINE 300 mg;,LAMIVUDINE[LAMIVUDINE];ZIDOVUDINE[ZIDOVUDINE];,HYPROMELLOSE 2910 (3 MPA.S);HYPROMELLOSE 2910 (6 MPA.S);MAGNESIUM STEARATE;MICROCRYSTALLINE CELLULOSE;POLYETHYLENE GLYCOL 400;POLYSORBATE 80;SODIUM STARCH GLYCOLATE TYPE A POTATO;TITANIUM DIOXIDE;,HRX,SCD,lamivudine 150 MG / zidovudine 300 MG Oral Tablet,200082,2020-02-10 16:31:15,0093-5385,0,,935385,93,5385,Lamivudine and Zidovudine,active,20170502,23322e2c-9a94-4c78-b650-148bfc6ba37b.xml,,C42931,34391-3,,,LABELER,"Teva Pharmaceuticals USA, Inc.",C73584,NLM,TRUE,,7,,,TRUE,FALSE,FALSE,TRUE,TRUE
00093-5385-06_PART_1_OF_1_CHAL10_SF_FB27FDFF.jpg,00093-5385-06,5385,TRUE,TRUE,FALSE,fcn_mix_weight/dr_224/00093-5385-06_PART_1_OF_1_CHAL10_SF_FB27FDFF.jpg,00093-5385-06_FB27FDFF,19552,TRUE,10/17/2017 05:30:45 PM,2020-02-10 17:00:44,221a4135-70e1-4913-bd54-f4b84bb4001b-0093-5385-0,221a4135-70e1-4913-bd54-f4b84bb4001b,17,,C48345,OVAL,,2,,TV;TV;L2;L2,,C48325,WHITE,,LAMIVUDINE 150 mg;ZIDOVUDINE 300 mg;,LAMIVUDINE[LAMIVUDINE];ZIDOVUDINE[ZIDOVUDINE];,HYPROMELLOSE 2910 (3 MPA.S);HYPROMELLOSE 2910 (6 MPA.S);MAGNESIUM STEARATE;MICROCRYSTALLINE CELLULOSE;POLYETHYLENE GLYCOL 400;POLYSORBATE 80;SODIUM STARCH GLYCOLATE TYPE A POTATO;TITANIUM DIOXIDE;,HRX,SCD,lamivudine 150 MG / zidovudine 300 MG Oral Tablet,200082,2020-02-10 16:31:15,0093-5385,0,,935385,93,5385,Lamivudine and Zidovudine,active,20170502,23322e2c-9a94-4c78-b650-148bfc6ba37b.xml,,C42931,34391-3,,,LABELER,"Teva Pharmaceuticals USA, Inc.",C73584,NLM,TRUE,,7,,,TRUE,FALSE,FALSE,TRUE,TRUE
00093-5420-88_PART_1_OF_1_CHAL10_SB_8E2BC72E.jpg,00093-5420-88,5420,TRUE,FALSE,FALSE,fcn_mix_weight/dr_224/00093-5420-88_PART_1_OF_1_CHAL10_SB_8E2BC72E.jpg,00093-5420-88_8E2BC72E,5224,TRUE,10/17/2017 05:29:43 PM,2020-02-10 17:06:01,ee6238bc-9ca1-4b52-b0ac-47c8b8aa8e03-69189-5420-0,ee6238bc-9ca1-4b52-b0ac-47c8b8aa8e03,8,,C48345,OVAL,,2,,0;5;5420,,C48325,WHITE,,Cabergoline 0.5 mg;,Cabergoline[Cabergoline];,ANHYDROUS LACTOSE;LEUCINE;,HRX,,,,2020-02-10 15:37:25,69189-5420,0,,691895420,69189,5420,Cabergoline,active,20151123,77779e57-ade7-4113-82c2-f1884828c5da.xml,0093-5420,C42998,,,,LABELER,Avera McKennan Hospital,C73584,SPL,TRUE,1,1,,,TRUE,FALSE,FALSE,TRUE,TRUE
00093-5420-88_PART_1_OF_1_CHAL10_SF_8E2BC72E.jpg,00093-5420-88,5420,TRUE,TRUE,FALSE,fcn_mix_weight/dr_224/00093-5420-88_PART_1_OF_1_CHAL10_SF_8E2BC72E.jpg,00093-5420-88_8E2BC72E,5224,TRUE,10/17/2017 05:29:43 PM,2020-02-10 17:06:01,ee6238bc-9ca1-4b52-b0ac-47c8b8aa8e03-69189-5420-0,ee6238bc-9ca1-4b52-b0ac-47c8b8aa8e03,8,,C48345,OVAL,,2,,0;5;5420,,C48325,WHITE,,Cabergoline 0.5 mg;,Cabergoline[Cabergoline];,ANHYDROUS LACTOSE;LEUCINE;,HRX,,,,2020-02-10 15:37:25,69189-5420,0,,691895420,69189,5420,Cabergoline,active,20151123,77779e57-ade7-4113-82c2-f1884828c5da.xml,0093-5420,C42998,,,,LABELER,Avera McKennan Hospital,C73584,SPL,TRUE,1,1,,,TRUE,FALSE,FALSE,TRUE,TRUE
00093-5455-28_PART_1_OF_1_CHAL10_SB_822DC10E.jpg,00093-5455-28,5455,TRUE,FALSE,FALSE,fcn_mix_weight/dr_224/00093-5455-28_PART_1_OF_1_CHAL10_SB_822DC10E.jpg,00093-5455-28_822DC10E,38885,TRUE,10/17/2017 05:32:10 PM,2020-02-10 17:13:37,b1c5c06b-9ce2-4bf7-9693-e37608055a14-0093-5455-0,b1c5c06b-9ce2-4bf7-9693-e37608055a14,6,,C48348,ROUND,,1,,b;34,,C48325,WHITE,,ESTRADIOL 1 mg;NORETHINDRONE ACETATE 0.5 mg;,ESTRADIOL[ESTRADIOL];NORETHINDRONE ACETATE[NORETHINDRONE];,"SILICON DIOXIDE;COPOVIDONE K25-31;STARCH, CORN;HYPROMELLOSE 2910 (3 MPA.S);HYPROMELLOSE 2910 (6 MPA.S);LACTOSE MONOHYDRATE;MAGNESIUM STEARATE;POLYETHYLENE GLYCOL 400;POLYSORBATE 80;TITANIUM DIOXIDE;",HRX,BPCK,{28 (estradiol 1 MG / norethindrone acetate 0.5 MG Oral Tablet) } Pack [Mimvey],1359129,2020-02-10 16:18:57,0093-5455,0,,935455,93,5455,Mimvey,active,20160731,ae5b0d8a-a7bc-481e-9cd9-0436b07e7b94.xml,,C42931,34391-3,,,LABELER,"Teva Pharmaceuticals USA, Inc.",C73584,NLM,TRUE,,10,,,TRUE,FALSE,FALSE,TRUE,TRUE
00093-5455-28_PART_1_OF_1_CHAL10_SF_822DC10E.jpg,00093-5455-28,5455,TRUE,TRUE,FALSE,fcn_mix_weight/dr_224/00093-5455-28_PART_1_OF_1_CHAL10_SF_822DC10E.jpg,00093-5455-28_822DC10E,38885,TRUE,10/17/2017 05:32:10 PM,2020-02-10 17:13:37,b1c5c06b-9ce2-4bf7-9693-e37608055a14-0093-5455-0,b1c5c06b-9ce2-4bf7-9693-e37608055a14,6,,C48348,ROUND,,1,,b;34,,C48325,WHITE,,ESTRADIOL 1 mg;NORETHINDRONE ACETATE 0.5 mg;,ESTRADIOL[ESTRADIOL];NORETHINDRONE ACETATE[NORETHINDRONE];,"SILICON DIOXIDE;COPOVIDONE K25-31;STARCH, CORN;HYPROMELLOSE 2910 (3 MPA.S);HYPROMELLOSE 2910 (6 MPA.S);LACTOSE MONOHYDRATE;MAGNESIUM STEARATE;POLYETHYLENE GLYCOL 400;POLYSORBATE 80;TITANIUM DIOXIDE;",HRX,BPCK,{28 (estradiol 1 MG / norethindrone acetate 0.5 MG Oral Tablet) } Pack [Mimvey],1359129,2020-02-10 16:18:57,0093-5455,0,,935455,93,5455,Mimvey,active,20160731,ae5b0d8a-a7bc-481e-9cd9-0436b07e7b94.xml,,C42931,34391-3,,,LABELER,"Teva Pharmaceuticals USA, Inc.",C73584,NLM,TRUE,,10,,,TRUE,FALSE,FALSE,TRUE,TRUE
00093-5501-01_PART_1_OF_1_CHAL10_SB_CF2D679B.jpg,00093-5501-01,5501,TRUE,FALSE,FALSE,fcn_mix_weight/dr_224/00093-5501-01_PART_1_OF_1_CHAL10_SB_CF2D679B.jpg,00093-5501-01_CF2D679B,45783,TRUE,10/17/2017 05:32:41 PM,10/17/2017 05:32:41 PM,84718f90-579a-481f-8f39-713e1ed18871-0093-5501-0,84718f90-579a-481f-8f39-713e1ed18871,7,10,C48348,ROUND,,1,,G;2442,,C48330,YELLOW,,BUPROPION HYDROCHLORIDE 100 mg;,BUPROPION HYDROCHLORIDE[BUPROPION];,"SILICON DIOXIDE;HYDROXYPROPYL CELLULOSE (TYPE H);MAGNESIUM STEARATE;CELLULOSE, MICROCRYSTALLINE;FD&C RED NO. 40;FD&C YELLOW NO. 6;HYPROMELLOSES;FERRIC OXIDE YELLOW;POLYETHYLENE GLYCOLS;POLYDEXTROSE;TITANIUM DIOXIDE;TRIACETIN;",HRX,,12 HR Bupropion Hydrochloride 100 MG Extended Release Oral Tablet [Budeprion],993505,,0093-5501,0,,935501,93,5501,BUDEPRION,completed,20140319,bfacd9e7-0033-44b7-84cb-c92536b7f817.xml,,C42927,34391-3,,,LABELER,TEVA Pharmaceuticals USA Inc,C73584,NLM,TRUE,,4,,,FALSE,TRUE,FALSE,TRUE,TRUE
00093-5501-01_PART_1_OF_1_CHAL10_SF_CF2D679B.jpg,00093-5501-01,5501,TRUE,TRUE,FALSE,fcn_mix_weight/dr_224/00093-5501-01_PART_1_OF_1_CHAL10_SF_CF2D679B.jpg,00093-5501-01_CF2D679B,45783,TRUE,10/17/2017 05:32:41 PM,10/17/2017 05:32:41 PM,84718f90-579a-481f-8f39-713e1ed18871-0093-5501-0,84718f90-579a-481f-8f39-713e1ed18871,7,10,C48348,ROUND,,1,,G;2442,,C48330,YELLOW,,BUPROPION HYDROCHLORIDE 100 mg;,BUPROPION HYDROCHLORIDE[BUPROPION];,"SILICON DIOXIDE;HYDROXYPROPYL CELLULOSE (TYPE H);MAGNESIUM STEARATE;CELLULOSE, MICROCRYSTALLINE;FD&C RED NO. 40;FD&C YELLOW NO. 6;HYPROMELLOSES;FERRIC OXIDE YELLOW;POLYETHYLENE GLYCOLS;POLYDEXTROSE;TITANIUM DIOXIDE;TRIACETIN;",HRX,,12 HR Bupropion Hydrochloride 100 MG Extended Release Oral Tablet [Budeprion],993505,,0093-5501,0,,935501,93,5501,BUDEPRION,completed,20140319,bfacd9e7-0033-44b7-84cb-c92536b7f817.xml,,C42927,34391-3,,,LABELER,TEVA Pharmaceuticals USA Inc,C73584,NLM,TRUE,,4,,,FALSE,TRUE,FALSE,TRUE,TRUE
00093-5502-01_PART_1_OF_1_CHAL10_SB_742DBA1D.jpg,00093-5502-01,5502,TRUE,FALSE,FALSE,fcn_mix_weight/dr_224/00093-5502-01_PART_1_OF_1_CHAL10_SB_742DBA1D.jpg,00093-5502-01_742DBA1D,5087,TRUE,10/17/2017 05:29:43 PM,10/17/2017 05:29:43 PM,84718f90-579a-481f-8f39-713e1ed18871-0093-5502-0,84718f90-579a-481f-8f39-713e1ed18871,7,11,C48348,ROUND,,1,,G;2444,,C48330,YELLOW,,BUPROPION HYDROCHLORIDE 150 mg;,BUPROPION HYDROCHLORIDE[BUPROPION];,"SILICON DIOXIDE;HYDROXYPROPYL CELLULOSE (TYPE H);MAGNESIUM STEARATE;CELLULOSE, MICROCRYSTALLINE;HYPROMELLOSES;FERRIC OXIDE YELLOW;POLYETHYLENE GLYCOLS;POLYDEXTROSE;TITANIUM DIOXIDE;TRIACETIN;",HRX,,12 HR Bupropion Hydrochloride 150 MG Extended Release Oral Tablet [Budeprion],993520,,0093-5502,0,,935502,93,5502,BUDEPRION,completed,20140319,bfacd9e7-0033-44b7-84cb-c92536b7f817.xml,,C42927,34391-3,,,LABELER,TEVA Pharmaceuticals USA Inc,C73584,NLM,TRUE,,4,,,FALSE,TRUE,FALSE,TRUE,TRUE
00093-5502-01_PART_1_OF_1_CHAL10_SF_742DBA1D.jpg,00093-5502-01,5502,TRUE,TRUE,FALSE,fcn_mix_weight/dr_224/00093-5502-01_PART_1_OF_1_CHAL10_SF_742DBA1D.jpg,00093-5502-01_742DBA1D,5087,TRUE,10/17/2017 05:29:43 PM,10/17/2017 05:29:43 PM,84718f90-579a-481f-8f39-713e1ed18871-0093-5502-0,84718f90-579a-481f-8f39-713e1ed18871,7,11,C48348,ROUND,,1,,G;2444,,C48330,YELLOW,,BUPROPION HYDROCHLORIDE 150 mg;,BUPROPION HYDROCHLORIDE[BUPROPION];,"SILICON DIOXIDE;HYDROXYPROPYL CELLULOSE (TYPE H);MAGNESIUM STEARATE;CELLULOSE, MICROCRYSTALLINE;HYPROMELLOSES;FERRIC OXIDE YELLOW;POLYETHYLENE GLYCOLS;POLYDEXTROSE;TITANIUM DIOXIDE;TRIACETIN;",HRX,,12 HR Bupropion Hydrochloride 150 MG Extended Release Oral Tablet [Budeprion],993520,,0093-5502,0,,935502,93,5502,BUDEPRION,completed,20140319,bfacd9e7-0033-44b7-84cb-c92536b7f817.xml,,C42927,34391-3,,,LABELER,TEVA Pharmaceuticals USA Inc,C73584,NLM,TRUE,,4,,,FALSE,TRUE,FALSE,TRUE,TRUE
00093-5504-56_PART_1_OF_1_CHAL10_SB_292714E8.jpg,00093-5504-56,5504,TRUE,FALSE,FALSE,fcn_mix_weight/dr_224/00093-5504-56_PART_1_OF_1_CHAL10_SB_292714E8.jpg,00093-5504-56_292714E8,10404,TRUE,10/17/2017 05:30:06 PM,2020-02-10 17:16:55,3c28cf18-01a3-468a-ab3e-8aa82f918251-0093-5504-0,3c28cf18-01a3-468a-ab3e-8aa82f918251,16,,C48336,CAPSULE,,1,,TEVA;5504,,C48331,ORANGE,,OLANZAPINE 6 mg;FLUOXETINE HYDROCHLORIDE 25 mg;,OLANZAPINE[OLANZAPINE];FLUOXETINE HYDROCHLORIDE[FLUOXETINE];,"D&C YELLOW NO. 10;FD&C BLUE NO. 1;FD&C BLUE NO. 2;INDIGOTINDISULFONATE SODIUM;FD&C RED NO. 40;GELATIN, UNSPECIFIED;FERROSOFERRIC OXIDE;MAGNESIUM STEARATE;STARCH, CORN;PROPYLENE GLYCOL;SHELLAC;TITANIUM DIOXIDE;FERRIC OXIDE YELLOW;FERRIC OXIDE RED;",HRX,SCD,fluoxetine 25 MG / olanzapine 6 MG Oral Capsule,403969,2020-02-10 16:16:53,0093-5504,0,,935504,93,5504,Olanzapine and Fluoxetine,active,20200630,d5f35371-be0b-4d03-b833-d3d826781dd2.xml,,C25158,34391-3,,,LABELER,"Teva Pharmaceuticals USA, Inc.",C73584,NLM,TRUE,,18,,,TRUE,FALSE,FALSE,TRUE,TRUE
00093-5504-56_PART_1_OF_1_CHAL10_SF_292714E8.jpg,00093-5504-56,5504,TRUE,TRUE,FALSE,fcn_mix_weight/dr_224/00093-5504-56_PART_1_OF_1_CHAL10_SF_292714E8.jpg,00093-5504-56_292714E8,10404,TRUE,10/17/2017 05:30:06 PM,2020-02-10 17:16:55,3c28cf18-01a3-468a-ab3e-8aa82f918251-0093-5504-0,3c28cf18-01a3-468a-ab3e-8aa82f918251,16,,C48336,CAPSULE,,1,,TEVA;5504,,C48331,ORANGE,,OLANZAPINE 6 mg;FLUOXETINE HYDROCHLORIDE 25 mg;,OLANZAPINE[OLANZAPINE];FLUOXETINE HYDROCHLORIDE[FLUOXETINE];,"D&C YELLOW NO. 10;FD&C BLUE NO. 1;FD&C BLUE NO. 2;INDIGOTINDISULFONATE SODIUM;FD&C RED NO. 40;GELATIN, UNSPECIFIED;FERROSOFERRIC OXIDE;MAGNESIUM STEARATE;STARCH, CORN;PROPYLENE GLYCOL;SHELLAC;TITANIUM DIOXIDE;FERRIC OXIDE YELLOW;FERRIC OXIDE RED;",HRX,SCD,fluoxetine 25 MG / olanzapine 6 MG Oral Capsule,403969,2020-02-10 16:16:53,0093-5504,0,,935504,93,5504,Olanzapine and Fluoxetine,active,20200630,d5f35371-be0b-4d03-b833-d3d826781dd2.xml,,C25158,34391-3,,,LABELER,"Teva Pharmaceuticals USA, Inc.",C73584,NLM,TRUE,,18,,,TRUE,FALSE,FALSE,TRUE,TRUE
00093-5505-56_PART_1_OF_1_CHAL10_SB_F426FA17.jpg,00093-5505-56,5505,TRUE,FALSE,FALSE,fcn_mix_weight/dr_224/00093-5505-56_PART_1_OF_1_CHAL10_SB_F426FA17.jpg,00093-5505-56_F426FA17,15709,TRUE,10/17/2017 05:30:28 PM,2020-02-10 17:00:05,3c28cf18-01a3-468a-ab3e-8aa82f918251-0093-5505-0,3c28cf18-01a3-468a-ab3e-8aa82f918251,18,,C48336,CAPSULE,,1,,TEVA;5505,,C48325,WHITE,,OLANZAPINE 6 mg;FLUOXETINE HYDROCHLORIDE 50 mg;,OLANZAPINE[OLANZAPINE];FLUOXETINE HYDROCHLORIDE[FLUOXETINE];,"D&C YELLOW NO. 10;FD&C BLUE NO. 1;FD&C BLUE NO. 2;INDIGOTINDISULFONATE SODIUM;FD&C RED NO. 40;GELATIN, UNSPECIFIED;FERROSOFERRIC OXIDE;MAGNESIUM STEARATE;STARCH, CORN;PROPYLENE GLYCOL;SHELLAC;TITANIUM DIOXIDE;",HRX,SCD,fluoxetine 50 MG / olanzapine 6 MG Oral Capsule,403972,2020-02-10 15:10:07,0093-5505,0,,935505,93,5505,Olanzapine and Fluoxetine,active,20200630,d5f35371-be0b-4d03-b833-d3d826781dd2.xml,,C25158,34391-3,,,LABELER,"Teva Pharmaceuticals USA, Inc.",C73584,NLM,TRUE,,18,,,TRUE,FALSE,FALSE,TRUE,TRUE
00093-5505-56_PART_1_OF_1_CHAL10_SF_F426FA17.jpg,00093-5505-56,5505,TRUE,TRUE,FALSE,fcn_mix_weight/dr_224/00093-5505-56_PART_1_OF_1_CHAL10_SF_F426FA17.jpg,00093-5505-56_F426FA17,15709,TRUE,10/17/2017 05:30:28 PM,2020-02-10 17:00:05,3c28cf18-01a3-468a-ab3e-8aa82f918251-0093-5505-0,3c28cf18-01a3-468a-ab3e-8aa82f918251,18,,C48336,CAPSULE,,1,,TEVA;5505,,C48325,WHITE,,OLANZAPINE 6 mg;FLUOXETINE HYDROCHLORIDE 50 mg;,OLANZAPINE[OLANZAPINE];FLUOXETINE HYDROCHLORIDE[FLUOXETINE];,"D&C YELLOW NO. 10;FD&C BLUE NO. 1;FD&C BLUE NO. 2;INDIGOTINDISULFONATE SODIUM;FD&C RED NO. 40;GELATIN, UNSPECIFIED;FERROSOFERRIC OXIDE;MAGNESIUM STEARATE;STARCH, CORN;PROPYLENE GLYCOL;SHELLAC;TITANIUM DIOXIDE;",HRX,SCD,fluoxetine 50 MG / olanzapine 6 MG Oral Capsule,403972,2020-02-10 15:10:07,0093-5505,0,,935505,93,5505,Olanzapine and Fluoxetine,active,20200630,d5f35371-be0b-4d03-b833-d3d826781dd2.xml,,C25158,34391-3,,,LABELER,"Teva Pharmaceuticals USA, Inc.",C73584,NLM,TRUE,,18,,,TRUE,FALSE,FALSE,TRUE,TRUE
00093-5506-56_PART_1_OF_1_CHAL10_SB_1E270F18.jpg,00093-5506-56,5506,TRUE,FALSE,FALSE,fcn_mix_weight/dr_224/00093-5506-56_PART_1_OF_1_CHAL10_SB_1E270F18.jpg,00093-5506-56_1E270F18,29410,TRUE,10/17/2017 05:31:27 PM,2020-02-10 17:15:33,3c28cf18-01a3-468a-ab3e-8aa82f918251-0093-5506-0,3c28cf18-01a3-468a-ab3e-8aa82f918251,16,,C48336,CAPSULE,,1,,TEVA;5506,,C48330,YELLOW,,OLANZAPINE 12 mg;FLUOXETINE HYDROCHLORIDE 25 mg;,OLANZAPINE[OLANZAPINE];FLUOXETINE HYDROCHLORIDE[FLUOXETINE];,"D&C YELLOW NO. 10;FD&C BLUE NO. 1;FD&C BLUE NO. 2;INDIGOTINDISULFONATE SODIUM;FD&C RED NO. 40;GELATIN, UNSPECIFIED;FERROSOFERRIC OXIDE;MAGNESIUM STEARATE;STARCH, CORN;PROPYLENE GLYCOL;SHELLAC;TITANIUM DIOXIDE;FERRIC OXIDE YELLOW;",HRX,SCD,fluoxetine 25 MG / olanzapine 12 MG Oral Capsule,403970,2020-02-10 16:29:10,0093-5506,0,,935506,93,5506,Olanzapine and Fluoxetine,active,20200630,d5f35371-be0b-4d03-b833-d3d826781dd2.xml,,C25158,34391-3,,,LABELER,"Teva Pharmaceuticals USA, Inc.",C73584,NLM,TRUE,,18,,,TRUE,FALSE,FALSE,TRUE,TRUE
00093-5506-56_PART_1_OF_1_CHAL10_SF_1E270F18.jpg,00093-5506-56,5506,TRUE,TRUE,FALSE,fcn_mix_weight/dr_224/00093-5506-56_PART_1_OF_1_CHAL10_SF_1E270F18.jpg,00093-5506-56_1E270F18,29410,TRUE,10/17/2017 05:31:27 PM,2020-02-10 17:15:33,3c28cf18-01a3-468a-ab3e-8aa82f918251-0093-5506-0,3c28cf18-01a3-468a-ab3e-8aa82f918251,16,,C48336,CAPSULE,,1,,TEVA;5506,,C48330,YELLOW,,OLANZAPINE 12 mg;FLUOXETINE HYDROCHLORIDE 25 mg;,OLANZAPINE[OLANZAPINE];FLUOXETINE HYDROCHLORIDE[FLUOXETINE];,"D&C YELLOW NO. 10;FD&C BLUE NO. 1;FD&C BLUE NO. 2;INDIGOTINDISULFONATE SODIUM;FD&C RED NO. 40;GELATIN, UNSPECIFIED;FERROSOFERRIC OXIDE;MAGNESIUM STEARATE;STARCH, CORN;PROPYLENE GLYCOL;SHELLAC;TITANIUM DIOXIDE;FERRIC OXIDE YELLOW;",HRX,SCD,fluoxetine 25 MG / olanzapine 12 MG Oral Capsule,403970,2020-02-10 16:29:10,0093-5506,0,,935506,93,5506,Olanzapine and Fluoxetine,active,20200630,d5f35371-be0b-4d03-b833-d3d826781dd2.xml,,C25158,34391-3,,,LABELER,"Teva Pharmaceuticals USA, Inc.",C73584,NLM,TRUE,,18,,,TRUE,FALSE,FALSE,TRUE,TRUE
00093-5507-56_PART_1_OF_1_CHAL10_SB_0C270618.jpg,00093-5507-56,5507,TRUE,FALSE,FALSE,fcn_mix_weight/dr_224/00093-5507-56_PART_1_OF_1_CHAL10_SB_0C270618.jpg,00093-5507-56_0C270618,21205,TRUE,10/17/2017 05:30:52 PM,2020-02-10 17:16:52,3c28cf18-01a3-468a-ab3e-8aa82f918251-0093-5507-0,3c28cf18-01a3-468a-ab3e-8aa82f918251,18,,C48336,CAPSULE,,1,,TEVA;5507,,C48326,RED,,OLANZAPINE 12 mg;FLUOXETINE HYDROCHLORIDE 50 mg;,OLANZAPINE[OLANZAPINE];FLUOXETINE HYDROCHLORIDE[FLUOXETINE];,"D&C YELLOW NO. 10;FD&C BLUE NO. 1;FD&C BLUE NO. 2;INDIGOTINDISULFONATE SODIUM;FD&C RED NO. 40;GELATIN, UNSPECIFIED;FERROSOFERRIC OXIDE;MAGNESIUM STEARATE;STARCH, CORN;PROPYLENE GLYCOL;SHELLAC;TITANIUM DIOXIDE;D&C RED NO. 28;",HRX,SCD,fluoxetine 50 MG / olanzapine 12 MG Oral Capsule,403971,2020-02-10 16:14:49,0093-5507,0,,935507,93,5507,Olanzapine and Fluoxetine,active,20200630,d5f35371-be0b-4d03-b833-d3d826781dd2.xml,,C25158,34391-3,,,LABELER,"Teva Pharmaceuticals USA, Inc.",C73584,NLM,TRUE,,18,,,TRUE,FALSE,FALSE,TRUE,TRUE
00093-5507-56_PART_1_OF_1_CHAL10_SF_0C270618.jpg,00093-5507-56,5507,TRUE,TRUE,FALSE,fcn_mix_weight/dr_224/00093-5507-56_PART_1_OF_1_CHAL10_SF_0C270618.jpg,00093-5507-56_0C270618,21205,TRUE,10/17/2017 05:30:52 PM,2020-02-10 17:16:52,3c28cf18-01a3-468a-ab3e-8aa82f918251-0093-5507-0,3c28cf18-01a3-468a-ab3e-8aa82f918251,18,,C48336,CAPSULE,,1,,TEVA;5507,,C48326,RED,,OLANZAPINE 12 mg;FLUOXETINE HYDROCHLORIDE 50 mg;,OLANZAPINE[OLANZAPINE];FLUOXETINE HYDROCHLORIDE[FLUOXETINE];,"D&C YELLOW NO. 10;FD&C BLUE NO. 1;FD&C BLUE NO. 2;INDIGOTINDISULFONATE SODIUM;FD&C RED NO. 40;GELATIN, UNSPECIFIED;FERROSOFERRIC OXIDE;MAGNESIUM STEARATE;STARCH, CORN;PROPYLENE GLYCOL;SHELLAC;TITANIUM DIOXIDE;D&C RED NO. 28;",HRX,SCD,fluoxetine 50 MG / olanzapine 12 MG Oral Capsule,403971,2020-02-10 16:14:49,0093-5507,0,,935507,93,5507,Olanzapine and Fluoxetine,active,20200630,d5f35371-be0b-4d03-b833-d3d826781dd2.xml,,C25158,34391-3,,,LABELER,"Teva Pharmaceuticals USA, Inc.",C73584,NLM,TRUE,,18,,,TRUE,FALSE,FALSE,TRUE,TRUE
00093-5703-01_PART_1_OF_1_CHAL10_SB_7D2DBE9D.jpg,00093-5703-01,5703,TRUE,FALSE,FALSE,fcn_mix_weight/dr_224/00093-5703-01_PART_1_OF_1_CHAL10_SB_7D2DBE9D.jpg,00093-5703-01_7D2DBE9D,28040,TRUE,10/17/2017 05:31:21 PM,2020-02-10 17:11:14,1d111239-79a0-4159-965e-f3a644b60360-0093-5703-0,1d111239-79a0-4159-965e-f3a644b60360,7,11,C48348,ROUND,,1,,G;2444,,C48330,YELLOW,,BUPROPION HYDROCHLORIDE 150 mg;,BUPROPION HYDROCHLORIDE[BUPROPION];,"SILICON DIOXIDE;HYDROXYPROPYL CELLULOSE (TYPE H);MAGNESIUM STEARATE;CELLULOSE, MICROCRYSTALLINE;HYPROMELLOSES;FERRIC OXIDE YELLOW;POLYETHYLENE GLYCOLS;POLYDEXTROSE;TITANIUM DIOXIDE;TRIACETIN;",HRX,,,,2020-02-10 16:05:37,0093-5703,0,,935703,93,5703,BUPROBAN,active,20140512,16d1b61c-c646-43b5-bce4-60142d540d1c.xml,,C42927,34391-3,,,LABELER,TEVA Pharmaceuticals USA Inc,C73584,NLM,TRUE,,4,,,TRUE,FALSE,FALSE,TRUE,TRUE
00093-5703-01_PART_1_OF_1_CHAL10_SF_7D2DBE9D.jpg,00093-5703-01,5703,TRUE,TRUE,FALSE,fcn_mix_weight/dr_224/00093-5703-01_PART_1_OF_1_CHAL10_SF_7D2DBE9D.jpg,00093-5703-01_7D2DBE9D,28040,TRUE,10/17/2017 05:31:21 PM,2020-02-10 17:11:14,1d111239-79a0-4159-965e-f3a644b60360-0093-5703-0,1d111239-79a0-4159-965e-f3a644b60360,7,11,C48348,ROUND,,1,,G;2444,,C48330,YELLOW,,BUPROPION HYDROCHLORIDE 150 mg;,BUPROPION HYDROCHLORIDE[BUPROPION];,"SILICON DIOXIDE;HYDROXYPROPYL CELLULOSE (TYPE H);MAGNESIUM STEARATE;CELLULOSE, MICROCRYSTALLINE;HYPROMELLOSES;FERRIC OXIDE YELLOW;POLYETHYLENE GLYCOLS;POLYDEXTROSE;TITANIUM DIOXIDE;TRIACETIN;",HRX,,,,2020-02-10 16:05:37,0093-5703,0,,935703,93,5703,BUPROBAN,active,20140512,16d1b61c-c646-43b5-bce4-60142d540d1c.xml,,C42927,34391-3,,,LABELER,TEVA Pharmaceuticals USA Inc,C73584,NLM,TRUE,,4,,,TRUE,FALSE,FALSE,TRUE,TRUE
00093-5710-01_PART_1_OF_1_CHAL10_SB_3F2B9FCC.jpg,00093-5710-01,5710,TRUE,FALSE,FALSE,fcn_mix_weight/dr_224/00093-5710-01_PART_1_OF_1_CHAL10_SB_3F2B9FCC.jpg,00093-5710-01_3F2B9FCC,22633,TRUE,10/17/2017 05:30:58 PM,10/17/2017 05:30:58 PM,12020b5c-f667-4db3-8ae2-8d08c60b48d8-0093-5710-0,12020b5c-f667-4db3-8ae2-8d08c60b48d8,13,,C48345,OVAL,,1,,5710;1;25;250,,C48330,YELLOW,,GLYBURIDE 1.25 mg;METFORMIN HYDROCHLORIDE 250 mg;,GLYBURIDE[GLYBURIDE];METFORMIN HYDROCHLORIDE[METFORMIN];,"COPOVIDONE K25-31;CROSPOVIDONE;HYPROMELLOSE 2910 (5 MPA.S);HYPROMELLOSE 2910 (3 MPA.S);HYPROMELLOSE 2910 (15 MPA.S);MAGNESIUM STEARATE;CELLULOSE, MICROCRYSTALLINE;POLYETHYLENE GLYCOL 400;POLYSORBATE 80;TALC;TITANIUM DIOXIDE;D&C YELLOW NO. 10;ALUMINUM OXIDE;FD&C RED NO. 40;",HRX,,Glyburide 1.25 MG / Metformin hydrochloride 250 MG Oral Tablet,861743,,0093-5710,0,,935710,93,5710,Glyburide and Metformin Hydrochloride,active,20140124,f6e1b46f-48d8-412e-a33d-2025ad38efd9.xml,,C42931,34391-3,,,LABELER,Teva Pharmaceuticals USA Inc,C73584,NLM,TRUE,,17,,,FALSE,TRUE,FALSE,TRUE,TRUE
00093-5710-01_PART_1_OF_1_CHAL10_SF_3F2B9FCC.jpg,00093-5710-01,5710,TRUE,TRUE,FALSE,fcn_mix_weight/dr_224/00093-5710-01_PART_1_OF_1_CHAL10_SF_3F2B9FCC.jpg,00093-5710-01_3F2B9FCC,22633,TRUE,10/17/2017 05:30:58 PM,10/17/2017 05:30:58 PM,12020b5c-f667-4db3-8ae2-8d08c60b48d8-0093-5710-0,12020b5c-f667-4db3-8ae2-8d08c60b48d8,13,,C48345,OVAL,,1,,5710;1;25;250,,C48330,YELLOW,,GLYBURIDE 1.25 mg;METFORMIN HYDROCHLORIDE 250 mg;,GLYBURIDE[GLYBURIDE];METFORMIN HYDROCHLORIDE[METFORMIN];,"COPOVIDONE K25-31;CROSPOVIDONE;HYPROMELLOSE 2910 (5 MPA.S);HYPROMELLOSE 2910 (3 MPA.S);HYPROMELLOSE 2910 (15 MPA.S);MAGNESIUM STEARATE;CELLULOSE, MICROCRYSTALLINE;POLYETHYLENE GLYCOL 400;POLYSORBATE 80;TALC;TITANIUM DIOXIDE;D&C YELLOW NO. 10;ALUMINUM OXIDE;FD&C RED NO. 40;",HRX,,Glyburide 1.25 MG / Metformin hydrochloride 250 MG Oral Tablet,861743,,0093-5710,0,,935710,93,5710,Glyburide and Metformin Hydrochloride,active,20140124,f6e1b46f-48d8-412e-a33d-2025ad38efd9.xml,,C42931,34391-3,,,LABELER,Teva Pharmaceuticals USA Inc,C73584,NLM,TRUE,,17,,,FALSE,TRUE,FALSE,TRUE,TRUE
00093-5711-01_PART_1_OF_1_CHAL10_SB_3A2B9D5C.jpg,00093-5711-01,5711,TRUE,FALSE,FALSE,fcn_mix_weight/dr_224/00093-5711-01_PART_1_OF_1_CHAL10_SB_3A2B9D5C.jpg,00093-5711-01_3A2B9D5C,18954,TRUE,10/17/2017 05:30:42 PM,10/17/2017 05:30:42 PM,12020b5c-f667-4db3-8ae2-8d08c60b48d8-0093-5711-0,12020b5c-f667-4db3-8ae2-8d08c60b48d8,16,,C48345,OVAL,,1,,5711;2;5;500,,C48331,ORANGE,,GLYBURIDE 2.5 mg;METFORMIN HYDROCHLORIDE 500 mg;,GLYBURIDE[GLYBURIDE];METFORMIN HYDROCHLORIDE[METFORMIN];,"COPOVIDONE K25-31;CROSPOVIDONE;HYPROMELLOSE 2910 (5 MPA.S);HYPROMELLOSE 2910 (3 MPA.S);HYPROMELLOSE 2910 (15 MPA.S);MAGNESIUM STEARATE;CELLULOSE, MICROCRYSTALLINE;POLYETHYLENE GLYCOL 400;POLYSORBATE 80;TALC;TITANIUM DIOXIDE;FD&C RED NO. 40;ALUMINUM OXIDE;FD&C YELLOW NO. 6;",HRX,,Glyburide 2.5 MG / Metformin hydrochloride 500 MG Oral Tablet,861748,,0093-5711,0,,935711,93,5711,Glyburide and Metformin Hydrochloride,active,20140124,f6e1b46f-48d8-412e-a33d-2025ad38efd9.xml,,C42931,34391-3,,,LABELER,Teva Pharmaceuticals USA Inc,C73584,NLM,TRUE,,17,,,FALSE,TRUE,FALSE,TRUE,TRUE
00093-5711-01_PART_1_OF_1_CHAL10_SF_3A2B9D5C.jpg,00093-5711-01,5711,TRUE,TRUE,FALSE,fcn_mix_weight/dr_224/00093-5711-01_PART_1_OF_1_CHAL10_SF_3A2B9D5C.jpg,00093-5711-01_3A2B9D5C,18954,TRUE,10/17/2017 05:30:42 PM,10/17/2017 05:30:42 PM,12020b5c-f667-4db3-8ae2-8d08c60b48d8-0093-5711-0,12020b5c-f667-4db3-8ae2-8d08c60b48d8,16,,C48345,OVAL,,1,,5711;2;5;500,,C48331,ORANGE,,GLYBURIDE 2.5 mg;METFORMIN HYDROCHLORIDE 500 mg;,GLYBURIDE[GLYBURIDE];METFORMIN HYDROCHLORIDE[METFORMIN];,"COPOVIDONE K25-31;CROSPOVIDONE;HYPROMELLOSE 2910 (5 MPA.S);HYPROMELLOSE 2910 (3 MPA.S);HYPROMELLOSE 2910 (15 MPA.S);MAGNESIUM STEARATE;CELLULOSE, MICROCRYSTALLINE;POLYETHYLENE GLYCOL 400;POLYSORBATE 80;TALC;TITANIUM DIOXIDE;FD&C RED NO. 40;ALUMINUM OXIDE;FD&C YELLOW NO. 6;",HRX,,Glyburide 2.5 MG / Metformin hydrochloride 500 MG Oral Tablet,861748,,0093-5711,0,,935711,93,5711,Glyburide and Metformin Hydrochloride,active,20140124,f6e1b46f-48d8-412e-a33d-2025ad38efd9.xml,,C42931,34391-3,,,LABELER,Teva Pharmaceuticals USA Inc,C73584,NLM,TRUE,,17,,,FALSE,TRUE,FALSE,TRUE,TRUE
00093-5768-56_PART_1_OF_1_CHAL10_SB_7A1C3D41.jpg,00093-5768-56,5768,TRUE,FALSE,FALSE,fcn_mix_weight/dr_224/00093-5768-56_PART_1_OF_1_CHAL10_SB_7A1C3D41.jpg,00093-5768-56_7A1C3D41,17341,TRUE,10/17/2017 05:30:35 PM,2020-02-10 17:07:52,f6ec3e3e-24c3-4360-b712-ca6017af1347-0093-5768-0,f6ec3e3e-24c3-4360-b712-ca6017af1347,8,,C48348,ROUND,,1,,TEVA;5768,,C48325,WHITE,,OLANZAPINE 5 mg;,OLANZAPINE[OLANZAPINE];,ANHYDROUS LACTOSE;CARRAGEENAN;CROSPOVIDONE (15 MPA.S AT 5%);MAGNESIUM STEARATE;MICROCRYSTALLINE CELLULOSE;POLYETHYLENE GLYCOL 8000;TITANIUM DIOXIDE;,HRX,SCD,olanzapine 5 MG Oral Tablet,312078,2020-02-10 15:46:59,0093-5768,0,,935768,93,5768,Olanzapine,active,20170324,30a50dd0-2f19-40af-9bd5-c26ad58497ab.xml,,C42931,34391-3,,,LABELER,"Teva Pharmaceuticals USA, Inc.",C73584,NLM,TRUE,,12,,,TRUE,FALSE,FALSE,TRUE,TRUE
00093-5768-56_PART_1_OF_1_CHAL10_SF_7A1C3D41.jpg,00093-5768-56,5768,TRUE,TRUE,FALSE,fcn_mix_weight/dr_224/00093-5768-56_PART_1_OF_1_CHAL10_SF_7A1C3D41.jpg,00093-5768-56_7A1C3D41,17341,TRUE,10/17/2017 05:30:35 PM,2020-02-10 17:07:52,f6ec3e3e-24c3-4360-b712-ca6017af1347-0093-5768-0,f6ec3e3e-24c3-4360-b712-ca6017af1347,8,,C48348,ROUND,,1,,TEVA;5768,,C48325,WHITE,,OLANZAPINE 5 mg;,OLANZAPINE[OLANZAPINE];,ANHYDROUS LACTOSE;CARRAGEENAN;CROSPOVIDONE (15 MPA.S AT 5%);MAGNESIUM STEARATE;MICROCRYSTALLINE CELLULOSE;POLYETHYLENE GLYCOL 8000;TITANIUM DIOXIDE;,HRX,SCD,olanzapine 5 MG Oral Tablet,312078,2020-02-10 15:46:59,0093-5768,0,,935768,93,5768,Olanzapine,active,20170324,30a50dd0-2f19-40af-9bd5-c26ad58497ab.xml,,C42931,34391-3,,,LABELER,"Teva Pharmaceuticals USA, Inc.",C73584,NLM,TRUE,,12,,,TRUE,FALSE,FALSE,TRUE,TRUE
00093-5769-56_PART_1_OF_1_CHAL10_SB_F227F97F.jpg,00093-5769-56,5769,TRUE,FALSE,FALSE,fcn_mix_weight/dr_224/00093-5769-56_PART_1_OF_1_CHAL10_SB_F227F97F.jpg,00093-5769-56_F227F97F,17018,TRUE,10/17/2017 05:30:34 PM,2020-02-10 17:07:52,f6ec3e3e-24c3-4360-b712-ca6017af1347-0093-5769-0,f6ec3e3e-24c3-4360-b712-ca6017af1347,9,,C48348,ROUND,,1,,TEVA;5769,,C48325,WHITE,,OLANZAPINE 7.5 mg;,OLANZAPINE[OLANZAPINE];,ANHYDROUS LACTOSE;CARRAGEENAN;CROSPOVIDONE (15 MPA.S AT 5%);MAGNESIUM STEARATE;MICROCRYSTALLINE CELLULOSE;POLYETHYLENE GLYCOL 8000;TITANIUM DIOXIDE;,HRX,SCD,olanzapine 7.5 MG Oral Tablet,312079,2020-02-10 15:46:58,0093-5769,0,,935769,93,5769,Olanzapine,active,20170324,30a50dd0-2f19-40af-9bd5-c26ad58497ab.xml,,C42931,34391-3,,,LABELER,"Teva Pharmaceuticals USA, Inc.",C73584,NLM,TRUE,,12,,,TRUE,FALSE,FALSE,TRUE,TRUE
00093-5769-56_PART_1_OF_1_CHAL10_SF_F227F97F.jpg,00093-5769-56,5769,TRUE,TRUE,FALSE,fcn_mix_weight/dr_224/00093-5769-56_PART_1_OF_1_CHAL10_SF_F227F97F.jpg,00093-5769-56_F227F97F,17018,TRUE,10/17/2017 05:30:34 PM,2020-02-10 17:07:52,f6ec3e3e-24c3-4360-b712-ca6017af1347-0093-5769-0,f6ec3e3e-24c3-4360-b712-ca6017af1347,9,,C48348,ROUND,,1,,TEVA;5769,,C48325,WHITE,,OLANZAPINE 7.5 mg;,OLANZAPINE[OLANZAPINE];,ANHYDROUS LACTOSE;CARRAGEENAN;CROSPOVIDONE (15 MPA.S AT 5%);MAGNESIUM STEARATE;MICROCRYSTALLINE CELLULOSE;POLYETHYLENE GLYCOL 8000;TITANIUM DIOXIDE;,HRX,SCD,olanzapine 7.5 MG Oral Tablet,312079,2020-02-10 15:46:58,0093-5769,0,,935769,93,5769,Olanzapine,active,20170324,30a50dd0-2f19-40af-9bd5-c26ad58497ab.xml,,C42931,34391-3,,,LABELER,"Teva Pharmaceuticals USA, Inc.",C73584,NLM,TRUE,,12,,,TRUE,FALSE,FALSE,TRUE,TRUE
00093-5770-56_PART_1_OF_1_CHAL10_SB_E927F4FF.jpg,00093-5770-56,5770,TRUE,FALSE,FALSE,fcn_mix_weight/dr_224/00093-5770-56_PART_1_OF_1_CHAL10_SB_E927F4FF.jpg,00093-5770-56_E927F4FF,39490,TRUE,10/17/2017 05:32:12 PM,2020-02-10 17:10:31,f6ec3e3e-24c3-4360-b712-ca6017af1347-0093-5770-0,f6ec3e3e-24c3-4360-b712-ca6017af1347,10,,C48348,ROUND,,1,,TEVA;5770,,C48325,WHITE,,OLANZAPINE 10 mg;,OLANZAPINE[OLANZAPINE];,ANHYDROUS LACTOSE;CARRAGEENAN;CROSPOVIDONE (15 MPA.S AT 5%);MAGNESIUM STEARATE;MICROCRYSTALLINE CELLULOSE;POLYETHYLENE GLYCOL 8000;TITANIUM DIOXIDE;,HRX,SCD,olanzapine 10 MG Oral Tablet,314154,2020-02-10 16:01:57,0093-5770,0,,935770,93,5770,Olanzapine,active,20170324,30a50dd0-2f19-40af-9bd5-c26ad58497ab.xml,,C42931,34391-3,,,LABELER,"Teva Pharmaceuticals USA, Inc.",C73584,NLM,TRUE,,12,,,TRUE,FALSE,FALSE,TRUE,TRUE
00093-5770-56_PART_1_OF_1_CHAL10_SF_E927F4FF.jpg,00093-5770-56,5770,TRUE,TRUE,FALSE,fcn_mix_weight/dr_224/00093-5770-56_PART_1_OF_1_CHAL10_SF_E927F4FF.jpg,00093-5770-56_E927F4FF,39490,TRUE,10/17/2017 05:32:12 PM,2020-02-10 17:10:31,f6ec3e3e-24c3-4360-b712-ca6017af1347-0093-5770-0,f6ec3e3e-24c3-4360-b712-ca6017af1347,10,,C48348,ROUND,,1,,TEVA;5770,,C48325,WHITE,,OLANZAPINE 10 mg;,OLANZAPINE[OLANZAPINE];,ANHYDROUS LACTOSE;CARRAGEENAN;CROSPOVIDONE (15 MPA.S AT 5%);MAGNESIUM STEARATE;MICROCRYSTALLINE CELLULOSE;POLYETHYLENE GLYCOL 8000;TITANIUM DIOXIDE;,HRX,SCD,olanzapine 10 MG Oral Tablet,314154,2020-02-10 16:01:57,0093-5770,0,,935770,93,5770,Olanzapine,active,20170324,30a50dd0-2f19-40af-9bd5-c26ad58497ab.xml,,C42931,34391-3,,,LABELER,"Teva Pharmaceuticals USA, Inc.",C73584,NLM,TRUE,,12,,,TRUE,FALSE,FALSE,TRUE,TRUE
00093-7114-98_PART_1_OF_1_CHAL10_SB_8A2BC51E.jpg,00093-7114-98,7114,TRUE,FALSE,FALSE,fcn_mix_weight/dr_224/00093-7114-98_PART_1_OF_1_CHAL10_SB_8A2BC51E.jpg,00093-7114-98_8A2BC51E,36133,TRUE,10/17/2017 05:31:57 PM,10/17/2017 05:31:57 PM,9eaec71a-3641-4afd-8d92-91c89d9a6edd-0093-7114-0,9eaec71a-3641-4afd-8d92-91c89d9a6edd,6,,C48348,ROUND,,2,,9;3;7114,,C48330,YELLOW,,PAROXETINE HYDROCHLORIDE ANHYDROUS 10 mg;,PAROXETINE HYDROCHLORIDE ANHYDROUS[PAROXETINE];,CALCIUM PHOSPHATE;HYPROMELLOSE 2910 (3 MPA.S);HYPROMELLOSE 2910 (6 MPA.S);MAGNESIUM STEARATE;POLYETHYLENE GLYCOL 400;POLYSORBATE 80;POVIDONE K30;SODIUM STARCH GLYCOLATE TYPE A POTATO;TITANIUM DIOXIDE;FD&C YELLOW NO. 5;FD&C YELLOW NO. 6;ALUMINUM OXIDE;,HRX,,Paroxetine Hydrochloride 10 MG Oral Tablet,1738483,,0093-7114,0,,937114,93,7114,Paroxetine,active,20140902,c8d0f8ca-15a3-4987-bc72-17e03ae4b510.xml,,C42931,34391-3,,,LABELER,Teva Pharmaceuticals USA Inc,C73584,NLM,TRUE,,10,,,FALSE,TRUE,FALSE,FALSE,TRUE
00093-7114-98_PART_1_OF_1_CHAL10_SF_8A2BC51E.jpg,00093-7114-98,7114,TRUE,TRUE,FALSE,fcn_mix_weight/dr_224/00093-7114-98_PART_1_OF_1_CHAL10_SF_8A2BC51E.jpg,00093-7114-98_8A2BC51E,36133,TRUE,10/17/2017 05:31:57 PM,10/17/2017 05:31:57 PM,9eaec71a-3641-4afd-8d92-91c89d9a6edd-0093-7114-0,9eaec71a-3641-4afd-8d92-91c89d9a6edd,6,,C48348,ROUND,,2,,9;3;7114,,C48330,YELLOW,,PAROXETINE HYDROCHLORIDE ANHYDROUS 10 mg;,PAROXETINE HYDROCHLORIDE ANHYDROUS[PAROXETINE];,CALCIUM PHOSPHATE;HYPROMELLOSE 2910 (3 MPA.S);HYPROMELLOSE 2910 (6 MPA.S);MAGNESIUM STEARATE;POLYETHYLENE GLYCOL 400;POLYSORBATE 80;POVIDONE K30;SODIUM STARCH GLYCOLATE TYPE A POTATO;TITANIUM DIOXIDE;FD&C YELLOW NO. 5;FD&C YELLOW NO. 6;ALUMINUM OXIDE;,HRX,,Paroxetine Hydrochloride 10 MG Oral Tablet,1738483,,0093-7114,0,,937114,93,7114,Paroxetine,active,20140902,c8d0f8ca-15a3-4987-bc72-17e03ae4b510.xml,,C42931,34391-3,,,LABELER,Teva Pharmaceuticals USA Inc,C73584,NLM,TRUE,,10,,,FALSE,TRUE,FALSE,FALSE,TRUE
00093-7115-98_PART_1_OF_1_CHAL10_SB_36269B64.jpg,00093-7115-98,7115,TRUE,FALSE,FALSE,fcn_mix_weight/dr_224/00093-7115-98_PART_1_OF_1_CHAL10_SB_36269B64.jpg,00093-7115-98_36269B64,24129,TRUE,10/17/2017 05:31:04 PM,10/17/2017 05:31:04 PM,9eaec71a-3641-4afd-8d92-91c89d9a6edd-0093-7115-0,9eaec71a-3641-4afd-8d92-91c89d9a6edd,7,,C48348,ROUND,,2,,9;3;7115,,C48328,PINK,,PAROXETINE HYDROCHLORIDE ANHYDROUS 20 mg;,PAROXETINE HYDROCHLORIDE ANHYDROUS[PAROXETINE];,CALCIUM PHOSPHATE;HYPROMELLOSE 2910 (3 MPA.S);HYPROMELLOSE 2910 (6 MPA.S);MAGNESIUM STEARATE;POLYETHYLENE GLYCOL 400;POLYSORBATE 80;POVIDONE K30;SODIUM STARCH GLYCOLATE TYPE A POTATO;TITANIUM DIOXIDE;FD&C RED NO. 40;ALUMINUM OXIDE;PIGMENT RED 5;,HRX,,Paroxetine Hydrochloride 20 MG Oral Tablet,1738495,,0093-7115,0,,937115,93,7115,Paroxetine,active,20140902,c8d0f8ca-15a3-4987-bc72-17e03ae4b510.xml,,C42931,34391-3,,,LABELER,Teva Pharmaceuticals USA Inc,C73584,NLM,TRUE,,10,,,FALSE,TRUE,FALSE,FALSE,TRUE
00093-7115-98_PART_1_OF_1_CHAL10_SB_732BB9AD.jpg,00093-7115-98,7115,TRUE,FALSE,FALSE,fcn_mix_weight/dr_224/00093-7115-98_PART_1_OF_1_CHAL10_SB_732BB9AD.jpg,00093-7115-98_732BB9AD,24129,TRUE,10/17/2017 05:31:04 PM,10/17/2017 05:31:04 PM,9eaec71a-3641-4afd-8d92-91c89d9a6edd-0093-7115-0,9eaec71a-3641-4afd-8d92-91c89d9a6edd,7,,C48348,ROUND,,2,,9;3;7115,,C48328,PINK,,PAROXETINE HYDROCHLORIDE ANHYDROUS 20 mg;,PAROXETINE HYDROCHLORIDE ANHYDROUS[PAROXETINE];,CALCIUM PHOSPHATE;HYPROMELLOSE 2910 (3 MPA.S);HYPROMELLOSE 2910 (6 MPA.S);MAGNESIUM STEARATE;POLYETHYLENE GLYCOL 400;POLYSORBATE 80;POVIDONE K30;SODIUM STARCH GLYCOLATE TYPE A POTATO;TITANIUM DIOXIDE;FD&C RED NO. 40;ALUMINUM OXIDE;PIGMENT RED 5;,HRX,,Paroxetine Hydrochloride 20 MG Oral Tablet,1738495,,0093-7115,0,,937115,93,7115,Paroxetine,active,20140902,c8d0f8ca-15a3-4987-bc72-17e03ae4b510.xml,,C42931,34391-3,,,LABELER,Teva Pharmaceuticals USA Inc,C73584,NLM,TRUE,,10,,,FALSE,TRUE,FALSE,FALSE,TRUE
00093-7115-98_PART_1_OF_1_CHAL10_SF_36269B64.jpg,00093-7115-98,7115,TRUE,TRUE,FALSE,fcn_mix_weight/dr_224/00093-7115-98_PART_1_OF_1_CHAL10_SF_36269B64.jpg,00093-7115-98_36269B64,24129,TRUE,10/17/2017 05:31:04 PM,10/17/2017 05:31:04 PM,9eaec71a-3641-4afd-8d92-91c89d9a6edd-0093-7115-0,9eaec71a-3641-4afd-8d92-91c89d9a6edd,7,,C48348,ROUND,,2,,9;3;7115,,C48328,PINK,,PAROXETINE HYDROCHLORIDE ANHYDROUS 20 mg;,PAROXETINE HYDROCHLORIDE ANHYDROUS[PAROXETINE];,CALCIUM PHOSPHATE;HYPROMELLOSE 2910 (3 MPA.S);HYPROMELLOSE 2910 (6 MPA.S);MAGNESIUM STEARATE;POLYETHYLENE GLYCOL 400;POLYSORBATE 80;POVIDONE K30;SODIUM STARCH GLYCOLATE TYPE A POTATO;TITANIUM DIOXIDE;FD&C RED NO. 40;ALUMINUM OXIDE;PIGMENT RED 5;,HRX,,Paroxetine Hydrochloride 20 MG Oral Tablet,1738495,,0093-7115,0,,937115,93,7115,Paroxetine,active,20140902,c8d0f8ca-15a3-4987-bc72-17e03ae4b510.xml,,C42931,34391-3,,,LABELER,Teva Pharmaceuticals USA Inc,C73584,NLM,TRUE,,10,,,FALSE,TRUE,FALSE,FALSE,TRUE
00093-7115-98_PART_1_OF_1_CHAL10_SF_732BB9AD.jpg,00093-7115-98,7115,TRUE,TRUE,FALSE,fcn_mix_weight/dr_224/00093-7115-98_PART_1_OF_1_CHAL10_SF_732BB9AD.jpg,00093-7115-98_732BB9AD,24129,TRUE,10/17/2017 05:31:04 PM,10/17/2017 05:31:04 PM,9eaec71a-3641-4afd-8d92-91c89d9a6edd-0093-7115-0,9eaec71a-3641-4afd-8d92-91c89d9a6edd,7,,C48348,ROUND,,2,,9;3;7115,,C48328,PINK,,PAROXETINE HYDROCHLORIDE ANHYDROUS 20 mg;,PAROXETINE HYDROCHLORIDE ANHYDROUS[PAROXETINE];,CALCIUM PHOSPHATE;HYPROMELLOSE 2910 (3 MPA.S);HYPROMELLOSE 2910 (6 MPA.S);MAGNESIUM STEARATE;POLYETHYLENE GLYCOL 400;POLYSORBATE 80;POVIDONE K30;SODIUM STARCH GLYCOLATE TYPE A POTATO;TITANIUM DIOXIDE;FD&C RED NO. 40;ALUMINUM OXIDE;PIGMENT RED 5;,HRX,,Paroxetine Hydrochloride 20 MG Oral Tablet,1738495,,0093-7115,0,,937115,93,7115,Paroxetine,active,20140902,c8d0f8ca-15a3-4987-bc72-17e03ae4b510.xml,,C42931,34391-3,,,LABELER,Teva Pharmaceuticals USA Inc,C73584,NLM,TRUE,,10,,,FALSE,TRUE,FALSE,FALSE,TRUE
00093-7116-98_PART_1_OF_1_CHAL10_SB_6F2BB79D.jpg,00093-7116-98,7116,TRUE,FALSE,FALSE,fcn_mix_weight/dr_224/00093-7116-98_PART_1_OF_1_CHAL10_SB_6F2BB79D.jpg,00093-7116-98_6F2BB79D,42842,TRUE,10/17/2017 05:32:27 PM,10/17/2017 05:32:27 PM,9eaec71a-3641-4afd-8d92-91c89d9a6edd-0093-7116-0,9eaec71a-3641-4afd-8d92-91c89d9a6edd,9,,C48348,ROUND,,1,,93;7116,,C48333,BLUE,,PAROXETINE HYDROCHLORIDE ANHYDROUS 30 mg;,PAROXETINE HYDROCHLORIDE ANHYDROUS[PAROXETINE];,CALCIUM PHOSPHATE;HYPROMELLOSE 2910 (3 MPA.S);HYPROMELLOSE 2910 (6 MPA.S);MAGNESIUM STEARATE;POLYETHYLENE GLYCOL 400;POLYSORBATE 80;POVIDONE K30;SODIUM STARCH GLYCOLATE TYPE A POTATO;TITANIUM DIOXIDE;FD&C BLUE NO. 2;INDIGOTINDISULFONATE SODIUM;ALUMINUM OXIDE;,HRX,,Paroxetine Hydrochloride 30 MG Oral Tablet,1738503,,0093-7116,0,,937116,93,7116,Paroxetine,active,20140902,c8d0f8ca-15a3-4987-bc72-17e03ae4b510.xml,,C42931,34391-3,,,LABELER,Teva Pharmaceuticals USA Inc,C73584,NLM,TRUE,,10,,,FALSE,TRUE,FALSE,FALSE,TRUE
00093-7116-98_PART_1_OF_1_CHAL10_SF_6F2BB79D.jpg,00093-7116-98,7116,TRUE,TRUE,FALSE,fcn_mix_weight/dr_224/00093-7116-98_PART_1_OF_1_CHAL10_SF_6F2BB79D.jpg,00093-7116-98_6F2BB79D,42842,TRUE,10/17/2017 05:32:27 PM,10/17/2017 05:32:27 PM,9eaec71a-3641-4afd-8d92-91c89d9a6edd-0093-7116-0,9eaec71a-3641-4afd-8d92-91c89d9a6edd,9,,C48348,ROUND,,1,,93;7116,,C48333,BLUE,,PAROXETINE HYDROCHLORIDE ANHYDROUS 30 mg;,PAROXETINE HYDROCHLORIDE ANHYDROUS[PAROXETINE];,CALCIUM PHOSPHATE;HYPROMELLOSE 2910 (3 MPA.S);HYPROMELLOSE 2910 (6 MPA.S);MAGNESIUM STEARATE;POLYETHYLENE GLYCOL 400;POLYSORBATE 80;POVIDONE K30;SODIUM STARCH GLYCOLATE TYPE A POTATO;TITANIUM DIOXIDE;FD&C BLUE NO. 2;INDIGOTINDISULFONATE SODIUM;ALUMINUM OXIDE;,HRX,,Paroxetine Hydrochloride 30 MG Oral Tablet,1738503,,0093-7116,0,,937116,93,7116,Paroxetine,active,20140902,c8d0f8ca-15a3-4987-bc72-17e03ae4b510.xml,,C42931,34391-3,,,LABELER,Teva Pharmaceuticals USA Inc,C73584,NLM,TRUE,,10,,,FALSE,TRUE,FALSE,FALSE,TRUE
00093-7121-98_PART_1_OF_1_CHAL10_SB_5D2BAE9D.jpg,00093-7121-98,7121,TRUE,FALSE,FALSE,fcn_mix_weight/dr_224/00093-7121-98_PART_1_OF_1_CHAL10_SB_5D2BAE9D.jpg,00093-7121-98_5D2BAE9D,35768,TRUE,10/17/2017 05:31:56 PM,10/17/2017 05:31:56 PM,9eaec71a-3641-4afd-8d92-91c89d9a6edd-0093-7121-0,9eaec71a-3641-4afd-8d92-91c89d9a6edd,9,,C48348,ROUND,,1,,93;7121,,C48329,GREEN,,PAROXETINE HYDROCHLORIDE ANHYDROUS 40 mg;,PAROXETINE HYDROCHLORIDE ANHYDROUS[PAROXETINE];,CALCIUM PHOSPHATE;HYPROMELLOSE 2910 (3 MPA.S);HYPROMELLOSE 2910 (6 MPA.S);MAGNESIUM STEARATE;POLYETHYLENE GLYCOL 400;POLYSORBATE 80;POVIDONE K30;SODIUM STARCH GLYCOLATE TYPE A POTATO;TITANIUM DIOXIDE;FD&C YELLOW NO. 5;ALUMINUM OXIDE;FD&C BLUE NO. 2;INDIGOTINDISULFONATE SODIUM;FD&C BLUE NO. 1;,HRX,,Paroxetine Hydrochloride 40 MG Oral Tablet,1738511,,0093-7121,0,,937121,93,7121,Paroxetine,active,20140902,c8d0f8ca-15a3-4987-bc72-17e03ae4b510.xml,,C42931,34391-3,,,LABELER,Teva Pharmaceuticals USA Inc,C73584,NLM,TRUE,,10,,,FALSE,TRUE,FALSE,FALSE,TRUE
00093-7121-98_PART_1_OF_1_CHAL10_SF_5D2BAE9D.jpg,00093-7121-98,7121,TRUE,TRUE,FALSE,fcn_mix_weight/dr_224/00093-7121-98_PART_1_OF_1_CHAL10_SF_5D2BAE9D.jpg,00093-7121-98_5D2BAE9D,35768,TRUE,10/17/2017 05:31:56 PM,10/17/2017 05:31:56 PM,9eaec71a-3641-4afd-8d92-91c89d9a6edd-0093-7121-0,9eaec71a-3641-4afd-8d92-91c89d9a6edd,9,,C48348,ROUND,,1,,93;7121,,C48329,GREEN,,PAROXETINE HYDROCHLORIDE ANHYDROUS 40 mg;,PAROXETINE HYDROCHLORIDE ANHYDROUS[PAROXETINE];,CALCIUM PHOSPHATE;HYPROMELLOSE 2910 (3 MPA.S);HYPROMELLOSE 2910 (6 MPA.S);MAGNESIUM STEARATE;POLYETHYLENE GLYCOL 400;POLYSORBATE 80;POVIDONE K30;SODIUM STARCH GLYCOLATE TYPE A POTATO;TITANIUM DIOXIDE;FD&C YELLOW NO. 5;ALUMINUM OXIDE;FD&C BLUE NO. 2;INDIGOTINDISULFONATE SODIUM;FD&C BLUE NO. 1;,HRX,,Paroxetine Hydrochloride 40 MG Oral Tablet,1738511,,0093-7121,0,,937121,93,7121,Paroxetine,active,20140902,c8d0f8ca-15a3-4987-bc72-17e03ae4b510.xml,,C42931,34391-3,,,LABELER,Teva Pharmaceuticals USA Inc,C73584,NLM,TRUE,,10,,,FALSE,TRUE,FALSE,FALSE,TRUE
00093-7146-18_PART_1_OF_1_CHAL10_SB_5D242E91.jpg,00093-7146-18,7146,TRUE,FALSE,FALSE,fcn_mix_weight/dr_224/00093-7146-18_PART_1_OF_1_CHAL10_SB_5D242E91.jpg,00093-7146-18_5D242E91,31908,TRUE,10/17/2017 05:31:38 PM,2020-02-10 17:07:12,d0a35bcc-32c8-476e-94ff-a42c230cc7de-0093-7146-0,d0a35bcc-32c8-476e-94ff-a42c230cc7de,14,,C48345,OVAL,,1,,93;7146,,C48328,PINK,,AZITHROMYCIN MONOHYDRATE 250 mg;,AZITHROMYCIN MONOHYDRATE[AZITHROMYCIN ANHYDROUS];,"BUTYLATED HYDROXYTOLUENE;ANHYDROUS DIBASIC CALCIUM PHOSPHATE;CARMINIC ACID;SILICON DIOXIDE;FD&C RED NO. 40;FD&C YELLOW NO. 6;HYPROMELLOSE 2910 (15 MPA.S);LACTOSE MONOHYDRATE;MAGNESIUM STEARATE;STARCH, CORN;SODIUM LAURYL SULFATE;TALC;TITANIUM DIOXIDE;TRIACETIN;",HRX,SCD,azithromycin 250 MG Oral Tablet,308460,2020-02-10 15:43:10,0093-7146,0,,937146,93,7146,Azithromycin,active,20170421,a51a04f1-1c7e-4b6c-ab59-cc50f2567a48.xml,,C42931,34391-3,,,LABELER,"Teva Pharmaceuticals USA, Inc.",C73584,NLM,TRUE,,21,,,TRUE,FALSE,FALSE,TRUE,TRUE
00093-7146-18_PART_1_OF_1_CHAL10_SF_5D242E91.jpg,00093-7146-18,7146,TRUE,TRUE,FALSE,fcn_mix_weight/dr_224/00093-7146-18_PART_1_OF_1_CHAL10_SF_5D242E91.jpg,00093-7146-18_5D242E91,31908,TRUE,10/17/2017 05:31:38 PM,2020-02-10 17:07:12,d0a35bcc-32c8-476e-94ff-a42c230cc7de-0093-7146-0,d0a35bcc-32c8-476e-94ff-a42c230cc7de,14,,C48345,OVAL,,1,,93;7146,,C48328,PINK,,AZITHROMYCIN MONOHYDRATE 250 mg;,AZITHROMYCIN MONOHYDRATE[AZITHROMYCIN ANHYDROUS];,"BUTYLATED HYDROXYTOLUENE;ANHYDROUS DIBASIC CALCIUM PHOSPHATE;CARMINIC ACID;SILICON DIOXIDE;FD&C RED NO. 40;FD&C YELLOW NO. 6;HYPROMELLOSE 2910 (15 MPA.S);LACTOSE MONOHYDRATE;MAGNESIUM STEARATE;STARCH, CORN;SODIUM LAURYL SULFATE;TALC;TITANIUM DIOXIDE;TRIACETIN;",HRX,SCD,azithromycin 250 MG Oral Tablet,308460,2020-02-10 15:43:10,0093-7146,0,,937146,93,7146,Azithromycin,active,20170421,a51a04f1-1c7e-4b6c-ab59-cc50f2567a48.xml,,C42931,34391-3,,,LABELER,"Teva Pharmaceuticals USA, Inc.",C73584,NLM,TRUE,,21,,,TRUE,FALSE,FALSE,TRUE,TRUE
00093-7147-56_PART_1_OF_1_CHAL10_SB_432BA1DD.jpg,00093-7147-56,7147,TRUE,FALSE,FALSE,fcn_mix_weight/dr_224/00093-7147-56_PART_1_OF_1_CHAL10_SB_432BA1DD.jpg,00093-7147-56_432BA1DD,28998,TRUE,10/17/2017 05:31:25 PM,2020-02-10 17:00:37,ee77db05-991c-4467-a299-5e79554c7f5d-0093-7147-0,ee77db05-991c-4467-a299-5e79554c7f5d,19,,C48345,OVAL,,1,,93;7147,,C48325,WHITE,,AZITHROMYCIN MONOHYDRATE 600 mg;,AZITHROMYCIN MONOHYDRATE[AZITHROMYCIN ANHYDROUS];,"BUTYLATED HYDROXYTOLUENE;ANHYDROUS DIBASIC CALCIUM PHOSPHATE;SILICON DIOXIDE;HYPROMELLOSE 2910 (15 MPA.S);LACTOSE MONOHYDRATE;MAGNESIUM STEARATE;STARCH, CORN;SODIUM LAURYL SULFATE;TALC;TITANIUM DIOXIDE;TRIACETIN;",HRX,,,,2020-02-10 16:30:27,0093-7147,0,,937147,93,7147,Azithromycin,active,20170418,6bb55b3a-1790-426e-9a68-f5fd0f0d4d62.xml,,C42931,34391-3,,,LABELER,"Teva Pharmaceuticals USA, Inc.",C73584,NLM,TRUE,,13,,,TRUE,FALSE,FALSE,TRUE,TRUE
00093-7147-56_PART_1_OF_1_CHAL10_SF_432BA1DD.jpg,00093-7147-56,7147,TRUE,TRUE,FALSE,fcn_mix_weight/dr_224/00093-7147-56_PART_1_OF_1_CHAL10_SF_432BA1DD.jpg,00093-7147-56_432BA1DD,28998,TRUE,10/17/2017 05:31:25 PM,2020-02-10 17:00:37,ee77db05-991c-4467-a299-5e79554c7f5d-0093-7147-0,ee77db05-991c-4467-a299-5e79554c7f5d,19,,C48345,OVAL,,1,,93;7147,,C48325,WHITE,,AZITHROMYCIN MONOHYDRATE 600 mg;,AZITHROMYCIN MONOHYDRATE[AZITHROMYCIN ANHYDROUS];,"BUTYLATED HYDROXYTOLUENE;ANHYDROUS DIBASIC CALCIUM PHOSPHATE;SILICON DIOXIDE;HYPROMELLOSE 2910 (15 MPA.S);LACTOSE MONOHYDRATE;MAGNESIUM STEARATE;STARCH, CORN;SODIUM LAURYL SULFATE;TALC;TITANIUM DIOXIDE;TRIACETIN;",HRX,,,,2020-02-10 16:30:27,0093-7147,0,,937147,93,7147,Azithromycin,active,20170418,6bb55b3a-1790-426e-9a68-f5fd0f0d4d62.xml,,C42931,34391-3,,,LABELER,"Teva Pharmaceuticals USA, Inc.",C73584,NLM,TRUE,,13,,,TRUE,FALSE,FALSE,TRUE,TRUE
00093-7152-98_PART_1_OF_1_CHAL10_SB_EE27F76F.jpg,00093-7152-98,7152,TRUE,FALSE,FALSE,fcn_mix_weight/dr_224/00093-7152-98_PART_1_OF_1_CHAL10_SB_EE27F76F.jpg,00093-7152-98_EE27F76F,32628,TRUE,10/17/2017 05:31:41 PM,2020-02-10 17:11:53,6336b9ee-a2f3-44cc-ae6a-43a5f68745f6-0093-7152-0,6336b9ee-a2f3-44cc-ae6a-43a5f68745f6,6,,C48348,ROUND,,1,,7152;TV,,C48330,YELLOW,,SIMVASTATIN 5 mg;,SIMVASTATIN[SIMVASTATIN];,"ASCORBIC ACID;BUTYLATED HYDROXYANISOLE;CITRIC ACID MONOHYDRATE;HYPROMELLOSE 2910 (6 MPA.S);FERRIC OXIDE RED;LACTOSE MONOHYDRATE;MAGNESIUM STEARATE;CELLULOSE, MICROCRYSTALLINE;POLYETHYLENE GLYCOL 3350;POLYETHYLENE GLYCOL 4000;STARCH, CORN;TITANIUM DIOXIDE;TRIACETIN;FERRIC OXIDE YELLOW;FERROSOFERRIC OXIDE;",HRX,SCD,simvastatin 5 MG Oral Tablet,312962,2020-02-10 15:32:57,0093-7152,0,,937152,93,7152,Simvastatin,active,20160825,f2c69260-85d9-442e-8154-eab095a13418.xml,,C42931,34391-3,,,LABELER,Teva Pharmaceuticals USA Inc,C73584,NLM,TRUE,,18,,,TRUE,FALSE,FALSE,TRUE,TRUE
00093-7152-98_PART_1_OF_1_CHAL10_SF_EE27F76F.jpg,00093-7152-98,7152,TRUE,TRUE,FALSE,fcn_mix_weight/dr_224/00093-7152-98_PART_1_OF_1_CHAL10_SF_EE27F76F.jpg,00093-7152-98_EE27F76F,32628,TRUE,10/17/2017 05:31:41 PM,2020-02-10 17:11:53,6336b9ee-a2f3-44cc-ae6a-43a5f68745f6-0093-7152-0,6336b9ee-a2f3-44cc-ae6a-43a5f68745f6,6,,C48348,ROUND,,1,,7152;TV,,C48330,YELLOW,,SIMVASTATIN 5 mg;,SIMVASTATIN[SIMVASTATIN];,"ASCORBIC ACID;BUTYLATED HYDROXYANISOLE;CITRIC ACID MONOHYDRATE;HYPROMELLOSE 2910 (6 MPA.S);FERRIC OXIDE RED;LACTOSE MONOHYDRATE;MAGNESIUM STEARATE;CELLULOSE, MICROCRYSTALLINE;POLYETHYLENE GLYCOL 3350;POLYETHYLENE GLYCOL 4000;STARCH, CORN;TITANIUM DIOXIDE;TRIACETIN;FERRIC OXIDE YELLOW;FERROSOFERRIC OXIDE;",HRX,SCD,simvastatin 5 MG Oral Tablet,312962,2020-02-10 15:32:57,0093-7152,0,,937152,93,7152,Simvastatin,active,20160825,f2c69260-85d9-442e-8154-eab095a13418.xml,,C42931,34391-3,,,LABELER,Teva Pharmaceuticals USA Inc,C73584,NLM,TRUE,,18,,,TRUE,FALSE,FALSE,TRUE,TRUE
00093-7153-56_PART_1_OF_1_CHAL10_SB_E527F2EF.jpg,00093-7153-56,7153,TRUE,FALSE,FALSE,fcn_mix_weight/dr_224/00093-7153-56_PART_1_OF_1_CHAL10_SB_E527F2EF.jpg,00093-7153-56_E527F2EF,42784,TRUE,10/17/2017 05:32:27 PM,10/17/2017 05:32:27 PM,6336b9ee-a2f3-44cc-ae6a-43a5f68745f6-0093-7153-0,6336b9ee-a2f3-44cc-ae6a-43a5f68745f6,6,,C48348,ROUND,,1,,7153;TV,,C48328,PINK,,SIMVASTATIN 10 mg;,SIMVASTATIN[SIMVASTATIN];,"ASCORBIC ACID;BUTYLATED HYDROXYANISOLE;CITRIC ACID MONOHYDRATE;HYPROMELLOSE 2910 (6 MPA.S);FERRIC OXIDE RED;LACTOSE MONOHYDRATE;MAGNESIUM STEARATE;CELLULOSE, MICROCRYSTALLINE;POLYETHYLENE GLYCOL 3350;POLYETHYLENE GLYCOL 4000;STARCH, CORN;TITANIUM DIOXIDE;TRIACETIN;FERRIC OXIDE YELLOW;",HRX,,Simvastatin 10 MG Oral Tablet,314231,,0093-7153,0,,937153,93,7153,Simvastatin,active,20140408,d2fc2c17-c8a1-4889-b363-8f69e78bd7a3.xml,,C42931,34391-3,,,LABELER,Teva Pharmaceuticals USA Inc,C73584,NLM,TRUE,,15,,,FALSE,TRUE,FALSE,TRUE,TRUE
00093-7153-56_PART_1_OF_1_CHAL10_SF_E527F2EF.jpg,00093-7153-56,7153,TRUE,TRUE,FALSE,fcn_mix_weight/dr_224/00093-7153-56_PART_1_OF_1_CHAL10_SF_E527F2EF.jpg,00093-7153-56_E527F2EF,42784,TRUE,10/17/2017 05:32:27 PM,10/17/2017 05:32:27 PM,6336b9ee-a2f3-44cc-ae6a-43a5f68745f6-0093-7153-0,6336b9ee-a2f3-44cc-ae6a-43a5f68745f6,6,,C48348,ROUND,,1,,7153;TV,,C48328,PINK,,SIMVASTATIN 10 mg;,SIMVASTATIN[SIMVASTATIN];,"ASCORBIC ACID;BUTYLATED HYDROXYANISOLE;CITRIC ACID MONOHYDRATE;HYPROMELLOSE 2910 (6 MPA.S);FERRIC OXIDE RED;LACTOSE MONOHYDRATE;MAGNESIUM STEARATE;CELLULOSE, MICROCRYSTALLINE;POLYETHYLENE GLYCOL 3350;POLYETHYLENE GLYCOL 4000;STARCH, CORN;TITANIUM DIOXIDE;TRIACETIN;FERRIC OXIDE YELLOW;",HRX,,Simvastatin 10 MG Oral Tablet,314231,,0093-7153,0,,937153,93,7153,Simvastatin,active,20140408,d2fc2c17-c8a1-4889-b363-8f69e78bd7a3.xml,,C42931,34391-3,,,LABELER,Teva Pharmaceuticals USA Inc,C73584,NLM,TRUE,,15,,,FALSE,TRUE,FALSE,TRUE,TRUE
00093-7154-56_PART_1_OF_1_CHAL10_SB_2C281650.jpg,00093-7154-56,7154,TRUE,FALSE,FALSE,fcn_mix_weight/dr_224/00093-7154-56_PART_1_OF_1_CHAL10_SB_2C281650.jpg,00093-7154-56_2C281650,13356,TRUE,10/17/2017 05:30:18 PM,10/17/2017 05:30:18 PM,6336b9ee-a2f3-44cc-ae6a-43a5f68745f6-0093-7154-0,6336b9ee-a2f3-44cc-ae6a-43a5f68745f6,8,,C48348,ROUND,,1,,7154;TV,,C48332,BROWN,,SIMVASTATIN 20 mg;,SIMVASTATIN[SIMVASTATIN];,"ASCORBIC ACID;BUTYLATED HYDROXYANISOLE;CITRIC ACID MONOHYDRATE;HYPROMELLOSE 2910 (6 MPA.S);FERRIC OXIDE RED;LACTOSE MONOHYDRATE;MAGNESIUM STEARATE;CELLULOSE, MICROCRYSTALLINE;POLYETHYLENE GLYCOL 3350;POLYETHYLENE GLYCOL 4000;STARCH, CORN;TITANIUM DIOXIDE;TRIACETIN;FERRIC OXIDE YELLOW;",HRX,,Simvastatin 20 MG Oral Tablet,312961,,0093-7154,0,,937154,93,7154,Simvastatin,active,20140408,d2fc2c17-c8a1-4889-b363-8f69e78bd7a3.xml,,C42931,34391-3,,,LABELER,Teva Pharmaceuticals USA Inc,C73584,NLM,TRUE,,15,,,FALSE,TRUE,FALSE,TRUE,TRUE
00093-7154-56_PART_1_OF_1_CHAL10_SF_2C281650.jpg,00093-7154-56,7154,TRUE,TRUE,FALSE,fcn_mix_weight/dr_224/00093-7154-56_PART_1_OF_1_CHAL10_SF_2C281650.jpg,00093-7154-56_2C281650,13356,TRUE,10/17/2017 05:30:18 PM,10/17/2017 05:30:18 PM,6336b9ee-a2f3-44cc-ae6a-43a5f68745f6-0093-7154-0,6336b9ee-a2f3-44cc-ae6a-43a5f68745f6,8,,C48348,ROUND,,1,,7154;TV,,C48332,BROWN,,SIMVASTATIN 20 mg;,SIMVASTATIN[SIMVASTATIN];,"ASCORBIC ACID;BUTYLATED HYDROXYANISOLE;CITRIC ACID MONOHYDRATE;HYPROMELLOSE 2910 (6 MPA.S);FERRIC OXIDE RED;LACTOSE MONOHYDRATE;MAGNESIUM STEARATE;CELLULOSE, MICROCRYSTALLINE;POLYETHYLENE GLYCOL 3350;POLYETHYLENE GLYCOL 4000;STARCH, CORN;TITANIUM DIOXIDE;TRIACETIN;FERRIC OXIDE YELLOW;",HRX,,Simvastatin 20 MG Oral Tablet,312961,,0093-7154,0,,937154,93,7154,Simvastatin,active,20140408,d2fc2c17-c8a1-4889-b363-8f69e78bd7a3.xml,,C42931,34391-3,,,LABELER,Teva Pharmaceuticals USA Inc,C73584,NLM,TRUE,,15,,,FALSE,TRUE,FALSE,TRUE,TRUE
00093-7155-56_PART_1_OF_1_CHAL10_SB_A227D15E.jpg,00093-7155-56,7155,TRUE,FALSE,FALSE,fcn_mix_weight/dr_224/00093-7155-56_PART_1_OF_1_CHAL10_SB_A227D15E.jpg,00093-7155-56_A227D15E,35913,TRUE,10/17/2017 05:31:56 PM,10/17/2017 05:31:56 PM,6336b9ee-a2f3-44cc-ae6a-43a5f68745f6-0093-7155-0,6336b9ee-a2f3-44cc-ae6a-43a5f68745f6,10,,C48348,ROUND,,1,,7155;TV,,C48326,RED,,SIMVASTATIN 40 mg;,SIMVASTATIN[SIMVASTATIN];,"ASCORBIC ACID;BUTYLATED HYDROXYANISOLE;CITRIC ACID MONOHYDRATE;HYPROMELLOSE 2910 (6 MPA.S);FERRIC OXIDE RED;LACTOSE MONOHYDRATE;MAGNESIUM STEARATE;CELLULOSE, MICROCRYSTALLINE;POLYETHYLENE GLYCOL 3350;POLYETHYLENE GLYCOL 4000;STARCH, CORN;TITANIUM DIOXIDE;TRIACETIN;",HRX,,Simvastatin 40 MG Oral Tablet,198211,,0093-7155,0,,937155,93,7155,Simvastatin,active,20140408,d2fc2c17-c8a1-4889-b363-8f69e78bd7a3.xml,,C42931,34391-3,,,LABELER,Teva Pharmaceuticals USA Inc,C73584,NLM,TRUE,,15,,,FALSE,TRUE,FALSE,TRUE,TRUE
00093-7155-56_PART_1_OF_1_CHAL10_SF_A227D15E.jpg,00093-7155-56,7155,TRUE,TRUE,FALSE,fcn_mix_weight/dr_224/00093-7155-56_PART_1_OF_1_CHAL10_SF_A227D15E.jpg,00093-7155-56_A227D15E,35913,TRUE,10/17/2017 05:31:56 PM,10/17/2017 05:31:56 PM,6336b9ee-a2f3-44cc-ae6a-43a5f68745f6-0093-7155-0,6336b9ee-a2f3-44cc-ae6a-43a5f68745f6,10,,C48348,ROUND,,1,,7155;TV,,C48326,RED,,SIMVASTATIN 40 mg;,SIMVASTATIN[SIMVASTATIN];,"ASCORBIC ACID;BUTYLATED HYDROXYANISOLE;CITRIC ACID MONOHYDRATE;HYPROMELLOSE 2910 (6 MPA.S);FERRIC OXIDE RED;LACTOSE MONOHYDRATE;MAGNESIUM STEARATE;CELLULOSE, MICROCRYSTALLINE;POLYETHYLENE GLYCOL 3350;POLYETHYLENE GLYCOL 4000;STARCH, CORN;TITANIUM DIOXIDE;TRIACETIN;",HRX,,Simvastatin 40 MG Oral Tablet,198211,,0093-7155,0,,937155,93,7155,Simvastatin,active,20140408,d2fc2c17-c8a1-4889-b363-8f69e78bd7a3.xml,,C42931,34391-3,,,LABELER,Teva Pharmaceuticals USA Inc,C73584,NLM,TRUE,,15,,,FALSE,TRUE,FALSE,TRUE,TRUE
00093-7156-56_PART_1_OF_1_CHAL10_SB_DF27EF8F.jpg,00093-7156-56,7156,TRUE,FALSE,FALSE,fcn_mix_weight/dr_224/00093-7156-56_PART_1_OF_1_CHAL10_SB_DF27EF8F.jpg,00093-7156-56_DF27EF8F,48820,TRUE,10/17/2017 05:32:55 PM,10/17/2017 05:32:55 PM,6336b9ee-a2f3-44cc-ae6a-43a5f68745f6-0093-7156-0,6336b9ee-a2f3-44cc-ae6a-43a5f68745f6,18,,C48345,OVAL,,1,,7156;TV,,C48326,RED,,SIMVASTATIN 80 mg;,SIMVASTATIN[SIMVASTATIN];,"ASCORBIC ACID;BUTYLATED HYDROXYANISOLE;CITRIC ACID MONOHYDRATE;HYPROMELLOSE 2910 (6 MPA.S);FERRIC OXIDE RED;LACTOSE MONOHYDRATE;MAGNESIUM STEARATE;CELLULOSE, MICROCRYSTALLINE;POLYETHYLENE GLYCOL 3350;POLYETHYLENE GLYCOL 4000;STARCH, CORN;TITANIUM DIOXIDE;TRIACETIN;FERRIC OXIDE YELLOW;FERROSOFERRIC OXIDE;",HRX,,Simvastatin 80 MG Oral Tablet,200345,,0093-7156,0,,937156,93,7156,Simvastatin,active,20140408,d2fc2c17-c8a1-4889-b363-8f69e78bd7a3.xml,,C42931,34391-3,,,LABELER,Teva Pharmaceuticals USA Inc,C73584,NLM,TRUE,,15,,,FALSE,TRUE,FALSE,TRUE,TRUE
00093-7156-56_PART_1_OF_1_CHAL10_SF_DF27EF8F.jpg,00093-7156-56,7156,TRUE,TRUE,FALSE,fcn_mix_weight/dr_224/00093-7156-56_PART_1_OF_1_CHAL10_SF_DF27EF8F.jpg,00093-7156-56_DF27EF8F,48820,TRUE,10/17/2017 05:32:55 PM,10/17/2017 05:32:55 PM,6336b9ee-a2f3-44cc-ae6a-43a5f68745f6-0093-7156-0,6336b9ee-a2f3-44cc-ae6a-43a5f68745f6,18,,C48345,OVAL,,1,,7156;TV,,C48326,RED,,SIMVASTATIN 80 mg;,SIMVASTATIN[SIMVASTATIN];,"ASCORBIC ACID;BUTYLATED HYDROXYANISOLE;CITRIC ACID MONOHYDRATE;HYPROMELLOSE 2910 (6 MPA.S);FERRIC OXIDE RED;LACTOSE MONOHYDRATE;MAGNESIUM STEARATE;CELLULOSE, MICROCRYSTALLINE;POLYETHYLENE GLYCOL 3350;POLYETHYLENE GLYCOL 4000;STARCH, CORN;TITANIUM DIOXIDE;TRIACETIN;FERRIC OXIDE YELLOW;FERROSOFERRIC OXIDE;",HRX,,Simvastatin 80 MG Oral Tablet,200345,,0093-7156,0,,937156,93,7156,Simvastatin,active,20140408,d2fc2c17-c8a1-4889-b363-8f69e78bd7a3.xml,,C42931,34391-3,,,LABELER,Teva Pharmaceuticals USA Inc,C73584,NLM,TRUE,,15,,,FALSE,TRUE,FALSE,TRUE,TRUE
00093-7157-06_PART_1_OF_1_CHAL10_SB_4D2BA68D.jpg,00093-7157-06,7157,TRUE,FALSE,FALSE,fcn_mix_weight/dr_224/00093-7157-06_PART_1_OF_1_CHAL10_SB_4D2BA68D.jpg,00093-7157-06_4D2BA68D,26600,TRUE,10/17/2017 05:31:15 PM,10/17/2017 05:31:15 PM,52c09a36-879b-4b0e-b3a5-f4a4bba9bde5-0093-7157-0,52c09a36-879b-4b0e-b3a5-f4a4bba9bde5,17,,C48345,OVAL,,1,,93;7157,,C48330,YELLOW,,CLARITHROMYCIN 250 mg;,CLARITHROMYCIN[CLARITHROMYCIN];,"SILICON DIOXIDE;CROSCARMELLOSE SODIUM;FD&C BLUE NO. 2;INDIGOTINDISULFONATE SODIUM;ALUMINUM OXIDE;FD&C RED NO. 40;FD&C YELLOW NO. 5;HYPROMELLOSE 2910 (6 MPA.S);MAGNESIUM HYDROXIDE;MAGNESIUM STEARATE;CELLULOSE, MICROCRYSTALLINE;POLYETHYLENE GLYCOL 400;POVIDONE K30;SODIUM STARCH GLYCOLATE TYPE A POTATO;STEARIC ACID;TITANIUM DIOXIDE;VANILLIN;",HRX,,Clarithromycin 250 MG Oral Tablet,197516,,0093-7157,0,,937157,93,7157,Clarithromycin,active,20140919,c641e54a-c511-4936-b1bf-0c20dae3eecc.xml,,C42931,34391-3,,,LABELER,Teva Pharmaceuticals USA Inc,C73584,NLM,TRUE,,10,,,FALSE,TRUE,FALSE,TRUE,TRUE
00093-7157-06_PART_1_OF_1_CHAL10_SF_4D2BA68D.jpg,00093-7157-06,7157,TRUE,TRUE,FALSE,fcn_mix_weight/dr_224/00093-7157-06_PART_1_OF_1_CHAL10_SF_4D2BA68D.jpg,00093-7157-06_4D2BA68D,26600,TRUE,10/17/2017 05:31:15 PM,10/17/2017 05:31:15 PM,52c09a36-879b-4b0e-b3a5-f4a4bba9bde5-0093-7157-0,52c09a36-879b-4b0e-b3a5-f4a4bba9bde5,17,,C48345,OVAL,,1,,93;7157,,C48330,YELLOW,,CLARITHROMYCIN 250 mg;,CLARITHROMYCIN[CLARITHROMYCIN];,"SILICON DIOXIDE;CROSCARMELLOSE SODIUM;FD&C BLUE NO. 2;INDIGOTINDISULFONATE SODIUM;ALUMINUM OXIDE;FD&C RED NO. 40;FD&C YELLOW NO. 5;HYPROMELLOSE 2910 (6 MPA.S);MAGNESIUM HYDROXIDE;MAGNESIUM STEARATE;CELLULOSE, MICROCRYSTALLINE;POLYETHYLENE GLYCOL 400;POVIDONE K30;SODIUM STARCH GLYCOLATE TYPE A POTATO;STEARIC ACID;TITANIUM DIOXIDE;VANILLIN;",HRX,,Clarithromycin 250 MG Oral Tablet,197516,,0093-7157,0,,937157,93,7157,Clarithromycin,active,20140919,c641e54a-c511-4936-b1bf-0c20dae3eecc.xml,,C42931,34391-3,,,LABELER,Teva Pharmaceuticals USA Inc,C73584,NLM,TRUE,,10,,,FALSE,TRUE,FALSE,TRUE,TRUE
00093-7158-06_PART_1_OF_1_CHAL10_SB_312B98DC.jpg,00093-7158-06,7158,TRUE,FALSE,FALSE,fcn_mix_weight/dr_224/00093-7158-06_PART_1_OF_1_CHAL10_SB_312B98DC.jpg,00093-7158-06_312B98DC,47764,TRUE,10/17/2017 05:32:50 PM,10/17/2017 05:32:50 PM,52c09a36-879b-4b0e-b3a5-f4a4bba9bde5-0093-7158-0,52c09a36-879b-4b0e-b3a5-f4a4bba9bde5,21,,C48345,OVAL,,1,,93;7158,,C48330,YELLOW,,CLARITHROMYCIN 500 mg;,CLARITHROMYCIN[CLARITHROMYCIN];,"SILICON DIOXIDE;CROSCARMELLOSE SODIUM;FD&C BLUE NO. 2;INDIGOTINDISULFONATE SODIUM;ALUMINUM OXIDE;FD&C RED NO. 40;FD&C YELLOW NO. 5;HYPROMELLOSE 2910 (5 MPA.S);MAGNESIUM HYDROXIDE;MAGNESIUM STEARATE;CELLULOSE, MICROCRYSTALLINE;POLYETHYLENE GLYCOL 400;POVIDONE K30;SODIUM STARCH GLYCOLATE TYPE A POTATO;STEARIC ACID;TITANIUM DIOXIDE;VANILLIN;",HRX,,Clarithromycin 500 MG Oral Tablet,197517,,0093-7158,0,,937158,93,7158,Clarithromycin,active,20140919,c641e54a-c511-4936-b1bf-0c20dae3eecc.xml,,C42931,34391-3,,,LABELER,Teva Pharmaceuticals USA Inc,C73584,NLM,TRUE,,10,,,FALSE,TRUE,FALSE,TRUE,TRUE
00093-7158-06_PART_1_OF_1_CHAL10_SF_312B98DC.jpg,00093-7158-06,7158,TRUE,TRUE,FALSE,fcn_mix_weight/dr_224/00093-7158-06_PART_1_OF_1_CHAL10_SF_312B98DC.jpg,00093-7158-06_312B98DC,47764,TRUE,10/17/2017 05:32:50 PM,10/17/2017 05:32:50 PM,52c09a36-879b-4b0e-b3a5-f4a4bba9bde5-0093-7158-0,52c09a36-879b-4b0e-b3a5-f4a4bba9bde5,21,,C48345,OVAL,,1,,93;7158,,C48330,YELLOW,,CLARITHROMYCIN 500 mg;,CLARITHROMYCIN[CLARITHROMYCIN];,"SILICON DIOXIDE;CROSCARMELLOSE SODIUM;FD&C BLUE NO. 2;INDIGOTINDISULFONATE SODIUM;ALUMINUM OXIDE;FD&C RED NO. 40;FD&C YELLOW NO. 5;HYPROMELLOSE 2910 (5 MPA.S);MAGNESIUM HYDROXIDE;MAGNESIUM STEARATE;CELLULOSE, MICROCRYSTALLINE;POLYETHYLENE GLYCOL 400;POVIDONE K30;SODIUM STARCH GLYCOLATE TYPE A POTATO;STEARIC ACID;TITANIUM DIOXIDE;VANILLIN;",HRX,,Clarithromycin 500 MG Oral Tablet,197517,,0093-7158,0,,937158,93,7158,Clarithromycin,active,20140919,c641e54a-c511-4936-b1bf-0c20dae3eecc.xml,,C42931,34391-3,,,LABELER,Teva Pharmaceuticals USA Inc,C73584,NLM,TRUE,,10,,,FALSE,TRUE,FALSE,TRUE,TRUE
00093-7167-98_PART_1_OF_1_CHAL10_SB_6129B0CD.jpg,00093-7167-98,7167,TRUE,FALSE,FALSE,fcn_mix_weight/dr_224/00093-7167-98_PART_1_OF_1_CHAL10_SB_6129B0CD.jpg,00093-7167-98_6129B0CD,1944,TRUE,10/17/2017 05:29:28 PM,10/17/2017 05:29:28 PM,c1ecc118-b372-40c6-819e-56092cafe595-0093-7167-0,c1ecc118-b372-40c6-819e-56092cafe595,8,,C48348,ROUND,,1,,93;7167,,C48325,WHITE,,AMLODIPINE BESYLATE 5 mg;,AMLODIPINE BESYLATE[AMLODIPINE];,"CALCIUM PHOSPHATE, DIBASIC, ANHYDROUS;MAGNESIUM STEARATE;CELLULOSE, MICROCRYSTALLINE;SODIUM STARCH GLYCOLATE TYPE A POTATO;",HRX,,Amlodipine 5 MG Oral Tablet,197361,,0093-7167,0,,937167,93,7167,Amlodipine Besylate,active,20150605,e7ebc8ec-4d71-4408-83e2-a60e365c5aa3.xml,,C42998,34391-3,,,LABELER,Teva Pharmaceuticals USA Inc,C73584,NLM,TRUE,,10,,,FALSE,TRUE,FALSE,TRUE,TRUE
00093-7167-98_PART_1_OF_1_CHAL10_SF_6129B0CD.jpg,00093-7167-98,7167,TRUE,TRUE,FALSE,fcn_mix_weight/dr_224/00093-7167-98_PART_1_OF_1_CHAL10_SF_6129B0CD.jpg,00093-7167-98_6129B0CD,1944,TRUE,10/17/2017 05:29:28 PM,10/17/2017 05:29:28 PM,c1ecc118-b372-40c6-819e-56092cafe595-0093-7167-0,c1ecc118-b372-40c6-819e-56092cafe595,8,,C48348,ROUND,,1,,93;7167,,C48325,WHITE,,AMLODIPINE BESYLATE 5 mg;,AMLODIPINE BESYLATE[AMLODIPINE];,"CALCIUM PHOSPHATE, DIBASIC, ANHYDROUS;MAGNESIUM STEARATE;CELLULOSE, MICROCRYSTALLINE;SODIUM STARCH GLYCOLATE TYPE A POTATO;",HRX,,Amlodipine 5 MG Oral Tablet,197361,,0093-7167,0,,937167,93,7167,Amlodipine Besylate,active,20150605,e7ebc8ec-4d71-4408-83e2-a60e365c5aa3.xml,,C42998,34391-3,,,LABELER,Teva Pharmaceuticals USA Inc,C73584,NLM,TRUE,,10,,,FALSE,TRUE,FALSE,TRUE,TRUE
00093-7168-98_PART_1_OF_1_CHAL10_SB_4229A13D.jpg,00093-7168-98,7168,TRUE,FALSE,FALSE,fcn_mix_weight/dr_224/00093-7168-98_PART_1_OF_1_CHAL10_SB_4229A13D.jpg,00093-7168-98_4229A13D,20522,TRUE,10/17/2017 05:30:49 PM,2020-02-10 17:03:14,c1ecc118-b372-40c6-819e-56092cafe595-0093-7168-0,c1ecc118-b372-40c6-819e-56092cafe595,10,,C48348,ROUND,,1,,93;7168,,C48325,WHITE,,AMLODIPINE BESYLATE 10 mg;,AMLODIPINE BESYLATE[AMLODIPINE];,ANHYDROUS DIBASIC CALCIUM PHOSPHATE;MAGNESIUM STEARATE;MICROCRYSTALLINE CELLULOSE;SODIUM STARCH GLYCOLATE TYPE A POTATO;,HRX,SCD,amlodipine 10 MG Oral Tablet,308135,2020-02-10 15:24:29,0093-7168,0,,937168,93,7168,Amlodipine Besylate,completed,20170330,3f3a3256-1d0a-4611-a2d7-3c5a88b744d1.xml,,C42998,34391-3,,,LABELER,"Teva Pharmaceuticals USA, Inc.",C73584,NLM,TRUE,,18,,,TRUE,FALSE,FALSE,TRUE,TRUE
00093-7168-98_PART_1_OF_1_CHAL10_SF_4229A13D.jpg,00093-7168-98,7168,TRUE,TRUE,FALSE,fcn_mix_weight/dr_224/00093-7168-98_PART_1_OF_1_CHAL10_SF_4229A13D.jpg,00093-7168-98_4229A13D,20522,TRUE,10/17/2017 05:30:49 PM,2020-02-10 17:03:14,c1ecc118-b372-40c6-819e-56092cafe595-0093-7168-0,c1ecc118-b372-40c6-819e-56092cafe595,10,,C48348,ROUND,,1,,93;7168,,C48325,WHITE,,AMLODIPINE BESYLATE 10 mg;,AMLODIPINE BESYLATE[AMLODIPINE];,ANHYDROUS DIBASIC CALCIUM PHOSPHATE;MAGNESIUM STEARATE;MICROCRYSTALLINE CELLULOSE;SODIUM STARCH GLYCOLATE TYPE A POTATO;,HRX,SCD,amlodipine 10 MG Oral Tablet,308135,2020-02-10 15:24:29,0093-7168,0,,937168,93,7168,Amlodipine Besylate,completed,20170330,3f3a3256-1d0a-4611-a2d7-3c5a88b744d1.xml,,C42998,34391-3,,,LABELER,"Teva Pharmaceuticals USA, Inc.",C73584,NLM,TRUE,,18,,,TRUE,FALSE,FALSE,TRUE,TRUE
00093-7169-56_PART_1_OF_1_CHAL10_SB_1F2B8FDC.jpg,00093-7169-56,7169,TRUE,FALSE,FALSE,fcn_mix_weight/dr_224/00093-7169-56_PART_1_OF_1_CHAL10_SB_1F2B8FDC.jpg,00093-7169-56_1F2B8FDC,43918,TRUE,10/17/2017 05:32:33 PM,2020-02-10 17:06:45,d0a35bcc-32c8-476e-94ff-a42c230cc7de-0093-7169-0,d0a35bcc-32c8-476e-94ff-a42c230cc7de,18,,C48345,OVAL,,1,,93;7169,,C48328,PINK,,AZITHROMYCIN MONOHYDRATE 500 mg;,AZITHROMYCIN MONOHYDRATE[AZITHROMYCIN ANHYDROUS];,"BUTYLATED HYDROXYTOLUENE;ANHYDROUS DIBASIC CALCIUM PHOSPHATE;CARMINIC ACID;SILICON DIOXIDE;FD&C RED NO. 40;FD&C YELLOW NO. 6;HYPROMELLOSE 2910 (15 MPA.S);LACTOSE MONOHYDRATE;MAGNESIUM STEARATE;STARCH, CORN;SODIUM LAURYL SULFATE;TALC;TRIACETIN;TITANIUM DIOXIDE;",HRX,SCD,azithromycin 500 MG Oral Tablet,248656,2020-02-10 15:41:03,0093-7169,0,,937169,93,7169,Azithromycin,active,20170421,a51a04f1-1c7e-4b6c-ab59-cc50f2567a48.xml,,C42931,34391-3,,,LABELER,"Teva Pharmaceuticals USA, Inc.",C73584,NLM,TRUE,,21,,,TRUE,FALSE,FALSE,TRUE,TRUE
00093-7169-56_PART_1_OF_1_CHAL10_SF_1F2B8FDC.jpg,00093-7169-56,7169,TRUE,TRUE,FALSE,fcn_mix_weight/dr_224/00093-7169-56_PART_1_OF_1_CHAL10_SF_1F2B8FDC.jpg,00093-7169-56_1F2B8FDC,43918,TRUE,10/17/2017 05:32:33 PM,2020-02-10 17:06:45,d0a35bcc-32c8-476e-94ff-a42c230cc7de-0093-7169-0,d0a35bcc-32c8-476e-94ff-a42c230cc7de,18,,C48345,OVAL,,1,,93;7169,,C48328,PINK,,AZITHROMYCIN MONOHYDRATE 500 mg;,AZITHROMYCIN MONOHYDRATE[AZITHROMYCIN ANHYDROUS];,"BUTYLATED HYDROXYTOLUENE;ANHYDROUS DIBASIC CALCIUM PHOSPHATE;CARMINIC ACID;SILICON DIOXIDE;FD&C RED NO. 40;FD&C YELLOW NO. 6;HYPROMELLOSE 2910 (15 MPA.S);LACTOSE MONOHYDRATE;MAGNESIUM STEARATE;STARCH, CORN;SODIUM LAURYL SULFATE;TALC;TRIACETIN;TITANIUM DIOXIDE;",HRX,SCD,azithromycin 500 MG Oral Tablet,248656,2020-02-10 15:41:03,0093-7169,0,,937169,93,7169,Azithromycin,active,20170421,a51a04f1-1c7e-4b6c-ab59-cc50f2567a48.xml,,C42931,34391-3,,,LABELER,"Teva Pharmaceuticals USA, Inc.",C73584,NLM,TRUE,,21,,,TRUE,FALSE,FALSE,TRUE,TRUE
00093-7182-01_PART_1_OF_1_CHAL10_SB_362B9B4C.jpg,00093-7182-01,7182,TRUE,FALSE,FALSE,fcn_mix_weight/dr_224/00093-7182-01_PART_1_OF_1_CHAL10_SB_362B9B4C.jpg,00093-7182-01_362B9B4C,6061,TRUE,10/17/2017 05:29:47 PM,10/17/2017 05:29:47 PM,d3417226-1f42-40cd-82ac-bc31ddf79b97-43063-486-0,d3417226-1f42-40cd-82ac-bc31ddf79b97,18,,C48345,OVAL,,1,,93;7182,,C48330,YELLOW,,OFLOXACIN 400 mg;,OFLOXACIN[OFLOXACIN];,"STARCH, CORN;HYDROXYPROPYL CELLULOSE (TYPE H);HYPROMELLOSE 2910 (3 MPA.S);HYPROMELLOSE 2910 (5 MPA.S);ANHYDROUS LACTOSE;MAGNESIUM STEARATE;POLYETHYLENE GLYCOL 400;POLYSORBATE 80;SODIUM STARCH GLYCOLATE TYPE A POTATO;TITANIUM DIOXIDE;FERRIC OXIDE YELLOW;FERRIC OXIDE RED;",HRX,,Ofloxacin 400 MG Oral Tablet,198050,,43063-486,0,,430630486,43063,486,Ofloxacin,active,20130819,1ad80b08-fef4-4579-be42-353e74251e70.xml,0093-7182,C42931,,,,LABELER,"PD-Rx Pharmaceuticals, Inc.",C73584,NLM,TRUE,1,11,,,FALSE,TRUE,FALSE,FALSE,TRUE
00093-7182-01_PART_1_OF_1_CHAL10_SF_362B9B4C.jpg,00093-7182-01,7182,TRUE,TRUE,FALSE,fcn_mix_weight/dr_224/00093-7182-01_PART_1_OF_1_CHAL10_SF_362B9B4C.jpg,00093-7182-01_362B9B4C,6061,TRUE,10/17/2017 05:29:47 PM,10/17/2017 05:29:47 PM,d3417226-1f42-40cd-82ac-bc31ddf79b97-43063-486-0,d3417226-1f42-40cd-82ac-bc31ddf79b97,18,,C48345,OVAL,,1,,93;7182,,C48330,YELLOW,,OFLOXACIN 400 mg;,OFLOXACIN[OFLOXACIN];,"STARCH, CORN;HYDROXYPROPYL CELLULOSE (TYPE H);HYPROMELLOSE 2910 (3 MPA.S);HYPROMELLOSE 2910 (5 MPA.S);ANHYDROUS LACTOSE;MAGNESIUM STEARATE;POLYETHYLENE GLYCOL 400;POLYSORBATE 80;SODIUM STARCH GLYCOLATE TYPE A POTATO;TITANIUM DIOXIDE;FERRIC OXIDE YELLOW;FERRIC OXIDE RED;",HRX,,Ofloxacin 400 MG Oral Tablet,198050,,43063-486,0,,430630486,43063,486,Ofloxacin,active,20130819,1ad80b08-fef4-4579-be42-353e74251e70.xml,0093-7182,C42931,,,,LABELER,"PD-Rx Pharmaceuticals, Inc.",C73584,NLM,TRUE,1,11,,,FALSE,TRUE,FALSE,FALSE,TRUE
00093-7188-56_PART_1_OF_1_CHAL10_SB_0323818C.jpg,00093-7188-56,7188,TRUE,FALSE,FALSE,fcn_mix_weight/dr_224/00093-7188-56_PART_1_OF_1_CHAL10_SB_0323818C.jpg,00093-7188-56_0323818C,41215,TRUE,10/17/2017 05:32:20 PM,2020-02-10 17:11:01,d7144d7f-9d54-4fb0-a78e-c99a2e09987b-63187-218-0,d7144d7f-9d54-4fb0-a78e-c99a2e09987b,11,,C48345,OVAL,,2,,7188;9;3,,C48333,BLUE,,FLUOXETINE HYDROCHLORIDE 10 mg;,FLUOXETINE HYDROCHLORIDE[FLUOXETINE];,"D&C YELLOW NO. 10;ALUMINUM OXIDE;FD&C BLUE NO. 2;INDIGOTINDISULFONATE SODIUM;FD&C YELLOW NO. 6;HYPROMELLOSE 2910 (5 MPA.S);LACTOSE MONOHYDRATE;MAGNESIUM STEARATE;MICROCRYSTALLINE CELLULOSE;POLYETHYLENE GLYCOL 6000;POLYETHYLENE GLYCOL 8000;POVIDONE K30;STARCH, CORN;TALC;TITANIUM DIOXIDE;",HRX,SCD,fluoxetine 10 MG Oral Tablet,313990,2020-02-10 16:04:22,63187-218,0,,631870218,63187,218,Fluoxetine,active,20190101,14fd6438-d401-4822-85fe-360fdfa990d9.xml,0093-7188,C42931,,,,LABELER,Proficient Rx LP,C73584,SPL,TRUE,1,2,,,TRUE,FALSE,FALSE,FALSE,TRUE
00093-7188-56_PART_1_OF_1_CHAL10_SB_F92D7CCB.jpg,00093-7188-56,7188,TRUE,FALSE,FALSE,fcn_mix_weight/dr_224/00093-7188-56_PART_1_OF_1_CHAL10_SB_F92D7CCB.jpg,00093-7188-56_F92D7CCB,41215,TRUE,10/17/2017 05:32:20 PM,2020-02-10 17:11:01,d7144d7f-9d54-4fb0-a78e-c99a2e09987b-63187-218-0,d7144d7f-9d54-4fb0-a78e-c99a2e09987b,11,,C48345,OVAL,,2,,7188;9;3,,C48333,BLUE,,FLUOXETINE HYDROCHLORIDE 10 mg;,FLUOXETINE HYDROCHLORIDE[FLUOXETINE];,"D&C YELLOW NO. 10;ALUMINUM OXIDE;FD&C BLUE NO. 2;INDIGOTINDISULFONATE SODIUM;FD&C YELLOW NO. 6;HYPROMELLOSE 2910 (5 MPA.S);LACTOSE MONOHYDRATE;MAGNESIUM STEARATE;MICROCRYSTALLINE CELLULOSE;POLYETHYLENE GLYCOL 6000;POLYETHYLENE GLYCOL 8000;POVIDONE K30;STARCH, CORN;TALC;TITANIUM DIOXIDE;",HRX,SCD,fluoxetine 10 MG Oral Tablet,313990,2020-02-10 16:04:22,63187-218,0,,631870218,63187,218,Fluoxetine,active,20190101,14fd6438-d401-4822-85fe-360fdfa990d9.xml,0093-7188,C42931,,,,LABELER,Proficient Rx LP,C73584,SPL,TRUE,1,2,,,TRUE,FALSE,FALSE,FALSE,TRUE
00093-7188-56_PART_1_OF_1_CHAL10_SF_0323818C.jpg,00093-7188-56,7188,TRUE,TRUE,FALSE,fcn_mix_weight/dr_224/00093-7188-56_PART_1_OF_1_CHAL10_SF_0323818C.jpg,00093-7188-56_0323818C,41215,TRUE,10/17/2017 05:32:20 PM,2020-02-10 17:11:01,d7144d7f-9d54-4fb0-a78e-c99a2e09987b-63187-218-0,d7144d7f-9d54-4fb0-a78e-c99a2e09987b,11,,C48345,OVAL,,2,,7188;9;3,,C48333,BLUE,,FLUOXETINE HYDROCHLORIDE 10 mg;,FLUOXETINE HYDROCHLORIDE[FLUOXETINE];,"D&C YELLOW NO. 10;ALUMINUM OXIDE;FD&C BLUE NO. 2;INDIGOTINDISULFONATE SODIUM;FD&C YELLOW NO. 6;HYPROMELLOSE 2910 (5 MPA.S);LACTOSE MONOHYDRATE;MAGNESIUM STEARATE;MICROCRYSTALLINE CELLULOSE;POLYETHYLENE GLYCOL 6000;POLYETHYLENE GLYCOL 8000;POVIDONE K30;STARCH, CORN;TALC;TITANIUM DIOXIDE;",HRX,SCD,fluoxetine 10 MG Oral Tablet,313990,2020-02-10 16:04:22,63187-218,0,,631870218,63187,218,Fluoxetine,active,20190101,14fd6438-d401-4822-85fe-360fdfa990d9.xml,0093-7188,C42931,,,,LABELER,Proficient Rx LP,C73584,SPL,TRUE,1,2,,,TRUE,FALSE,FALSE,FALSE,TRUE
00093-7188-56_PART_1_OF_1_CHAL10_SF_F92D7CCB.jpg,00093-7188-56,7188,TRUE,TRUE,FALSE,fcn_mix_weight/dr_224/00093-7188-56_PART_1_OF_1_CHAL10_SF_F92D7CCB.jpg,00093-7188-56_F92D7CCB,41215,TRUE,10/17/2017 05:32:20 PM,2020-02-10 17:11:01,d7144d7f-9d54-4fb0-a78e-c99a2e09987b-63187-218-0,d7144d7f-9d54-4fb0-a78e-c99a2e09987b,11,,C48345,OVAL,,2,,7188;9;3,,C48333,BLUE,,FLUOXETINE HYDROCHLORIDE 10 mg;,FLUOXETINE HYDROCHLORIDE[FLUOXETINE];,"D&C YELLOW NO. 10;ALUMINUM OXIDE;FD&C BLUE NO. 2;INDIGOTINDISULFONATE SODIUM;FD&C YELLOW NO. 6;HYPROMELLOSE 2910 (5 MPA.S);LACTOSE MONOHYDRATE;MAGNESIUM STEARATE;MICROCRYSTALLINE CELLULOSE;POLYETHYLENE GLYCOL 6000;POLYETHYLENE GLYCOL 8000;POVIDONE K30;STARCH, CORN;TALC;TITANIUM DIOXIDE;",HRX,SCD,fluoxetine 10 MG Oral Tablet,313990,2020-02-10 16:04:22,63187-218,0,,631870218,63187,218,Fluoxetine,active,20190101,14fd6438-d401-4822-85fe-360fdfa990d9.xml,0093-7188,C42931,,,,LABELER,Proficient Rx LP,C73584,SPL,TRUE,1,2,,,TRUE,FALSE,FALSE,FALSE,TRUE
00093-7201-98_PART_1_OF_1_CHAL10_SB_D327E9EF.jpg,00093-7201-98,7201,TRUE,FALSE,FALSE,fcn_mix_weight/dr_224/00093-7201-98_PART_1_OF_1_CHAL10_SB_D327E9EF.jpg,00093-7201-98_D327E9EF,47925,TRUE,10/17/2017 05:32:51 PM,10/17/2017 05:32:51 PM,24b45003-6e3e-4aeb-a091-2da8a9f8d4f8-0093-7201-0,24b45003-6e3e-4aeb-a091-2da8a9f8d4f8,8,,C48348,ROUND,,1,,TEVA;7201,,C48330,YELLOW,,PRAVASTATIN SODIUM 20 mg;,PRAVASTATIN SODIUM[PRAVASTATIN];,"CALCIUM PHOSPHATE, DIBASIC, ANHYDROUS;CROSCARMELLOSE SODIUM;CROSPOVIDONE;ANHYDROUS LACTOSE;CELLULOSE, MICROCRYSTALLINE;POVIDONE K30;SODIUM STEARYL FUMARATE;FERRIC OXIDE YELLOW;",HRX,,Pravastatin Sodium 20 MG Oral Tablet,904467,,0093-7201,0,,937201,93,7201,Pravastatin Sodium,active,20140410,d85e5a03-381d-4a3e-9cd0-f97ced630300.xml,,C42998,34391-3,,,LABELER,Teva Pharmaceuticals USA Inc,C73584,NLM,TRUE,,9,,,FALSE,TRUE,FALSE,TRUE,TRUE
00093-7201-98_PART_1_OF_1_CHAL10_SF_D327E9EF.jpg,00093-7201-98,7201,TRUE,TRUE,FALSE,fcn_mix_weight/dr_224/00093-7201-98_PART_1_OF_1_CHAL10_SF_D327E9EF.jpg,00093-7201-98_D327E9EF,47925,TRUE,10/17/2017 05:32:51 PM,10/17/2017 05:32:51 PM,24b45003-6e3e-4aeb-a091-2da8a9f8d4f8-0093-7201-0,24b45003-6e3e-4aeb-a091-2da8a9f8d4f8,8,,C48348,ROUND,,1,,TEVA;7201,,C48330,YELLOW,,PRAVASTATIN SODIUM 20 mg;,PRAVASTATIN SODIUM[PRAVASTATIN];,"CALCIUM PHOSPHATE, DIBASIC, ANHYDROUS;CROSCARMELLOSE SODIUM;CROSPOVIDONE;ANHYDROUS LACTOSE;CELLULOSE, MICROCRYSTALLINE;POVIDONE K30;SODIUM STEARYL FUMARATE;FERRIC OXIDE YELLOW;",HRX,,Pravastatin Sodium 20 MG Oral Tablet,904467,,0093-7201,0,,937201,93,7201,Pravastatin Sodium,active,20140410,d85e5a03-381d-4a3e-9cd0-f97ced630300.xml,,C42998,34391-3,,,LABELER,Teva Pharmaceuticals USA Inc,C73584,NLM,TRUE,,9,,,FALSE,TRUE,FALSE,TRUE,TRUE
00093-7202-98_PART_1_OF_1_CHAL10_SB_6323B1ED.jpg,00093-7202-98,7202,TRUE,FALSE,FALSE,fcn_mix_weight/dr_224/00093-7202-98_PART_1_OF_1_CHAL10_SB_6323B1ED.jpg,00093-7202-98_6323B1ED,25232,TRUE,10/17/2017 05:31:09 PM,10/17/2017 05:31:09 PM,24b45003-6e3e-4aeb-a091-2da8a9f8d4f8-0093-7202-0,24b45003-6e3e-4aeb-a091-2da8a9f8d4f8,10,,C48348,ROUND,,1,,TEVA;7202,[or];93;7202,C48329,GREEN,,PRAVASTATIN SODIUM 40 mg;,PRAVASTATIN SODIUM[PRAVASTATIN];,"CALCIUM PHOSPHATE, DIBASIC, ANHYDROUS;CROSCARMELLOSE SODIUM;CROSPOVIDONE;ANHYDROUS LACTOSE;CELLULOSE, MICROCRYSTALLINE;POVIDONE K30;SODIUM STEARYL FUMARATE;FD&C BLUE NO. 1;ALUMINUM OXIDE;D&C YELLOW NO. 10;",HRX,,Pravastatin Sodium 40 MG Oral Tablet,904475,,0093-7202,0,,937202,93,7202,Pravastatin Sodium,active,20140410,d85e5a03-381d-4a3e-9cd0-f97ced630300.xml,,C42998,34391-3,,,LABELER,Teva Pharmaceuticals USA Inc,C73584,NLM,TRUE,,9,,,FALSE,TRUE,FALSE,TRUE,TRUE
00093-7202-98_PART_1_OF_1_CHAL10_SF_6323B1ED.jpg,00093-7202-98,7202,TRUE,TRUE,FALSE,fcn_mix_weight/dr_224/00093-7202-98_PART_1_OF_1_CHAL10_SF_6323B1ED.jpg,00093-7202-98_6323B1ED,25232,TRUE,10/17/2017 05:31:09 PM,10/17/2017 05:31:09 PM,24b45003-6e3e-4aeb-a091-2da8a9f8d4f8-0093-7202-0,24b45003-6e3e-4aeb-a091-2da8a9f8d4f8,10,,C48348,ROUND,,1,,TEVA;7202,[or];93;7202,C48329,GREEN,,PRAVASTATIN SODIUM 40 mg;,PRAVASTATIN SODIUM[PRAVASTATIN];,"CALCIUM PHOSPHATE, DIBASIC, ANHYDROUS;CROSCARMELLOSE SODIUM;CROSPOVIDONE;ANHYDROUS LACTOSE;CELLULOSE, MICROCRYSTALLINE;POVIDONE K30;SODIUM STEARYL FUMARATE;FD&C BLUE NO. 1;ALUMINUM OXIDE;D&C YELLOW NO. 10;",HRX,,Pravastatin Sodium 40 MG Oral Tablet,904475,,0093-7202,0,,937202,93,7202,Pravastatin Sodium,active,20140410,d85e5a03-381d-4a3e-9cd0-f97ced630300.xml,,C42998,34391-3,,,LABELER,Teva Pharmaceuticals USA Inc,C73584,NLM,TRUE,,9,,,FALSE,TRUE,FALSE,TRUE,TRUE
00093-7212-01_PART_1_OF_1_CHAL10_SB_9F23CF8E.jpg,00093-7212-01,7212,TRUE,FALSE,FALSE,fcn_mix_weight/dr_224/00093-7212-01_PART_1_OF_1_CHAL10_SB_9F23CF8E.jpg,00093-7212-01_9F23CF8E,33870,TRUE,10/17/2017 05:31:47 PM,2020-02-10 17:14:00,060c694c-804c-4d32-a6d6-d6575be7ac2f-0093-7212-0,060c694c-804c-4d32-a6d6-d6575be7ac2f,19,,C48345,OVAL,,1,,93;7212,,C48326,RED,,METFORMIN HYDROCHLORIDE 750 mg;,METFORMIN HYDROCHLORIDE[METFORMIN];,ETHYLCELLULOSE (7 MPA.S);HYPROMELLOSE 2208 (100000 MPA.S);MAGNESIUM STEARATE;MICROCRYSTALLINE CELLULOSE;FERRIC OXIDE RED;FERRIC OXIDE YELLOW;,HRX,SCD,24 HR metformin hydrochloride 750 MG Extended Release Oral Tablet,860981,2020-02-10 16:21:12,0093-7212,0,,937212,93,7212,Metformin Hydrochloride,completed,20170401,a84b54af-b795-44bf-bb70-ab9d029ec0c7.xml,,C42927,34391-3,,,LABELER,"Teva Pharmaceuticals USA, Inc.",C73584,NLM,TRUE,,8,,,TRUE,FALSE,FALSE,TRUE,TRUE
00093-7212-01_PART_1_OF_1_CHAL10_SB_C92FE4DF.jpg,00093-7212-01,7212,TRUE,FALSE,FALSE,fcn_mix_weight/dr_224/00093-7212-01_PART_1_OF_1_CHAL10_SB_C92FE4DF.jpg,00093-7212-01_C92FE4DF,33870,TRUE,10/17/2017 05:31:47 PM,2020-02-10 17:14:00,060c694c-804c-4d32-a6d6-d6575be7ac2f-0093-7212-0,060c694c-804c-4d32-a6d6-d6575be7ac2f,19,,C48345,OVAL,,1,,93;7212,,C48326,RED,,METFORMIN HYDROCHLORIDE 750 mg;,METFORMIN HYDROCHLORIDE[METFORMIN];,ETHYLCELLULOSE (7 MPA.S);HYPROMELLOSE 2208 (100000 MPA.S);MAGNESIUM STEARATE;MICROCRYSTALLINE CELLULOSE;FERRIC OXIDE RED;FERRIC OXIDE YELLOW;,HRX,SCD,24 HR metformin hydrochloride 750 MG Extended Release Oral Tablet,860981,2020-02-10 16:21:12,0093-7212,0,,937212,93,7212,Metformin Hydrochloride,completed,20170401,a84b54af-b795-44bf-bb70-ab9d029ec0c7.xml,,C42927,34391-3,,,LABELER,"Teva Pharmaceuticals USA, Inc.",C73584,NLM,TRUE,,8,,,TRUE,FALSE,FALSE,TRUE,TRUE
00093-7212-01_PART_1_OF_1_CHAL10_SF_9F23CF8E.jpg,00093-7212-01,7212,TRUE,TRUE,FALSE,fcn_mix_weight/dr_224/00093-7212-01_PART_1_OF_1_CHAL10_SF_9F23CF8E.jpg,00093-7212-01_9F23CF8E,33870,TRUE,10/17/2017 05:31:47 PM,2020-02-10 17:14:00,060c694c-804c-4d32-a6d6-d6575be7ac2f-0093-7212-0,060c694c-804c-4d32-a6d6-d6575be7ac2f,19,,C48345,OVAL,,1,,93;7212,,C48326,RED,,METFORMIN HYDROCHLORIDE 750 mg;,METFORMIN HYDROCHLORIDE[METFORMIN];,ETHYLCELLULOSE (7 MPA.S);HYPROMELLOSE 2208 (100000 MPA.S);MAGNESIUM STEARATE;MICROCRYSTALLINE CELLULOSE;FERRIC OXIDE RED;FERRIC OXIDE YELLOW;,HRX,SCD,24 HR metformin hydrochloride 750 MG Extended Release Oral Tablet,860981,2020-02-10 16:21:12,0093-7212,0,,937212,93,7212,Metformin Hydrochloride,completed,20170401,a84b54af-b795-44bf-bb70-ab9d029ec0c7.xml,,C42927,34391-3,,,LABELER,"Teva Pharmaceuticals USA, Inc.",C73584,NLM,TRUE,,8,,,TRUE,FALSE,FALSE,TRUE,TRUE
00093-7212-01_PART_1_OF_1_CHAL10_SF_C92FE4DF.jpg,00093-7212-01,7212,TRUE,TRUE,FALSE,fcn_mix_weight/dr_224/00093-7212-01_PART_1_OF_1_CHAL10_SF_C92FE4DF.jpg,00093-7212-01_C92FE4DF,33870,TRUE,10/17/2017 05:31:47 PM,2020-02-10 17:14:00,060c694c-804c-4d32-a6d6-d6575be7ac2f-0093-7212-0,060c694c-804c-4d32-a6d6-d6575be7ac2f,19,,C48345,OVAL,,1,,93;7212,,C48326,RED,,METFORMIN HYDROCHLORIDE 750 mg;,METFORMIN HYDROCHLORIDE[METFORMIN];,ETHYLCELLULOSE (7 MPA.S);HYPROMELLOSE 2208 (100000 MPA.S);MAGNESIUM STEARATE;MICROCRYSTALLINE CELLULOSE;FERRIC OXIDE RED;FERRIC OXIDE YELLOW;,HRX,SCD,24 HR metformin hydrochloride 750 MG Extended Release Oral Tablet,860981,2020-02-10 16:21:12,0093-7212,0,,937212,93,7212,Metformin Hydrochloride,completed,20170401,a84b54af-b795-44bf-bb70-ab9d029ec0c7.xml,,C42927,34391-3,,,LABELER,"Teva Pharmaceuticals USA, Inc.",C73584,NLM,TRUE,,8,,,TRUE,FALSE,FALSE,TRUE,TRUE
00093-7219-06_PART_1_OF_1_CHAL10_SB_72293959.jpg,00093-7219-06,7219,TRUE,FALSE,FALSE,fcn_mix_weight/dr_224/00093-7219-06_PART_1_OF_1_CHAL10_SB_72293959.jpg,00093-7219-06_72293959,32514,TRUE,10/17/2017 05:31:41 PM,10/17/2017 05:31:41 PM,8887de7e-eba5-4f00-97ca-5077cfaa361b-0093-7219-0,8887de7e-eba5-4f00-97ca-5077cfaa361b,14,,C48345,OVAL,,1,,93;7219,,C48330,YELLOW,,TOPIRAMATE 100 mg;,TOPIRAMATE[TOPIRAMATE];,"SILICON DIOXIDE;LACTOSE MONOHYDRATE;MAGNESIUM STEARATE;CELLULOSE, MICROCRYSTALLINE;POLYETHYLENE GLYCOL 4000;STARCH, CORN;SODIUM STARCH GLYCOLATE TYPE A POTATO;TITANIUM DIOXIDE;HYPROMELLOSE 2910 (15 MPA.S);POLYDEXTROSE;FERRIC OXIDE YELLOW;FERROSOFERRIC OXIDE;",HRX,,topiramate 100 MG Oral Tablet,199889,,0093-7219,0,,937219,93,7219,Topiramate,active,20140814,8251c4c2-9c4a-4a5c-afdc-eba2811bf48f.xml,,C42998,34391-3,,,LABELER,Teva Pharmaceuticals USA Inc,C73584,NLM,TRUE,,9,,,FALSE,TRUE,FALSE,TRUE,TRUE
00093-7219-06_PART_1_OF_1_CHAL10_SF_72293959.jpg,00093-7219-06,7219,TRUE,TRUE,FALSE,fcn_mix_weight/dr_224/00093-7219-06_PART_1_OF_1_CHAL10_SF_72293959.jpg,00093-7219-06_72293959,32514,TRUE,10/17/2017 05:31:41 PM,10/17/2017 05:31:41 PM,8887de7e-eba5-4f00-97ca-5077cfaa361b-0093-7219-0,8887de7e-eba5-4f00-97ca-5077cfaa361b,14,,C48345,OVAL,,1,,93;7219,,C48330,YELLOW,,TOPIRAMATE 100 mg;,TOPIRAMATE[TOPIRAMATE];,"SILICON DIOXIDE;LACTOSE MONOHYDRATE;MAGNESIUM STEARATE;CELLULOSE, MICROCRYSTALLINE;POLYETHYLENE GLYCOL 4000;STARCH, CORN;SODIUM STARCH GLYCOLATE TYPE A POTATO;TITANIUM DIOXIDE;HYPROMELLOSE 2910 (15 MPA.S);POLYDEXTROSE;FERRIC OXIDE YELLOW;FERROSOFERRIC OXIDE;",HRX,,topiramate 100 MG Oral Tablet,199889,,0093-7219,0,,937219,93,7219,Topiramate,active,20140814,8251c4c2-9c4a-4a5c-afdc-eba2811bf48f.xml,,C42998,34391-3,,,LABELER,Teva Pharmaceuticals USA Inc,C73584,NLM,TRUE,,9,,,FALSE,TRUE,FALSE,TRUE,TRUE
00093-7220-06_PART_1_OF_1_CHAL10_SB_692934D9.jpg,00093-7220-06,7220,TRUE,FALSE,FALSE,fcn_mix_weight/dr_224/00093-7220-06_PART_1_OF_1_CHAL10_SB_692934D9.jpg,00093-7220-06_692934D9,32465,TRUE,10/17/2017 05:31:40 PM,10/17/2017 05:31:40 PM,8887de7e-eba5-4f00-97ca-5077cfaa361b-0093-7220-0,8887de7e-eba5-4f00-97ca-5077cfaa361b,14,,C48345,OVAL,,1,,93;7220,,C48328,PINK,,TOPIRAMATE 200 mg;,TOPIRAMATE[TOPIRAMATE];,"SILICON DIOXIDE;LACTOSE MONOHYDRATE;MAGNESIUM STEARATE;CELLULOSE, MICROCRYSTALLINE;POLYETHYLENE GLYCOL 4000;STARCH, CORN;SODIUM STARCH GLYCOLATE TYPE A POTATO;TITANIUM DIOXIDE;HYPROMELLOSE 2910 (15 MPA.S);POLYDEXTROSE;FERRIC OXIDE RED;FD&C RED NO. 40;ALUMINUM OXIDE;FD&C BLUE NO. 2;INDIGOTINDISULFONATE SODIUM;",HRX,,topiramate 200 MG Oral Tablet,199890,,0093-7220,0,,937220,93,7220,Topiramate,active,20140814,8251c4c2-9c4a-4a5c-afdc-eba2811bf48f.xml,,C42998,34391-3,,,LABELER,Teva Pharmaceuticals USA Inc,C73584,NLM,TRUE,,9,,,FALSE,TRUE,FALSE,TRUE,TRUE
00093-7220-06_PART_1_OF_1_CHAL10_SF_692934D9.jpg,00093-7220-06,7220,TRUE,TRUE,FALSE,fcn_mix_weight/dr_224/00093-7220-06_PART_1_OF_1_CHAL10_SF_692934D9.jpg,00093-7220-06_692934D9,32465,TRUE,10/17/2017 05:31:40 PM,10/17/2017 05:31:40 PM,8887de7e-eba5-4f00-97ca-5077cfaa361b-0093-7220-0,8887de7e-eba5-4f00-97ca-5077cfaa361b,14,,C48345,OVAL,,1,,93;7220,,C48328,PINK,,TOPIRAMATE 200 mg;,TOPIRAMATE[TOPIRAMATE];,"SILICON DIOXIDE;LACTOSE MONOHYDRATE;MAGNESIUM STEARATE;CELLULOSE, MICROCRYSTALLINE;POLYETHYLENE GLYCOL 4000;STARCH, CORN;SODIUM STARCH GLYCOLATE TYPE A POTATO;TITANIUM DIOXIDE;HYPROMELLOSE 2910 (15 MPA.S);POLYDEXTROSE;FERRIC OXIDE RED;FD&C RED NO. 40;ALUMINUM OXIDE;FD&C BLUE NO. 2;INDIGOTINDISULFONATE SODIUM;",HRX,,topiramate 200 MG Oral Tablet,199890,,0093-7220,0,,937220,93,7220,Topiramate,active,20140814,8251c4c2-9c4a-4a5c-afdc-eba2811bf48f.xml,,C42998,34391-3,,,LABELER,Teva Pharmaceuticals USA Inc,C73584,NLM,TRUE,,9,,,FALSE,TRUE,FALSE,TRUE,TRUE
00093-7227-72_PART_1_OF_1_CHAL10_SB_CC306663.jpg,00093-7227-72,7227,TRUE,FALSE,FALSE,fcn_mix_weight/dr_224/00093-7227-72_PART_1_OF_1_CHAL10_SB_CC306663.jpg,00093-7227-72_CC306663,28402,TRUE,10/17/2017 05:31:22 PM,10/17/2017 05:31:22 PM,f59980f4-8103-45ea-9643-13a133e14415-0093-7227-0,f59980f4-8103-45ea-9643-13a133e14415,19,,C48336,CAPSULE,,1,,93;7227;93;7227,,C48325,WHITE,,RIBAVIRIN 200 mg;,RIBAVIRIN[RIBAVIRIN];,"CALCIUM PHOSPHATE, DIBASIC, ANHYDROUS;CROSCARMELLOSE SODIUM;FD&C BLUE NO. 2;INDIGOTINDISULFONATE SODIUM;ALUMINUM OXIDE;MAGNESIUM STEARATE;POVIDONE K30;SHELLAC;TITANIUM DIOXIDE;GELATIN;",HRX,,Ribavirin 200 MG Oral Capsule,312817,,0093-7227,0,,937227,93,7227,Ribavirin,completed,20140905,4afa835e-046a-46d8-ae04-59157f36675c.xml,,C25158,34391-3,,,LABELER,Teva Pharmaceuticals USA Inc,C73584,NLM,TRUE,,11,,,FALSE,TRUE,FALSE,FALSE,TRUE
00093-7227-72_PART_1_OF_1_CHAL10_SF_CC306663.jpg,00093-7227-72,7227,TRUE,TRUE,FALSE,fcn_mix_weight/dr_224/00093-7227-72_PART_1_OF_1_CHAL10_SF_CC306663.jpg,00093-7227-72_CC306663,28402,TRUE,10/17/2017 05:31:22 PM,10/17/2017 05:31:22 PM,f59980f4-8103-45ea-9643-13a133e14415-0093-7227-0,f59980f4-8103-45ea-9643-13a133e14415,19,,C48336,CAPSULE,,1,,93;7227;93;7227,,C48325,WHITE,,RIBAVIRIN 200 mg;,RIBAVIRIN[RIBAVIRIN];,"CALCIUM PHOSPHATE, DIBASIC, ANHYDROUS;CROSCARMELLOSE SODIUM;FD&C BLUE NO. 2;INDIGOTINDISULFONATE SODIUM;ALUMINUM OXIDE;MAGNESIUM STEARATE;POVIDONE K30;SHELLAC;TITANIUM DIOXIDE;GELATIN;",HRX,,Ribavirin 200 MG Oral Capsule,312817,,0093-7227,0,,937227,93,7227,Ribavirin,completed,20140905,4afa835e-046a-46d8-ae04-59157f36675c.xml,,C25158,34391-3,,,LABELER,Teva Pharmaceuticals USA Inc,C73584,NLM,TRUE,,11,,,FALSE,TRUE,FALSE,FALSE,TRUE
00093-7234-01_PART_1_OF_1_CHAL10_SB_B13058E2.jpg,00093-7234-01,7234,TRUE,FALSE,FALSE,fcn_mix_weight/dr_224/00093-7234-01_PART_1_OF_1_CHAL10_SB_B13058E2.jpg,00093-7234-01_B13058E2,20099,TRUE,10/17/2017 05:30:47 PM,10/17/2017 05:30:47 PM,18a4fe07-f5f7-41d1-b7d1-85563b54d2cf-0093-7234-0,18a4fe07-f5f7-41d1-b7d1-85563b54d2cf,10,,C48345,OVAL,,1,,93;7234,,C48330,YELLOW,,MELOXICAM 7.5 mg;,MELOXICAM[MELOXICAM];,"SILICON DIOXIDE;CROSPOVIDONE;LACTOSE MONOHYDRATE;MAGNESIUM STEARATE;CELLULOSE, MICROCRYSTALLINE;POVIDONE K30;TRISODIUM CITRATE DIHYDRATE;",HRX,,meloxicam 7.5 MG Oral Tablet,311486,,0093-7234,0,,937234,93,7234,Meloxicam,active,20130822,8b865b02-2a5e-45e4-af3b-c9ca69284876.xml,,C42998,34391-3,,,LABELER,Teva Pharmaceuticals USA Inc,C73584,NLM,TRUE,,9,,,FALSE,TRUE,FALSE,TRUE,TRUE
00093-7234-01_PART_1_OF_1_CHAL10_SF_B13058E2.jpg,00093-7234-01,7234,TRUE,TRUE,FALSE,fcn_mix_weight/dr_224/00093-7234-01_PART_1_OF_1_CHAL10_SF_B13058E2.jpg,00093-7234-01_B13058E2,20099,TRUE,10/17/2017 05:30:47 PM,10/17/2017 05:30:47 PM,18a4fe07-f5f7-41d1-b7d1-85563b54d2cf-0093-7234-0,18a4fe07-f5f7-41d1-b7d1-85563b54d2cf,10,,C48345,OVAL,,1,,93;7234,,C48330,YELLOW,,MELOXICAM 7.5 mg;,MELOXICAM[MELOXICAM];,"SILICON DIOXIDE;CROSPOVIDONE;LACTOSE MONOHYDRATE;MAGNESIUM STEARATE;CELLULOSE, MICROCRYSTALLINE;POVIDONE K30;TRISODIUM CITRATE DIHYDRATE;",HRX,,meloxicam 7.5 MG Oral Tablet,311486,,0093-7234,0,,937234,93,7234,Meloxicam,active,20130822,8b865b02-2a5e-45e4-af3b-c9ca69284876.xml,,C42998,34391-3,,,LABELER,Teva Pharmaceuticals USA Inc,C73584,NLM,TRUE,,9,,,FALSE,TRUE,FALSE,TRUE,TRUE
00093-7238-98_PART_1_OF_1_CHAL10_SB_731DB9BD.jpg,00093-7238-98,7238,TRUE,FALSE,FALSE,fcn_mix_weight/dr_224/00093-7238-98_PART_1_OF_1_CHAL10_SB_731DB9BD.jpg,00093-7238-98_731DB9BD,27913,TRUE,10/17/2017 05:31:20 PM,10/17/2017 05:31:20 PM,f66b58cd-5d9d-416e-a41d-bad80a306681-0093-7238-0,f66b58cd-5d9d-416e-a41d-bad80a306681,12,,C48345,OVAL,,1,,TEVA;7238,,C48331,ORANGE,,IRBESARTAN 150 mg / HYDROCHLOROTHIAZIDE 12.5 mg,IRBESARTAN[IRBESARTAN] / HYDROCHLOROTHIAZIDE[HYDROCHLOROTHIAZIDE],"SILICON DIOXIDE / CROSCARMELLOSE SODIUM / FERRIC OXIDE RED / FERRIC OXIDE YELLOW / MAGNESIUM STEARATE / CELLULOSE, MICROCRYSTALLINE / POLOXAMER 188 / POVIDONE K30 / STARCH, CORN",HRX,,HCTZ 12.5 MG / irbesartan 150 MG Oral Tablet,310792,,0093-7238,0,,937238,93,7238,Irbesartan and Hydrochlorothiazide,completed,20121213,0f654386-3ff2-43d6-b650-f9db53df9bd4.xml,,C42998,34391-3,,,LABELER,Teva Pharmaceuticals USA Inc,C73584,NLM,TRUE,,2,,,FALSE,TRUE,FALSE,TRUE,TRUE
00093-7238-98_PART_1_OF_1_CHAL10_SF_731DB9BD.jpg,00093-7238-98,7238,TRUE,TRUE,FALSE,fcn_mix_weight/dr_224/00093-7238-98_PART_1_OF_1_CHAL10_SF_731DB9BD.jpg,00093-7238-98_731DB9BD,27913,TRUE,10/17/2017 05:31:20 PM,10/17/2017 05:31:20 PM,f66b58cd-5d9d-416e-a41d-bad80a306681-0093-7238-0,f66b58cd-5d9d-416e-a41d-bad80a306681,12,,C48345,OVAL,,1,,TEVA;7238,,C48331,ORANGE,,IRBESARTAN 150 mg / HYDROCHLOROTHIAZIDE 12.5 mg,IRBESARTAN[IRBESARTAN] / HYDROCHLOROTHIAZIDE[HYDROCHLOROTHIAZIDE],"SILICON DIOXIDE / CROSCARMELLOSE SODIUM / FERRIC OXIDE RED / FERRIC OXIDE YELLOW / MAGNESIUM STEARATE / CELLULOSE, MICROCRYSTALLINE / POLOXAMER 188 / POVIDONE K30 / STARCH, CORN",HRX,,HCTZ 12.5 MG / irbesartan 150 MG Oral Tablet,310792,,0093-7238,0,,937238,93,7238,Irbesartan and Hydrochlorothiazide,completed,20121213,0f654386-3ff2-43d6-b650-f9db53df9bd4.xml,,C42998,34391-3,,,LABELER,Teva Pharmaceuticals USA Inc,C73584,NLM,TRUE,,2,,,FALSE,TRUE,FALSE,TRUE,TRUE
00093-7239-98_PART_1_OF_1_CHAL10_SB_A71DD3FE.jpg,00093-7239-98,7239,TRUE,FALSE,FALSE,fcn_mix_weight/dr_224/00093-7239-98_PART_1_OF_1_CHAL10_SB_A71DD3FE.jpg,00093-7239-98_A71DD3FE,30129,TRUE,10/17/2017 05:31:30 PM,10/17/2017 05:31:30 PM,f66b58cd-5d9d-416e-a41d-bad80a306681-0093-7239-0,f66b58cd-5d9d-416e-a41d-bad80a306681,16,,C48345,OVAL,,1,,TEVA;7239,,C48331,ORANGE,,IRBESARTAN 300 mg / HYDROCHLOROTHIAZIDE 12.5 mg,IRBESARTAN[IRBESARTAN] / HYDROCHLOROTHIAZIDE[HYDROCHLOROTHIAZIDE],"SILICON DIOXIDE / CROSCARMELLOSE SODIUM / FERRIC OXIDE RED / FERRIC OXIDE YELLOW / MAGNESIUM STEARATE / CELLULOSE, MICROCRYSTALLINE / POLOXAMER 188 / POVIDONE K30 / STARCH, CORN",HRX,,HCTZ 12.5 MG / irbesartan 300 MG Oral Tablet,310793,,0093-7239,0,,937239,93,7239,Irbesartan and Hydrochlorothiazide,completed,20121213,0f654386-3ff2-43d6-b650-f9db53df9bd4.xml,,C42998,34391-3,,,LABELER,Teva Pharmaceuticals USA Inc,C73584,NLM,TRUE,,2,,,FALSE,TRUE,FALSE,TRUE,TRUE
00093-7239-98_PART_1_OF_1_CHAL10_SF_A71DD3FE.jpg,00093-7239-98,7239,TRUE,TRUE,FALSE,fcn_mix_weight/dr_224/00093-7239-98_PART_1_OF_1_CHAL10_SF_A71DD3FE.jpg,00093-7239-98_A71DD3FE,30129,TRUE,10/17/2017 05:31:30 PM,10/17/2017 05:31:30 PM,f66b58cd-5d9d-416e-a41d-bad80a306681-0093-7239-0,f66b58cd-5d9d-416e-a41d-bad80a306681,16,,C48345,OVAL,,1,,TEVA;7239,,C48331,ORANGE,,IRBESARTAN 300 mg / HYDROCHLOROTHIAZIDE 12.5 mg,IRBESARTAN[IRBESARTAN] / HYDROCHLOROTHIAZIDE[HYDROCHLOROTHIAZIDE],"SILICON DIOXIDE / CROSCARMELLOSE SODIUM / FERRIC OXIDE RED / FERRIC OXIDE YELLOW / MAGNESIUM STEARATE / CELLULOSE, MICROCRYSTALLINE / POLOXAMER 188 / POVIDONE K30 / STARCH, CORN",HRX,,HCTZ 12.5 MG / irbesartan 300 MG Oral Tablet,310793,,0093-7239,0,,937239,93,7239,Irbesartan and Hydrochlorothiazide,completed,20121213,0f654386-3ff2-43d6-b650-f9db53df9bd4.xml,,C42998,34391-3,,,LABELER,Teva Pharmaceuticals USA Inc,C73584,NLM,TRUE,,2,,,FALSE,TRUE,FALSE,TRUE,TRUE
00093-7240-06_PART_1_OF_1_CHAL10_SB_7F293FE9.jpg,00093-7240-06,7240,TRUE,FALSE,FALSE,fcn_mix_weight/dr_224/00093-7240-06_PART_1_OF_1_CHAL10_SB_7F293FE9.jpg,00093-7240-06_7F293FE9,25472,TRUE,10/17/2017 05:31:10 PM,10/17/2017 05:31:10 PM,44df7cdc-fa24-4e52-800b-63589cf49706-0093-7240-0,44df7cdc-fa24-4e52-800b-63589cf49706,8,,C48348,ROUND,,1,,93;7240,,C48325,WHITE,,RISPERIDONE 1 mg,RISPERIDONE[RISPERIDONE],"SILICON DIOXIDE / HYPROMELLOSE 2910 (5 MPA.S) / LACTOSE MONOHYDRATE / MAGNESIUM STEARATE / CELLULOSE, MICROCRYSTALLINE / POLYETHYLENE GLYCOL 6000 / POLYETHYLENE GLYCOL 400 / STARCH, CORN / SODIUM LAURYL SULFATE / SODIUM STARCH GLYCOLATE TYPE A POTATO / TITANIUM DIOXIDE",HRX,,Risperidone 1 MG Oral Tablet,312830,,0093-7240,0,,937240,93,7240,Risperidone,active,20120725,629658fb-25c4-40bc-abd7-b6db0f600a9e.xml,,C42931,34391-3,,,LABELER,Teva Pharmaceuticals USA Inc,C73584,NLM,TRUE,,9,,,FALSE,TRUE,FALSE,TRUE,TRUE
00093-7240-06_PART_1_OF_1_CHAL10_SF_7F293FE9.jpg,00093-7240-06,7240,TRUE,TRUE,FALSE,fcn_mix_weight/dr_224/00093-7240-06_PART_1_OF_1_CHAL10_SF_7F293FE9.jpg,00093-7240-06_7F293FE9,25472,TRUE,10/17/2017 05:31:10 PM,10/17/2017 05:31:10 PM,44df7cdc-fa24-4e52-800b-63589cf49706-0093-7240-0,44df7cdc-fa24-4e52-800b-63589cf49706,8,,C48348,ROUND,,1,,93;7240,,C48325,WHITE,,RISPERIDONE 1 mg,RISPERIDONE[RISPERIDONE],"SILICON DIOXIDE / HYPROMELLOSE 2910 (5 MPA.S) / LACTOSE MONOHYDRATE / MAGNESIUM STEARATE / CELLULOSE, MICROCRYSTALLINE / POLYETHYLENE GLYCOL 6000 / POLYETHYLENE GLYCOL 400 / STARCH, CORN / SODIUM LAURYL SULFATE / SODIUM STARCH GLYCOLATE TYPE A POTATO / TITANIUM DIOXIDE",HRX,,Risperidone 1 MG Oral Tablet,312830,,0093-7240,0,,937240,93,7240,Risperidone,active,20120725,629658fb-25c4-40bc-abd7-b6db0f600a9e.xml,,C42931,34391-3,,,LABELER,Teva Pharmaceuticals USA Inc,C73584,NLM,TRUE,,9,,,FALSE,TRUE,FALSE,TRUE,TRUE
00093-7241-06_PART_1_OF_1_CHAL10_SB_8B2945BA.jpg,00093-7241-06,7241,TRUE,FALSE,FALSE,fcn_mix_weight/dr_224/00093-7241-06_PART_1_OF_1_CHAL10_SB_8B2945BA.jpg,00093-7241-06_8B2945BA,31006,TRUE,10/17/2017 05:31:34 PM,10/17/2017 05:31:34 PM,44df7cdc-fa24-4e52-800b-63589cf49706-0093-7241-0,44df7cdc-fa24-4e52-800b-63589cf49706,8,,C48348,ROUND,,1,,93;7241,,C48331,ORANGE,,RISPERIDONE 2 mg,RISPERIDONE[RISPERIDONE],"SILICON DIOXIDE / HYPROMELLOSE 2910 (5 MPA.S) / LACTOSE MONOHYDRATE / MAGNESIUM STEARATE / CELLULOSE, MICROCRYSTALLINE / POLYETHYLENE GLYCOL 6000 / POLYETHYLENE GLYCOL 400 / STARCH, CORN / SODIUM LAURYL SULFATE / SODIUM STARCH GLYCOLATE TYPE A POTATO / TITANIUM DIOXIDE / FD&C YELLOW NO. 6 / ALUMINUM OXIDE",HRX,,Risperidone 2 MG Oral Tablet,312831,,0093-7241,0,,937241,93,7241,Risperidone,active,20120725,629658fb-25c4-40bc-abd7-b6db0f600a9e.xml,,C42931,34391-3,,,LABELER,Teva Pharmaceuticals USA Inc,C73584,NLM,TRUE,,9,,,FALSE,TRUE,FALSE,TRUE,TRUE
00093-7241-06_PART_1_OF_1_CHAL10_SF_8B2945BA.jpg,00093-7241-06,7241,TRUE,TRUE,FALSE,fcn_mix_weight/dr_224/00093-7241-06_PART_1_OF_1_CHAL10_SF_8B2945BA.jpg,00093-7241-06_8B2945BA,31006,TRUE,10/17/2017 05:31:34 PM,10/17/2017 05:31:34 PM,44df7cdc-fa24-4e52-800b-63589cf49706-0093-7241-0,44df7cdc-fa24-4e52-800b-63589cf49706,8,,C48348,ROUND,,1,,93;7241,,C48331,ORANGE,,RISPERIDONE 2 mg,RISPERIDONE[RISPERIDONE],"SILICON DIOXIDE / HYPROMELLOSE 2910 (5 MPA.S) / LACTOSE MONOHYDRATE / MAGNESIUM STEARATE / CELLULOSE, MICROCRYSTALLINE / POLYETHYLENE GLYCOL 6000 / POLYETHYLENE GLYCOL 400 / STARCH, CORN / SODIUM LAURYL SULFATE / SODIUM STARCH GLYCOLATE TYPE A POTATO / TITANIUM DIOXIDE / FD&C YELLOW NO. 6 / ALUMINUM OXIDE",HRX,,Risperidone 2 MG Oral Tablet,312831,,0093-7241,0,,937241,93,7241,Risperidone,active,20120725,629658fb-25c4-40bc-abd7-b6db0f600a9e.xml,,C42931,34391-3,,,LABELER,Teva Pharmaceuticals USA Inc,C73584,NLM,TRUE,,9,,,FALSE,TRUE,FALSE,TRUE,TRUE
00093-7242-06_PART_1_OF_1_CHAL10_SB_76293B69.jpg,00093-7242-06,7242,TRUE,FALSE,FALSE,fcn_mix_weight/dr_224/00093-7242-06_PART_1_OF_1_CHAL10_SB_76293B69.jpg,00093-7242-06_76293B69,29150,TRUE,10/17/2017 05:31:26 PM,10/17/2017 05:31:26 PM,44df7cdc-fa24-4e52-800b-63589cf49706-0093-7242-0,44df7cdc-fa24-4e52-800b-63589cf49706,9,,C48348,ROUND,,1,,93;7242,,C48330,YELLOW,,RISPERIDONE 3 mg,RISPERIDONE[RISPERIDONE],"SILICON DIOXIDE / HYPROMELLOSE 2910 (5 MPA.S) / LACTOSE MONOHYDRATE / MAGNESIUM STEARATE / CELLULOSE, MICROCRYSTALLINE / POLYETHYLENE GLYCOL 6000 / POLYETHYLENE GLYCOL 400 / STARCH, CORN / SODIUM LAURYL SULFATE / SODIUM STARCH GLYCOLATE TYPE A POTATO / TITANIUM DIOXIDE / D&C YELLOW NO. 10 / ALUMINUM OXIDE",HRX,,Risperidone 3 MG Oral Tablet,312832,,0093-7242,0,,937242,93,7242,Risperidone,active,20120725,629658fb-25c4-40bc-abd7-b6db0f600a9e.xml,,C42931,34391-3,,,LABELER,Teva Pharmaceuticals USA Inc,C73584,NLM,TRUE,,9,,,FALSE,TRUE,FALSE,TRUE,TRUE
00093-7242-06_PART_1_OF_1_CHAL10_SF_76293B69.jpg,00093-7242-06,7242,TRUE,TRUE,FALSE,fcn_mix_weight/dr_224/00093-7242-06_PART_1_OF_1_CHAL10_SF_76293B69.jpg,00093-7242-06_76293B69,29150,TRUE,10/17/2017 05:31:26 PM,10/17/2017 05:31:26 PM,44df7cdc-fa24-4e52-800b-63589cf49706-0093-7242-0,44df7cdc-fa24-4e52-800b-63589cf49706,9,,C48348,ROUND,,1,,93;7242,,C48330,YELLOW,,RISPERIDONE 3 mg,RISPERIDONE[RISPERIDONE],"SILICON DIOXIDE / HYPROMELLOSE 2910 (5 MPA.S) / LACTOSE MONOHYDRATE / MAGNESIUM STEARATE / CELLULOSE, MICROCRYSTALLINE / POLYETHYLENE GLYCOL 6000 / POLYETHYLENE GLYCOL 400 / STARCH, CORN / SODIUM LAURYL SULFATE / SODIUM STARCH GLYCOLATE TYPE A POTATO / TITANIUM DIOXIDE / D&C YELLOW NO. 10 / ALUMINUM OXIDE",HRX,,Risperidone 3 MG Oral Tablet,312832,,0093-7242,0,,937242,93,7242,Risperidone,active,20120725,629658fb-25c4-40bc-abd7-b6db0f600a9e.xml,,C42931,34391-3,,,LABELER,Teva Pharmaceuticals USA Inc,C73584,NLM,TRUE,,9,,,FALSE,TRUE,FALSE,TRUE,TRUE
00093-7243-06_PART_1_OF_1_CHAL10_SB_7B293DD9.jpg,00093-7243-06,7243,TRUE,FALSE,FALSE,fcn_mix_weight/dr_224/00093-7243-06_PART_1_OF_1_CHAL10_SB_7B293DD9.jpg,00093-7243-06_7B293DD9,29325,TRUE,10/17/2017 05:31:26 PM,10/17/2017 05:31:26 PM,44df7cdc-fa24-4e52-800b-63589cf49706-0093-7243-0,44df7cdc-fa24-4e52-800b-63589cf49706,10,,C48348,ROUND,,1,,93;7243,,C48329,GREEN,,RISPERIDONE 4 mg,RISPERIDONE[RISPERIDONE],"SILICON DIOXIDE / HYPROMELLOSE 2910 (5 MPA.S) / LACTOSE MONOHYDRATE / MAGNESIUM STEARATE / CELLULOSE, MICROCRYSTALLINE / POLYETHYLENE GLYCOL 6000 / POLYETHYLENE GLYCOL 400 / STARCH, CORN / SODIUM LAURYL SULFATE / SODIUM STARCH GLYCOLATE TYPE A POTATO / TITANIUM DIOXIDE / D&C YELLOW NO. 10 / ALUMINUM OXIDE / FERRIC OXIDE YELLOW / FD&C BLUE NO. 1 / FD&C BLUE NO. 2",HRX,,Risperidone 4 MG Oral Tablet,314211,,0093-7243,0,,937243,93,7243,Risperidone,active,20120725,629658fb-25c4-40bc-abd7-b6db0f600a9e.xml,,C42931,34391-3,,,LABELER,Teva Pharmaceuticals USA Inc,C73584,NLM,TRUE,,9,,,FALSE,TRUE,FALSE,TRUE,TRUE
00093-7243-06_PART_1_OF_1_CHAL10_SF_7B293DD9.jpg,00093-7243-06,7243,TRUE,TRUE,FALSE,fcn_mix_weight/dr_224/00093-7243-06_PART_1_OF_1_CHAL10_SF_7B293DD9.jpg,00093-7243-06_7B293DD9,29325,TRUE,10/17/2017 05:31:26 PM,10/17/2017 05:31:26 PM,44df7cdc-fa24-4e52-800b-63589cf49706-0093-7243-0,44df7cdc-fa24-4e52-800b-63589cf49706,10,,C48348,ROUND,,1,,93;7243,,C48329,GREEN,,RISPERIDONE 4 mg,RISPERIDONE[RISPERIDONE],"SILICON DIOXIDE / HYPROMELLOSE 2910 (5 MPA.S) / LACTOSE MONOHYDRATE / MAGNESIUM STEARATE / CELLULOSE, MICROCRYSTALLINE / POLYETHYLENE GLYCOL 6000 / POLYETHYLENE GLYCOL 400 / STARCH, CORN / SODIUM LAURYL SULFATE / SODIUM STARCH GLYCOLATE TYPE A POTATO / TITANIUM DIOXIDE / D&C YELLOW NO. 10 / ALUMINUM OXIDE / FERRIC OXIDE YELLOW / FD&C BLUE NO. 1 / FD&C BLUE NO. 2",HRX,,Risperidone 4 MG Oral Tablet,314211,,0093-7243,0,,937243,93,7243,Risperidone,active,20120725,629658fb-25c4-40bc-abd7-b6db0f600a9e.xml,,C42931,34391-3,,,LABELER,Teva Pharmaceuticals USA Inc,C73584,NLM,TRUE,,9,,,FALSE,TRUE,FALSE,TRUE,TRUE
00093-7258-56_PART_1_OF_1_CHAL10_SB_28301410.jpg,00093-7258-56,7258,TRUE,FALSE,FALSE,fcn_mix_weight/dr_224/00093-7258-56_PART_1_OF_1_CHAL10_SB_28301410.jpg,00093-7258-56_28301410,27633,TRUE,10/17/2017 05:31:19 PM,2020-02-10 16:59:20,3172560a-e692-41f0-9ac3-bf6bfb90c4d6-0093-7258-0,3172560a-e692-41f0-9ac3-bf6bfb90c4d6,18,,C48345,OVAL,,1,,93;7258,,C48333,BLUE,,VALACYCLOVIR HYDROCHLORIDE 500 mg;,VALACYCLOVIR HYDROCHLORIDE[ACYCLOVIR];,"POWDERED CELLULOSE;CROSCARMELLOSE SODIUM;FD&C BLUE NO. 2;INDIGOTINDISULFONATE SODIUM;HYPROMELLOSE 2910 (6 MPA.S);STARCH, CORN;POLYETHYLENE GLYCOL 400;POLYSORBATE 80;SODIUM STEARYL FUMARATE;TITANIUM DIOXIDE;",HRX,SCD,valacyclovir 500 MG Oral Tablet,313565,2020-02-10 15:07:05,0093-7258,0,,937258,93,7258,Valacyclovir,completed,20200131,84ea32d8-7235-4cb0-b53d-a6b7040ba28b.xml,,C42931,34391-3,,,LABELER,"Teva Pharmaceuticals USA, Inc.",C73584,NLM,TRUE,,12,,,TRUE,FALSE,FALSE,TRUE,TRUE
00093-7258-56_PART_1_OF_1_CHAL10_SF_28301410.jpg,00093-7258-56,7258,TRUE,TRUE,FALSE,fcn_mix_weight/dr_224/00093-7258-56_PART_1_OF_1_CHAL10_SF_28301410.jpg,00093-7258-56_28301410,27633,TRUE,10/17/2017 05:31:19 PM,2020-02-10 16:59:20,3172560a-e692-41f0-9ac3-bf6bfb90c4d6-0093-7258-0,3172560a-e692-41f0-9ac3-bf6bfb90c4d6,18,,C48345,OVAL,,1,,93;7258,,C48333,BLUE,,VALACYCLOVIR HYDROCHLORIDE 500 mg;,VALACYCLOVIR HYDROCHLORIDE[ACYCLOVIR];,"POWDERED CELLULOSE;CROSCARMELLOSE SODIUM;FD&C BLUE NO. 2;INDIGOTINDISULFONATE SODIUM;HYPROMELLOSE 2910 (6 MPA.S);STARCH, CORN;POLYETHYLENE GLYCOL 400;POLYSORBATE 80;SODIUM STEARYL FUMARATE;TITANIUM DIOXIDE;",HRX,SCD,valacyclovir 500 MG Oral Tablet,313565,2020-02-10 15:07:05,0093-7258,0,,937258,93,7258,Valacyclovir,completed,20200131,84ea32d8-7235-4cb0-b53d-a6b7040ba28b.xml,,C42931,34391-3,,,LABELER,"Teva Pharmaceuticals USA, Inc.",C73584,NLM,TRUE,,12,,,TRUE,FALSE,FALSE,TRUE,TRUE
00093-7259-56_PART_1_OF_1_CHAL10_SB_B92FDCFE.jpg,00093-7259-56,7259,TRUE,FALSE,FALSE,fcn_mix_weight/dr_224/00093-7259-56_PART_1_OF_1_CHAL10_SB_B92FDCFE.jpg,00093-7259-56_B92FDCFE,13879,TRUE,10/17/2017 05:30:21 PM,2020-02-10 17:10:11,3172560a-e692-41f0-9ac3-bf6bfb90c4d6-0093-7259-0,3172560a-e692-41f0-9ac3-bf6bfb90c4d6,23,,C48345,OVAL,,2,,93;7259,,C48333,BLUE,,VALACYCLOVIR HYDROCHLORIDE 1 g;,VALACYCLOVIR HYDROCHLORIDE[ACYCLOVIR];,"POWDERED CELLULOSE;CROSCARMELLOSE SODIUM;FD&C BLUE NO. 2;INDIGOTINDISULFONATE SODIUM;HYPROMELLOSE 2910 (6 MPA.S);STARCH, CORN;POLYETHYLENE GLYCOL 400;POLYSORBATE 80;SODIUM STEARYL FUMARATE;TITANIUM DIOXIDE;",HRX,SCD,valacyclovir 1000 MG Oral Tablet,313564,2020-02-10 16:00:02,0093-7259,0,,937259,93,7259,Valacyclovir,completed,20200131,84ea32d8-7235-4cb0-b53d-a6b7040ba28b.xml,,C42931,34391-3,,,LABELER,"Teva Pharmaceuticals USA, Inc.",C73584,NLM,TRUE,,12,,,TRUE,FALSE,FALSE,TRUE,TRUE
00093-7259-56_PART_1_OF_1_CHAL10_SF_B92FDCFE.jpg,00093-7259-56,7259,TRUE,TRUE,FALSE,fcn_mix_weight/dr_224/00093-7259-56_PART_1_OF_1_CHAL10_SF_B92FDCFE.jpg,00093-7259-56_B92FDCFE,13879,TRUE,10/17/2017 05:30:21 PM,2020-02-10 17:10:11,3172560a-e692-41f0-9ac3-bf6bfb90c4d6-0093-7259-0,3172560a-e692-41f0-9ac3-bf6bfb90c4d6,23,,C48345,OVAL,,2,,93;7259,,C48333,BLUE,,VALACYCLOVIR HYDROCHLORIDE 1 g;,VALACYCLOVIR HYDROCHLORIDE[ACYCLOVIR];,"POWDERED CELLULOSE;CROSCARMELLOSE SODIUM;FD&C BLUE NO. 2;INDIGOTINDISULFONATE SODIUM;HYPROMELLOSE 2910 (6 MPA.S);STARCH, CORN;POLYETHYLENE GLYCOL 400;POLYSORBATE 80;SODIUM STEARYL FUMARATE;TITANIUM DIOXIDE;",HRX,SCD,valacyclovir 1000 MG Oral Tablet,313564,2020-02-10 16:00:02,0093-7259,0,,937259,93,7259,Valacyclovir,completed,20200131,84ea32d8-7235-4cb0-b53d-a6b7040ba28b.xml,,C42931,34391-3,,,LABELER,"Teva Pharmaceuticals USA, Inc.",C73584,NLM,TRUE,,12,,,TRUE,FALSE,FALSE,TRUE,TRUE
00093-7267-01_PART_1_OF_1_CHAL10_SB_DF2FEFEF.jpg,00093-7267-01,7267,TRUE,FALSE,FALSE,fcn_mix_weight/dr_224/00093-7267-01_PART_1_OF_1_CHAL10_SB_DF2FEFEF.jpg,00093-7267-01_DF2FEFEF,35139,TRUE,10/17/2017 05:31:53 PM,2020-02-10 17:14:01,060c694c-804c-4d32-a6d6-d6575be7ac2f-0093-7267-0,060c694c-804c-4d32-a6d6-d6575be7ac2f,19,,C48345,OVAL,,1,,93;7267,,C48325,WHITE,,METFORMIN HYDROCHLORIDE 500 mg;,METFORMIN HYDROCHLORIDE[METFORMIN];,ETHYLCELLULOSE (7 MPA.S);HYPROMELLOSE 2208 (100000 MPA.S);MAGNESIUM STEARATE;MICROCRYSTALLINE CELLULOSE;,HRX,SCD,24 HR metformin hydrochloride 500 MG Extended Release Oral Tablet,860975,2020-02-10 16:21:14,0093-7267,0,,937267,93,7267,Metformin Hydrochloride,completed,20170401,a84b54af-b795-44bf-bb70-ab9d029ec0c7.xml,,C42927,34391-3,,,LABELER,"Teva Pharmaceuticals USA, Inc.",C73584,NLM,TRUE,,8,,,TRUE,FALSE,FALSE,TRUE,TRUE
00093-7267-01_PART_1_OF_1_CHAL10_SF_DF2FEFEF.jpg,00093-7267-01,7267,TRUE,TRUE,FALSE,fcn_mix_weight/dr_224/00093-7267-01_PART_1_OF_1_CHAL10_SF_DF2FEFEF.jpg,00093-7267-01_DF2FEFEF,35139,TRUE,10/17/2017 05:31:53 PM,2020-02-10 17:14:01,060c694c-804c-4d32-a6d6-d6575be7ac2f-0093-7267-0,060c694c-804c-4d32-a6d6-d6575be7ac2f,19,,C48345,OVAL,,1,,93;7267,,C48325,WHITE,,METFORMIN HYDROCHLORIDE 500 mg;,METFORMIN HYDROCHLORIDE[METFORMIN];,ETHYLCELLULOSE (7 MPA.S);HYPROMELLOSE 2208 (100000 MPA.S);MAGNESIUM STEARATE;MICROCRYSTALLINE CELLULOSE;,HRX,SCD,24 HR metformin hydrochloride 500 MG Extended Release Oral Tablet,860975,2020-02-10 16:21:14,0093-7267,0,,937267,93,7267,Metformin Hydrochloride,completed,20170401,a84b54af-b795-44bf-bb70-ab9d029ec0c7.xml,,C42927,34391-3,,,LABELER,"Teva Pharmaceuticals USA, Inc.",C73584,NLM,TRUE,,8,,,TRUE,FALSE,FALSE,TRUE,TRUE
00093-7270-98_PART_1_OF_1_CHAL10_SB_9027C85E.jpg,00093-7270-98,7270,TRUE,FALSE,FALSE,fcn_mix_weight/dr_224/00093-7270-98_PART_1_OF_1_CHAL10_SB_9027C85E.jpg,00093-7270-98_9027C85E,21295,TRUE,10/17/2017 05:30:52 PM,2020-02-10 17:11:04,99e0e848-f8f3-4b42-b880-8fbc42633948-0093-7270-0,99e0e848-f8f3-4b42-b880-8fbc42633948,18,,C48345,OVAL,,1,,TEVA;7270,,C48325,WHITE,,PRAVASTATIN SODIUM 80 mg;,PRAVASTATIN SODIUM[PRAVASTATIN];,"ANHYDROUS DIBASIC CALCIUM PHOSPHATE;CROSPOVIDONE (15 MPA.S AT 5%);ANHYDROUS LACTOSE;CELLULOSE, MICROCRYSTALLINE;POVIDONE K30;MAGNESIUM STEARATE;",HRX,SCD,pravastatin sodium 80 MG Oral Tablet,904481,2020-02-10 16:04:43,0093-7270,0,,937270,93,7270,Pravastatin Sodium,active,20200603,c3f01c1f-58d9-4a2e-abbb-6d0297db1df9.xml,,C42998,34391-3,,,LABELER,"Teva Pharmaceuticals USA, Inc.",C73584,NLM,TRUE,,18,,,TRUE,FALSE,FALSE,TRUE,TRUE
00093-7270-98_PART_1_OF_1_CHAL10_SF_9027C85E.jpg,00093-7270-98,7270,TRUE,TRUE,FALSE,fcn_mix_weight/dr_224/00093-7270-98_PART_1_OF_1_CHAL10_SF_9027C85E.jpg,00093-7270-98_9027C85E,21295,TRUE,10/17/2017 05:30:52 PM,2020-02-10 17:11:04,99e0e848-f8f3-4b42-b880-8fbc42633948-0093-7270-0,99e0e848-f8f3-4b42-b880-8fbc42633948,18,,C48345,OVAL,,1,,TEVA;7270,,C48325,WHITE,,PRAVASTATIN SODIUM 80 mg;,PRAVASTATIN SODIUM[PRAVASTATIN];,"ANHYDROUS DIBASIC CALCIUM PHOSPHATE;CROSPOVIDONE (15 MPA.S AT 5%);ANHYDROUS LACTOSE;CELLULOSE, MICROCRYSTALLINE;POVIDONE K30;MAGNESIUM STEARATE;",HRX,SCD,pravastatin sodium 80 MG Oral Tablet,904481,2020-02-10 16:04:43,0093-7270,0,,937270,93,7270,Pravastatin Sodium,active,20200603,c3f01c1f-58d9-4a2e-abbb-6d0297db1df9.xml,,C42998,34391-3,,,LABELER,"Teva Pharmaceuticals USA, Inc.",C73584,NLM,TRUE,,18,,,TRUE,FALSE,FALSE,TRUE,TRUE
00093-7285-89_PART_1_OF_1_CHAL10_SB_B62FDB4E.jpg,00093-7285-89,7285,TRUE,FALSE,FALSE,fcn_mix_weight/dr_224/00093-7285-89_PART_1_OF_1_CHAL10_SB_B62FDB4E.jpg,00093-7285-89_B62FDB4E,35130,TRUE,10/17/2017 05:31:53 PM,10/17/2017 05:31:53 PM,c33d82ae-7991-443f-8e48-5832c02ea450-0093-7285-0,c33d82ae-7991-443f-8e48-5832c02ea450,14,,C48345,OVAL,,2,,9;3;7285,,C48333,BLUE,,LEVETIRACETAM 250 mg;,LEVETIRACETAM[LEVETIRACETAM];,"STARCH, CORN;CROSCARMELLOSE SODIUM;HYPROMELLOSE 2910 (6 MPA.S);MAGNESIUM STEARATE;POLYETHYLENE GLYCOL 3350;POLYETHYLENE GLYCOL 4000;POVIDONE K30;TITANIUM DIOXIDE;FD&C BLUE NO. 1;ALUMINUM OXIDE;FD&C BLUE NO. 2;INDIGOTINDISULFONATE SODIUM;",HRX,,Levetiracetam 250 MG Oral Tablet,311288,,0093-7285,0,,937285,93,7285,Levetiracetam,active,20141106,e6ff7b7e-4271-4a6d-b65f-53200b0169f6.xml,,C42931,34391-3,,,LABELER,Teva Pharmaceuticals USA Inc,C73584,NLM,TRUE,,9,,,FALSE,TRUE,FALSE,TRUE,TRUE
00093-7285-89_PART_1_OF_1_CHAL10_SF_B62FDB4E.jpg,00093-7285-89,7285,TRUE,TRUE,FALSE,fcn_mix_weight/dr_224/00093-7285-89_PART_1_OF_1_CHAL10_SF_B62FDB4E.jpg,00093-7285-89_B62FDB4E,35130,TRUE,10/17/2017 05:31:53 PM,10/17/2017 05:31:53 PM,c33d82ae-7991-443f-8e48-5832c02ea450-0093-7285-0,c33d82ae-7991-443f-8e48-5832c02ea450,14,,C48345,OVAL,,2,,9;3;7285,,C48333,BLUE,,LEVETIRACETAM 250 mg;,LEVETIRACETAM[LEVETIRACETAM];,"STARCH, CORN;CROSCARMELLOSE SODIUM;HYPROMELLOSE 2910 (6 MPA.S);MAGNESIUM STEARATE;POLYETHYLENE GLYCOL 3350;POLYETHYLENE GLYCOL 4000;POVIDONE K30;TITANIUM DIOXIDE;FD&C BLUE NO. 1;ALUMINUM OXIDE;FD&C BLUE NO. 2;INDIGOTINDISULFONATE SODIUM;",HRX,,Levetiracetam 250 MG Oral Tablet,311288,,0093-7285,0,,937285,93,7285,Levetiracetam,active,20141106,e6ff7b7e-4271-4a6d-b65f-53200b0169f6.xml,,C42931,34391-3,,,LABELER,Teva Pharmaceuticals USA Inc,C73584,NLM,TRUE,,9,,,FALSE,TRUE,FALSE,TRUE,TRUE
00093-7286-89_PART_1_OF_1_CHAL10_SB_D62FEB6F.jpg,00093-7286-89,7286,TRUE,FALSE,FALSE,fcn_mix_weight/dr_224/00093-7286-89_PART_1_OF_1_CHAL10_SB_D62FEB6F.jpg,00093-7286-89_D62FEB6F,38193,TRUE,10/17/2017 05:32:07 PM,10/17/2017 05:32:07 PM,c33d82ae-7991-443f-8e48-5832c02ea450-0093-7286-0,c33d82ae-7991-443f-8e48-5832c02ea450,18,,C48345,OVAL,,2,,9;3;7286,,C48330,YELLOW,,LEVETIRACETAM 500 mg;,LEVETIRACETAM[LEVETIRACETAM];,"STARCH, CORN;CROSCARMELLOSE SODIUM;HYPROMELLOSE 2910 (6 MPA.S);MAGNESIUM STEARATE;POLYETHYLENE GLYCOL 3350;POLYETHYLENE GLYCOL 4000;POVIDONE K30;TITANIUM DIOXIDE;FD&C BLUE NO. 2;INDIGOTINDISULFONATE SODIUM;ALUMINUM OXIDE;FD&C YELLOW NO. 5;FERRIC OXIDE YELLOW;",HRX,,Levetiracetam 500 MG Oral Tablet,311289,,0093-7286,0,,937286,93,7286,Levetiracetam,active,20141106,e6ff7b7e-4271-4a6d-b65f-53200b0169f6.xml,,C42931,34391-3,,,LABELER,Teva Pharmaceuticals USA Inc,C73584,NLM,TRUE,,9,,,FALSE,TRUE,FALSE,TRUE,TRUE
00093-7286-89_PART_1_OF_1_CHAL10_SF_D62FEB6F.jpg,00093-7286-89,7286,TRUE,TRUE,FALSE,fcn_mix_weight/dr_224/00093-7286-89_PART_1_OF_1_CHAL10_SF_D62FEB6F.jpg,00093-7286-89_D62FEB6F,38193,TRUE,10/17/2017 05:32:07 PM,10/17/2017 05:32:07 PM,c33d82ae-7991-443f-8e48-5832c02ea450-0093-7286-0,c33d82ae-7991-443f-8e48-5832c02ea450,18,,C48345,OVAL,,2,,9;3;7286,,C48330,YELLOW,,LEVETIRACETAM 500 mg;,LEVETIRACETAM[LEVETIRACETAM];,"STARCH, CORN;CROSCARMELLOSE SODIUM;HYPROMELLOSE 2910 (6 MPA.S);MAGNESIUM STEARATE;POLYETHYLENE GLYCOL 3350;POLYETHYLENE GLYCOL 4000;POVIDONE K30;TITANIUM DIOXIDE;FD&C BLUE NO. 2;INDIGOTINDISULFONATE SODIUM;ALUMINUM OXIDE;FD&C YELLOW NO. 5;FERRIC OXIDE YELLOW;",HRX,,Levetiracetam 500 MG Oral Tablet,311289,,0093-7286,0,,937286,93,7286,Levetiracetam,active,20141106,e6ff7b7e-4271-4a6d-b65f-53200b0169f6.xml,,C42931,34391-3,,,LABELER,Teva Pharmaceuticals USA Inc,C73584,NLM,TRUE,,9,,,FALSE,TRUE,FALSE,TRUE,TRUE
00093-7287-89_PART_1_OF_1_CHAL10_SB_D22FE95F.jpg,00093-7287-89,7287,TRUE,FALSE,FALSE,fcn_mix_weight/dr_224/00093-7287-89_PART_1_OF_1_CHAL10_SB_D22FE95F.jpg,00093-7287-89_D22FE95F,36607,TRUE,10/17/2017 05:32:00 PM,10/17/2017 05:32:00 PM,c33d82ae-7991-443f-8e48-5832c02ea450-0093-7287-0,c33d82ae-7991-443f-8e48-5832c02ea450,20,,C48345,OVAL,,2,,9;3;7287,,C48331,ORANGE,,LEVETIRACETAM 750 mg;,LEVETIRACETAM[LEVETIRACETAM];,"STARCH, CORN;CROSCARMELLOSE SODIUM;HYPROMELLOSE 2910 (6 MPA.S);MAGNESIUM STEARATE;POLYETHYLENE GLYCOL 3350;POLYETHYLENE GLYCOL 4000;POVIDONE K30;TITANIUM DIOXIDE;FD&C YELLOW NO. 6;ALUMINUM OXIDE;FERRIC OXIDE RED;FERRIC OXIDE YELLOW;",HRX,,Levetiracetam 750 MG Oral Tablet,311290,,0093-7287,0,,937287,93,7287,Levetiracetam,active,20141106,e6ff7b7e-4271-4a6d-b65f-53200b0169f6.xml,,C42931,34391-3,,,LABELER,Teva Pharmaceuticals USA Inc,C73584,NLM,TRUE,,9,,,FALSE,TRUE,FALSE,TRUE,TRUE
00093-7287-89_PART_1_OF_1_CHAL10_SF_D22FE95F.jpg,00093-7287-89,7287,TRUE,TRUE,FALSE,fcn_mix_weight/dr_224/00093-7287-89_PART_1_OF_1_CHAL10_SF_D22FE95F.jpg,00093-7287-89_D22FE95F,36607,TRUE,10/17/2017 05:32:00 PM,10/17/2017 05:32:00 PM,c33d82ae-7991-443f-8e48-5832c02ea450-0093-7287-0,c33d82ae-7991-443f-8e48-5832c02ea450,20,,C48345,OVAL,,2,,9;3;7287,,C48331,ORANGE,,LEVETIRACETAM 750 mg;,LEVETIRACETAM[LEVETIRACETAM];,"STARCH, CORN;CROSCARMELLOSE SODIUM;HYPROMELLOSE 2910 (6 MPA.S);MAGNESIUM STEARATE;POLYETHYLENE GLYCOL 3350;POLYETHYLENE GLYCOL 4000;POVIDONE K30;TITANIUM DIOXIDE;FD&C YELLOW NO. 6;ALUMINUM OXIDE;FERRIC OXIDE RED;FERRIC OXIDE YELLOW;",HRX,,Levetiracetam 750 MG Oral Tablet,311290,,0093-7287,0,,937287,93,7287,Levetiracetam,active,20141106,e6ff7b7e-4271-4a6d-b65f-53200b0169f6.xml,,C42931,34391-3,,,LABELER,Teva Pharmaceuticals USA Inc,C73584,NLM,TRUE,,9,,,FALSE,TRUE,FALSE,TRUE,TRUE
00093-7292-53_PART_1_OF_1_CHAL10_SB_781B3C09.jpg,00093-7292-53,7292,TRUE,FALSE,FALSE,fcn_mix_weight/dr_224/00093-7292-53_PART_1_OF_1_CHAL10_SB_781B3C09.jpg,00093-7292-53_781B3C09,9059,TRUE,10/17/2017 05:30:00 PM,10/17/2017 05:30:00 PM,111ad6f9-170d-4a14-a4e2-ff86f60521cd-0093-7292-0,111ad6f9-170d-4a14-a4e2-ff86f60521cd,17,,C48345,OVAL,,1,,TEVA;7292,,C48331,ORANGE,,LEVOFLOXACIN 500 mg;,LEVOFLOXACIN[LEVOFLOXACIN ANHYDROUS];,SILICON DIOXIDE;CROSCARMELLOSE SODIUM;HYDROXYPROPYL CELLULOSE (TYPE H);HYPROMELLOSE 2910 (3 MPA.S);HYPROMELLOSE 2910 (6 MPA.S);FERROSOFERRIC OXIDE;FERRIC OXIDE RED;FERRIC OXIDE YELLOW;MAGNESIUM STEARATE;POLYETHYLENE GLYCOL 400;POLYSORBATE 80;SODIUM STARCH GLYCOLATE TYPE A POTATO;TALC;TITANIUM DIOXIDE;,HRX,,Levofloxacin 500 MG Oral Tablet,199885,,0093-7292,0,,937292,93,7292,Levofloxacin,active,20140722,d141d571-9dc3-429d-a450-e6c61f295a6d.xml,,C42931,34391-3,,,LABELER,Teva Pharmaceuticals USA Inc,C73584,NLM,TRUE,,8,,,FALSE,TRUE,FALSE,TRUE,TRUE
00093-7292-53_PART_1_OF_1_CHAL10_SF_781B3C09.jpg,00093-7292-53,7292,TRUE,TRUE,FALSE,fcn_mix_weight/dr_224/00093-7292-53_PART_1_OF_1_CHAL10_SF_781B3C09.jpg,00093-7292-53_781B3C09,9059,TRUE,10/17/2017 05:30:00 PM,10/17/2017 05:30:00 PM,111ad6f9-170d-4a14-a4e2-ff86f60521cd-0093-7292-0,111ad6f9-170d-4a14-a4e2-ff86f60521cd,17,,C48345,OVAL,,1,,TEVA;7292,,C48331,ORANGE,,LEVOFLOXACIN 500 mg;,LEVOFLOXACIN[LEVOFLOXACIN ANHYDROUS];,SILICON DIOXIDE;CROSCARMELLOSE SODIUM;HYDROXYPROPYL CELLULOSE (TYPE H);HYPROMELLOSE 2910 (3 MPA.S);HYPROMELLOSE 2910 (6 MPA.S);FERROSOFERRIC OXIDE;FERRIC OXIDE RED;FERRIC OXIDE YELLOW;MAGNESIUM STEARATE;POLYETHYLENE GLYCOL 400;POLYSORBATE 80;SODIUM STARCH GLYCOLATE TYPE A POTATO;TALC;TITANIUM DIOXIDE;,HRX,,Levofloxacin 500 MG Oral Tablet,199885,,0093-7292,0,,937292,93,7292,Levofloxacin,active,20140722,d141d571-9dc3-429d-a450-e6c61f295a6d.xml,,C42931,34391-3,,,LABELER,Teva Pharmaceuticals USA Inc,C73584,NLM,TRUE,,8,,,FALSE,TRUE,FALSE,TRUE,TRUE
00093-7293-53_PART_1_OF_1_CHAL10_SB_871C43D2.jpg,00093-7293-53,7293,TRUE,FALSE,FALSE,fcn_mix_weight/dr_224/00093-7293-53_PART_1_OF_1_CHAL10_SB_871C43D2.jpg,00093-7293-53_871C43D2,27280,TRUE,10/17/2017 05:31:18 PM,10/17/2017 05:31:18 PM,111ad6f9-170d-4a14-a4e2-ff86f60521cd-0093-7293-0,111ad6f9-170d-4a14-a4e2-ff86f60521cd,20,,C48345,OVAL,,1,,TEVA;7293,,C48325,WHITE,,LEVOFLOXACIN 750 mg;,LEVOFLOXACIN[LEVOFLOXACIN ANHYDROUS];,SILICON DIOXIDE;CROSCARMELLOSE SODIUM;HYDROXYPROPYL CELLULOSE (TYPE H);HYPROMELLOSE 2910 (3 MPA.S);HYPROMELLOSE 2910 (6 MPA.S);MAGNESIUM STEARATE;POLYETHYLENE GLYCOL 400;POLYSORBATE 80;SODIUM STARCH GLYCOLATE TYPE A POTATO;TALC;TITANIUM DIOXIDE;,HRX,,Levofloxacin 750 MG Oral Tablet,311296,,0093-7293,0,,937293,93,7293,Levofloxacin,active,20140722,d141d571-9dc3-429d-a450-e6c61f295a6d.xml,,C42931,34391-3,,,LABELER,Teva Pharmaceuticals USA Inc,C73584,NLM,TRUE,,8,,,FALSE,TRUE,FALSE,TRUE,TRUE
00093-7293-53_PART_1_OF_1_CHAL10_SF_871C43D2.jpg,00093-7293-53,7293,TRUE,TRUE,FALSE,fcn_mix_weight/dr_224/00093-7293-53_PART_1_OF_1_CHAL10_SF_871C43D2.jpg,00093-7293-53_871C43D2,27280,TRUE,10/17/2017 05:31:18 PM,10/17/2017 05:31:18 PM,111ad6f9-170d-4a14-a4e2-ff86f60521cd-0093-7293-0,111ad6f9-170d-4a14-a4e2-ff86f60521cd,20,,C48345,OVAL,,1,,TEVA;7293,,C48325,WHITE,,LEVOFLOXACIN 750 mg;,LEVOFLOXACIN[LEVOFLOXACIN ANHYDROUS];,SILICON DIOXIDE;CROSCARMELLOSE SODIUM;HYDROXYPROPYL CELLULOSE (TYPE H);HYPROMELLOSE 2910 (3 MPA.S);HYPROMELLOSE 2910 (6 MPA.S);MAGNESIUM STEARATE;POLYETHYLENE GLYCOL 400;POLYSORBATE 80;SODIUM STARCH GLYCOLATE TYPE A POTATO;TALC;TITANIUM DIOXIDE;,HRX,,Levofloxacin 750 MG Oral Tablet,311296,,0093-7293,0,,937293,93,7293,Levofloxacin,active,20140722,d141d571-9dc3-429d-a450-e6c61f295a6d.xml,,C42931,34391-3,,,LABELER,Teva Pharmaceuticals USA Inc,C73584,NLM,TRUE,,8,,,FALSE,TRUE,FALSE,TRUE,TRUE
00093-7294-01_PART_1_OF_1_CHAL10_SB_812F40CA.jpg,00093-7294-01,7294,TRUE,FALSE,FALSE,fcn_mix_weight/dr_224/00093-7294-01_PART_1_OF_1_CHAL10_SB_812F40CA.jpg,00093-7294-01_812F40CA,27965,TRUE,10/17/2017 05:31:21 PM,10/17/2017 05:31:21 PM,17cd0215-4a2f-49d1-9a66-e32ada59fbe8-0093-7294-0,17cd0215-4a2f-49d1-9a66-e32ada59fbe8,11,,C48348,ROUND,,1,,93;7294,,C48325,WHITE,,TERBINAFINE 250 mg,TERBINAFINE HYDROCHLORIDE[TERBINAFINE],"HYPROMELLOSE 2910 (5 MPA.S) / MAGNESIUM STEARATE / CELLULOSE, MICROCRYSTALLINE / SILICON DIOXIDE / SODIUM STARCH GLYCOLATE TYPE A POTATO",HRX,,terbinafine (as terbinafine hydrochloride) 250 MG Oral Tablet,313222,,0093-7294,0,,937294,93,7294,Terbinafine Hydrochloride,completed,20130408,f9d97dc6-d71b-4f1c-96c2-369c9aadba50.xml,,C42998,34391-3,,,LABELER,Teva Pharmaceuticals USA Inc,C73584,NLM,TRUE,,4,,,FALSE,TRUE,FALSE,TRUE,TRUE
00093-7294-01_PART_1_OF_1_CHAL10_SF_812F40CA.jpg,00093-7294-01,7294,TRUE,TRUE,FALSE,fcn_mix_weight/dr_224/00093-7294-01_PART_1_OF_1_CHAL10_SF_812F40CA.jpg,00093-7294-01_812F40CA,27965,TRUE,10/17/2017 05:31:21 PM,10/17/2017 05:31:21 PM,17cd0215-4a2f-49d1-9a66-e32ada59fbe8-0093-7294-0,17cd0215-4a2f-49d1-9a66-e32ada59fbe8,11,,C48348,ROUND,,1,,93;7294,,C48325,WHITE,,TERBINAFINE 250 mg,TERBINAFINE HYDROCHLORIDE[TERBINAFINE],"HYPROMELLOSE 2910 (5 MPA.S) / MAGNESIUM STEARATE / CELLULOSE, MICROCRYSTALLINE / SILICON DIOXIDE / SODIUM STARCH GLYCOLATE TYPE A POTATO",HRX,,terbinafine (as terbinafine hydrochloride) 250 MG Oral Tablet,313222,,0093-7294,0,,937294,93,7294,Terbinafine Hydrochloride,completed,20130408,f9d97dc6-d71b-4f1c-96c2-369c9aadba50.xml,,C42998,34391-3,,,LABELER,Teva Pharmaceuticals USA Inc,C73584,NLM,TRUE,,4,,,FALSE,TRUE,FALSE,TRUE,TRUE
00093-7295-01_PART_1_OF_1_CHAL10_SB_31281890.jpg,00093-7295-01,7295,TRUE,FALSE,FALSE,fcn_mix_weight/dr_224/00093-7295-01_PART_1_OF_1_CHAL10_SB_31281890.jpg,00093-7295-01_31281890,40353,TRUE,10/17/2017 05:32:16 PM,2020-02-10 17:14:30,68c275e8-992a-4520-8065-ab6d615d89cc-0093-7295-0,68c275e8-992a-4520-8065-ab6d615d89cc,11,,C48345,OVAL,,1,,TV;7295,,C48325,WHITE,,CARVEDILOL 12.5 mg;,CARVEDILOL[CARVEDILOL];,SILICON DIOXIDE;CROSPOVIDONE (15 MPA.S AT 5%);HYPROMELLOSE 2910 (3 MPA.S);HYPROMELLOSE 2910 (5 MPA.S);LACTOSE MONOHYDRATE;MAGNESIUM STEARATE;POLYETHYLENE GLYCOL 400;POLYSORBATE 80;POVIDONE K30;TITANIUM DIOXIDE;,HRX,SCD,carvedilol 12.5 MG Oral Tablet,200032,2020-02-10 16:23:40,0093-7295,0,,937295,93,7295,Carvedilol,active,20170930,a369c0d5-8f93-4b0d-a5a0-8125af1309f7.xml,,C42931,34391-3,,,LABELER,"Teva Pharmaceuticals USA, Inc.",C73584,NLM,TRUE,,15,,,TRUE,FALSE,FALSE,TRUE,TRUE
00093-7295-01_PART_1_OF_1_CHAL10_SF_31281890.jpg,00093-7295-01,7295,TRUE,TRUE,FALSE,fcn_mix_weight/dr_224/00093-7295-01_PART_1_OF_1_CHAL10_SF_31281890.jpg,00093-7295-01_31281890,40353,TRUE,10/17/2017 05:32:16 PM,2020-02-10 17:14:30,68c275e8-992a-4520-8065-ab6d615d89cc-0093-7295-0,68c275e8-992a-4520-8065-ab6d615d89cc,11,,C48345,OVAL,,1,,TV;7295,,C48325,WHITE,,CARVEDILOL 12.5 mg;,CARVEDILOL[CARVEDILOL];,SILICON DIOXIDE;CROSPOVIDONE (15 MPA.S AT 5%);HYPROMELLOSE 2910 (3 MPA.S);HYPROMELLOSE 2910 (5 MPA.S);LACTOSE MONOHYDRATE;MAGNESIUM STEARATE;POLYETHYLENE GLYCOL 400;POLYSORBATE 80;POVIDONE K30;TITANIUM DIOXIDE;,HRX,SCD,carvedilol 12.5 MG Oral Tablet,200032,2020-02-10 16:23:40,0093-7295,0,,937295,93,7295,Carvedilol,active,20170930,a369c0d5-8f93-4b0d-a5a0-8125af1309f7.xml,,C42931,34391-3,,,LABELER,"Teva Pharmaceuticals USA, Inc.",C73584,NLM,TRUE,,15,,,TRUE,FALSE,FALSE,TRUE,TRUE
00093-7296-01_PART_1_OF_1_CHAL10_SB_F727FBEF.jpg,00093-7296-01,7296,TRUE,FALSE,FALSE,fcn_mix_weight/dr_224/00093-7296-01_PART_1_OF_1_CHAL10_SB_F727FBEF.jpg,00093-7296-01_F727FBEF,19534,TRUE,10/17/2017 05:30:45 PM,2020-02-10 17:08:37,68c275e8-992a-4520-8065-ab6d615d89cc-0093-7296-0,68c275e8-992a-4520-8065-ab6d615d89cc,14,,C48345,OVAL,,1,,TV;7296,,C48325,WHITE,,CARVEDILOL 25 mg;,CARVEDILOL[CARVEDILOL];,SILICON DIOXIDE;CROSPOVIDONE (15 MPA.S AT 5%);HYPROMELLOSE 2910 (3 MPA.S);HYPROMELLOSE 2910 (5 MPA.S);LACTOSE MONOHYDRATE;MAGNESIUM STEARATE;POLYETHYLENE GLYCOL 400;POLYSORBATE 80;POVIDONE K30;TITANIUM DIOXIDE;,HRX,SCD,carvedilol 25 MG Oral Tablet,200033,2020-02-10 15:51:07,0093-7296,0,,937296,93,7296,Carvedilol,active,20170930,a369c0d5-8f93-4b0d-a5a0-8125af1309f7.xml,,C42931,34391-3,,,LABELER,"Teva Pharmaceuticals USA, Inc.",C73584,NLM,TRUE,,15,,,TRUE,FALSE,FALSE,TRUE,TRUE
00093-7296-01_PART_1_OF_1_CHAL10_SF_F727FBEF.jpg,00093-7296-01,7296,TRUE,TRUE,FALSE,fcn_mix_weight/dr_224/00093-7296-01_PART_1_OF_1_CHAL10_SF_F727FBEF.jpg,00093-7296-01_F727FBEF,19534,TRUE,10/17/2017 05:30:45 PM,2020-02-10 17:08:37,68c275e8-992a-4520-8065-ab6d615d89cc-0093-7296-0,68c275e8-992a-4520-8065-ab6d615d89cc,14,,C48345,OVAL,,1,,TV;7296,,C48325,WHITE,,CARVEDILOL 25 mg;,CARVEDILOL[CARVEDILOL];,SILICON DIOXIDE;CROSPOVIDONE (15 MPA.S AT 5%);HYPROMELLOSE 2910 (3 MPA.S);HYPROMELLOSE 2910 (5 MPA.S);LACTOSE MONOHYDRATE;MAGNESIUM STEARATE;POLYETHYLENE GLYCOL 400;POLYSORBATE 80;POVIDONE K30;TITANIUM DIOXIDE;,HRX,SCD,carvedilol 25 MG Oral Tablet,200033,2020-02-10 15:51:07,0093-7296,0,,937296,93,7296,Carvedilol,active,20170930,a369c0d5-8f93-4b0d-a5a0-8125af1309f7.xml,,C42931,34391-3,,,LABELER,"Teva Pharmaceuticals USA, Inc.",C73584,NLM,TRUE,,15,,,TRUE,FALSE,FALSE,TRUE,TRUE
00093-7314-56_PART_1_OF_1_CHAL10_SB_18280C00.jpg,00093-7314-56,7314,TRUE,FALSE,FALSE,fcn_mix_weight/dr_224/00093-7314-56_PART_1_OF_1_CHAL10_SB_18280C00.jpg,00093-7314-56_18280C00,6366,TRUE,10/17/2017 05:29:49 PM,2020-02-10 17:06:13,bc747f6d-f52c-4dcb-bda5-2d0a9f954147-0093-7314-0,bc747f6d-f52c-4dcb-bda5-2d0a9f954147,13,,C48345,OVAL,,1,,TV;7314,,C48328,PINK,,CLOPIDOGREL BISULFATE 75 mg;,CLOPIDOGREL BISULFATE[CLOPIDOGREL];,"CROSPOVIDONE (15 MPA.S AT 5%);HYDROGENATED COTTONSEED OIL;HYDROXYPROPYL CELLULOSE (1600000 WAMW);HYPROMELLOSE 2910 (15 MPA.S);INDIGOTINDISULFONATE SODIUM;FD&C BLUE NO. 2;FERRIC OXIDE RED;FERRIC OXIDE YELLOW;LACTOSE, UNSPECIFIED FORM;LACTOSE MONOHYDRATE;MICROCRYSTALLINE CELLULOSE;POLYETHYLENE GLYCOL 4000;SODIUM LAURYL SULFATE;TITANIUM DIOXIDE;",HRX,SCD,clopidogrel 75 MG Oral Tablet,309362,2020-02-10 15:38:21,0093-7314,0,,937314,93,7314,Clopidogrel,active,20190831,eabdb8dc-24aa-4457-b0ec-5e152a1046b9.xml,,C42931,34391-3,,,LABELER,"Teva Pharmaceuticals USA, Inc.",C73584,NLM,TRUE,,14,,,TRUE,FALSE,FALSE,TRUE,TRUE
00093-7314-56_PART_1_OF_1_CHAL10_SF_18280C00.jpg,00093-7314-56,7314,TRUE,TRUE,FALSE,fcn_mix_weight/dr_224/00093-7314-56_PART_1_OF_1_CHAL10_SF_18280C00.jpg,00093-7314-56_18280C00,6366,TRUE,10/17/2017 05:29:49 PM,2020-02-10 17:06:13,bc747f6d-f52c-4dcb-bda5-2d0a9f954147-0093-7314-0,bc747f6d-f52c-4dcb-bda5-2d0a9f954147,13,,C48345,OVAL,,1,,TV;7314,,C48328,PINK,,CLOPIDOGREL BISULFATE 75 mg;,CLOPIDOGREL BISULFATE[CLOPIDOGREL];,"CROSPOVIDONE (15 MPA.S AT 5%);HYDROGENATED COTTONSEED OIL;HYDROXYPROPYL CELLULOSE (1600000 WAMW);HYPROMELLOSE 2910 (15 MPA.S);INDIGOTINDISULFONATE SODIUM;FD&C BLUE NO. 2;FERRIC OXIDE RED;FERRIC OXIDE YELLOW;LACTOSE, UNSPECIFIED FORM;LACTOSE MONOHYDRATE;MICROCRYSTALLINE CELLULOSE;POLYETHYLENE GLYCOL 4000;SODIUM LAURYL SULFATE;TITANIUM DIOXIDE;",HRX,SCD,clopidogrel 75 MG Oral Tablet,309362,2020-02-10 15:38:21,0093-7314,0,,937314,93,7314,Clopidogrel,active,20190831,eabdb8dc-24aa-4457-b0ec-5e152a1046b9.xml,,C42931,34391-3,,,LABELER,"Teva Pharmaceuticals USA, Inc.",C73584,NLM,TRUE,,14,,,TRUE,FALSE,FALSE,TRUE,TRUE
00093-7325-01_PART_1_OF_1_CHAL10_SB_852D42DA.jpg,00093-7325-01,7325,TRUE,FALSE,FALSE,fcn_mix_weight/dr_224/00093-7325-01_PART_1_OF_1_CHAL10_SB_852D42DA.jpg,00093-7325-01_852D42DA,37663,TRUE,10/17/2017 05:32:04 PM,10/17/2017 05:32:04 PM,26404e50-011e-4068-9745-647d2de681a3-0093-7325-0,26404e50-011e-4068-9745-647d2de681a3,8,,C48345,OVAL,,2,,9;3;7325,,C48331,ORANGE,,TRANDOLAPRIL 1 mg;,TRANDOLAPRIL[TRANDOLAPRILAT];,"FERRIC OXIDE YELLOW;ANHYDROUS LACTOSE;POVIDONE K30;STARCH, CORN;SODIUM STEARYL FUMARATE;FD&C BLUE NO. 2;INDIGOTINDISULFONATE SODIUM;ALUMINUM OXIDE;FD&C RED NO. 40;FD&C YELLOW NO. 6;",HRX,,trandolapril 1 MG Oral Tablet,199353,,0093-7325,0,,937325,93,7325,Trandolapril,completed,20150616,89a9bdcd-51ba-4ad1-b417-7819b1d1bafa.xml,,C42998,34391-3,,,LABELER,Teva Pharmaceuticals USA Inc,C73584,NLM,TRUE,,8,,,FALSE,TRUE,FALSE,TRUE,TRUE
00093-7325-01_PART_1_OF_1_CHAL10_SF_852D42DA.jpg,00093-7325-01,7325,TRUE,TRUE,FALSE,fcn_mix_weight/dr_224/00093-7325-01_PART_1_OF_1_CHAL10_SF_852D42DA.jpg,00093-7325-01_852D42DA,37663,TRUE,10/17/2017 05:32:04 PM,10/17/2017 05:32:04 PM,26404e50-011e-4068-9745-647d2de681a3-0093-7325-0,26404e50-011e-4068-9745-647d2de681a3,8,,C48345,OVAL,,2,,9;3;7325,,C48331,ORANGE,,TRANDOLAPRIL 1 mg;,TRANDOLAPRIL[TRANDOLAPRILAT];,"FERRIC OXIDE YELLOW;ANHYDROUS LACTOSE;POVIDONE K30;STARCH, CORN;SODIUM STEARYL FUMARATE;FD&C BLUE NO. 2;INDIGOTINDISULFONATE SODIUM;ALUMINUM OXIDE;FD&C RED NO. 40;FD&C YELLOW NO. 6;",HRX,,trandolapril 1 MG Oral Tablet,199353,,0093-7325,0,,937325,93,7325,Trandolapril,completed,20150616,89a9bdcd-51ba-4ad1-b417-7819b1d1bafa.xml,,C42998,34391-3,,,LABELER,Teva Pharmaceuticals USA Inc,C73584,NLM,TRUE,,8,,,FALSE,TRUE,FALSE,TRUE,TRUE
00093-7326-01_PART_1_OF_1_CHAL10_SB_812D40CA.jpg,00093-7326-01,7326,TRUE,FALSE,FALSE,fcn_mix_weight/dr_224/00093-7326-01_PART_1_OF_1_CHAL10_SB_812D40CA.jpg,00093-7326-01_812D40CA,8534,TRUE,10/17/2017 05:29:58 PM,10/17/2017 05:29:58 PM,26404e50-011e-4068-9745-647d2de681a3-0093-7326-0,26404e50-011e-4068-9745-647d2de681a3,8,,C48345,OVAL,,1,,93;7326,,C48330,YELLOW,,TRANDOLAPRIL 2 mg;,TRANDOLAPRIL[TRANDOLAPRILAT];,"FERRIC OXIDE YELLOW;ANHYDROUS LACTOSE;POVIDONE K30;STARCH, CORN;SODIUM STEARYL FUMARATE;",HRX,,trandolapril 2 MG Oral Tablet,199351,,0093-7326,0,,937326,93,7326,Trandolapril,completed,20150616,89a9bdcd-51ba-4ad1-b417-7819b1d1bafa.xml,,C42998,34391-3,,,LABELER,Teva Pharmaceuticals USA Inc,C73584,NLM,TRUE,,8,,,FALSE,TRUE,FALSE,TRUE,TRUE
00093-7326-01_PART_1_OF_1_CHAL10_SF_812D40CA.jpg,00093-7326-01,7326,TRUE,TRUE,FALSE,fcn_mix_weight/dr_224/00093-7326-01_PART_1_OF_1_CHAL10_SF_812D40CA.jpg,00093-7326-01_812D40CA,8534,TRUE,10/17/2017 05:29:58 PM,10/17/2017 05:29:58 PM,26404e50-011e-4068-9745-647d2de681a3-0093-7326-0,26404e50-011e-4068-9745-647d2de681a3,8,,C48345,OVAL,,1,,93;7326,,C48330,YELLOW,,TRANDOLAPRIL 2 mg;,TRANDOLAPRIL[TRANDOLAPRILAT];,"FERRIC OXIDE YELLOW;ANHYDROUS LACTOSE;POVIDONE K30;STARCH, CORN;SODIUM STEARYL FUMARATE;",HRX,,trandolapril 2 MG Oral Tablet,199351,,0093-7326,0,,937326,93,7326,Trandolapril,completed,20150616,89a9bdcd-51ba-4ad1-b417-7819b1d1bafa.xml,,C42998,34391-3,,,LABELER,Teva Pharmaceuticals USA Inc,C73584,NLM,TRUE,,8,,,FALSE,TRUE,FALSE,TRUE,TRUE
00093-7327-01_PART_1_OF_1_CHAL10_SB_B02D580A.jpg,00093-7327-01,7327,TRUE,FALSE,FALSE,fcn_mix_weight/dr_224/00093-7327-01_PART_1_OF_1_CHAL10_SB_B02D580A.jpg,00093-7327-01_B02D580A,31449,TRUE,10/17/2017 05:31:36 PM,10/17/2017 05:31:36 PM,26404e50-011e-4068-9745-647d2de681a3-0093-7327-0,26404e50-011e-4068-9745-647d2de681a3,11,,C48345,OVAL,,1,,93;7327,,C48326,RED,,TRANDOLAPRIL 4 mg;,TRANDOLAPRIL[TRANDOLAPRILAT];,"FERRIC OXIDE YELLOW;ANHYDROUS LACTOSE;POVIDONE K30;STARCH, CORN;SODIUM STEARYL FUMARATE;FERRIC OXIDE RED;",HRX,,trandolapril 4 MG Oral Tablet,199352,,0093-7327,0,,937327,93,7327,Trandolapril,completed,20150616,89a9bdcd-51ba-4ad1-b417-7819b1d1bafa.xml,,C42998,34391-3,,,LABELER,Teva Pharmaceuticals USA Inc,C73584,NLM,TRUE,,8,,,FALSE,TRUE,FALSE,TRUE,TRUE
00093-7327-01_PART_1_OF_1_CHAL10_SF_B02D580A.jpg,00093-7327-01,7327,TRUE,TRUE,FALSE,fcn_mix_weight/dr_224/00093-7327-01_PART_1_OF_1_CHAL10_SF_B02D580A.jpg,00093-7327-01_B02D580A,31449,TRUE,10/17/2017 05:31:36 PM,10/17/2017 05:31:36 PM,26404e50-011e-4068-9745-647d2de681a3-0093-7327-0,26404e50-011e-4068-9745-647d2de681a3,11,,C48345,OVAL,,1,,93;7327,,C48326,RED,,TRANDOLAPRIL 4 mg;,TRANDOLAPRIL[TRANDOLAPRILAT];,"FERRIC OXIDE YELLOW;ANHYDROUS LACTOSE;POVIDONE K30;STARCH, CORN;SODIUM STEARYL FUMARATE;FERRIC OXIDE RED;",HRX,,trandolapril 4 MG Oral Tablet,199352,,0093-7327,0,,937327,93,7327,Trandolapril,completed,20150616,89a9bdcd-51ba-4ad1-b417-7819b1d1bafa.xml,,C42998,34391-3,,,LABELER,Teva Pharmaceuticals USA Inc,C73584,NLM,TRUE,,8,,,FALSE,TRUE,FALSE,TRUE,TRUE
00093-7334-01_PART_1_OF_1_CHAL10_SB_A929548A.jpg,00093-7334-01,7334,TRUE,FALSE,FALSE,fcn_mix_weight/dr_224/00093-7334-01_PART_1_OF_1_CHAL10_SB_A929548A.jpg,00093-7334-01_A929548A,42000,TRUE,10/17/2017 05:32:24 PM,2020-02-10 17:12:28,b414303f-e6f3-4e22-a537-96be352b59a4-0093-7334-0,b414303f-e6f3-4e22-a537-96be352b59a4,19,,C48336,CAPSULE,,1,,TEVA;7334,,C48333;C48331,BLUE;ORANGE,,MYCOPHENOLATE MOFETIL 250 mg;,MYCOPHENOLATE MOFETIL[MYCOPHENOLIC ACID];,"FERROSOFERRIC OXIDE;CROSCARMELLOSE SODIUM;D&C RED NO. 28;D&C YELLOW NO. 10;FD&C BLUE NO. 1;FD&C RED NO. 40;GELATIN, UNSPECIFIED;MAGNESIUM STEARATE;POVIDONE K30;STARCH, CORN;PROPYLENE GLYCOL;SHELLAC;TITANIUM DIOXIDE;",HRX,SCD,mycophenolate mofetil 250 MG Oral Capsule,199058,2020-02-10 16:12:31,0093-7334,0,,937334,93,7334,Mycophenolate Mofetil,active,20200630,3ed4fd99-1f46-464d-9bf2-e53e6444e47a.xml,,C25158,34391-3,,,LABELER,"Teva Pharmaceuticals USA, Inc.",C73584,NLM,TRUE,,25,,,TRUE,FALSE,FALSE,TRUE,TRUE
00093-7334-01_PART_1_OF_1_CHAL10_SF_A929548A.jpg,00093-7334-01,7334,TRUE,TRUE,FALSE,fcn_mix_weight/dr_224/00093-7334-01_PART_1_OF_1_CHAL10_SF_A929548A.jpg,00093-7334-01_A929548A,42000,TRUE,10/17/2017 05:32:24 PM,2020-02-10 17:12:28,b414303f-e6f3-4e22-a537-96be352b59a4-0093-7334-0,b414303f-e6f3-4e22-a537-96be352b59a4,19,,C48336,CAPSULE,,1,,TEVA;7334,,C48333;C48331,BLUE;ORANGE,,MYCOPHENOLATE MOFETIL 250 mg;,MYCOPHENOLATE MOFETIL[MYCOPHENOLIC ACID];,"FERROSOFERRIC OXIDE;CROSCARMELLOSE SODIUM;D&C RED NO. 28;D&C YELLOW NO. 10;FD&C BLUE NO. 1;FD&C RED NO. 40;GELATIN, UNSPECIFIED;MAGNESIUM STEARATE;POVIDONE K30;STARCH, CORN;PROPYLENE GLYCOL;SHELLAC;TITANIUM DIOXIDE;",HRX,SCD,mycophenolate mofetil 250 MG Oral Capsule,199058,2020-02-10 16:12:31,0093-7334,0,,937334,93,7334,Mycophenolate Mofetil,active,20200630,3ed4fd99-1f46-464d-9bf2-e53e6444e47a.xml,,C25158,34391-3,,,LABELER,"Teva Pharmaceuticals USA, Inc.",C73584,NLM,TRUE,,25,,,TRUE,FALSE,FALSE,TRUE,TRUE
00093-7335-06_PART_1_OF_1_CHAL10_SB_C526E2A7.jpg,00093-7335-06,7335,TRUE,FALSE,FALSE,fcn_mix_weight/dr_224/00093-7335-06_PART_1_OF_1_CHAL10_SB_C526E2A7.jpg,00093-7335-06_C526E2A7,23869,TRUE,10/17/2017 05:31:03 PM,2020-02-10 17:09:03,1f5f940c-d5b9-4d09-958d-246931e167af-0093-7335-0,1f5f940c-d5b9-4d09-958d-246931e167af,18,,C48336,CAPSULE,,1,,TEVA;7335,,C48325,WHITE,,TOPIRAMATE 15 mg;,TOPIRAMATE[TOPIRAMATE];,"FERROSOFERRIC OXIDE;ETHYLCELLULOSE (7 MPA.S);GELATIN, UNSPECIFIED;POVIDONE K30;POLYETHYLENE GLYCOL 6000;PROPYLENE GLYCOL;SHELLAC;SUCROSE;STARCH, CORN;TALC;TITANIUM DIOXIDE;TRIETHYL CITRATE;POTASSIUM HYDROXIDE;AMMONIA;",HRX,SCD,topiramate 15 MG Oral Capsule,205316,2020-02-10 15:53:26,0093-7335,0,,937335,93,7335,Topiramate,active,20190630,c58e99cc-86dd-4bd6-bbd7-7e17d46da53e.xml,,C42896,34391-3,,,LABELER,"Teva Pharmaceuticals USA, Inc.",C73584,NLM,TRUE,,22,,,TRUE,FALSE,FALSE,TRUE,TRUE
00093-7335-06_PART_1_OF_1_CHAL10_SF_C526E2A7.jpg,00093-7335-06,7335,TRUE,TRUE,FALSE,fcn_mix_weight/dr_224/00093-7335-06_PART_1_OF_1_CHAL10_SF_C526E2A7.jpg,00093-7335-06_C526E2A7,23869,TRUE,10/17/2017 05:31:03 PM,2020-02-10 17:09:03,1f5f940c-d5b9-4d09-958d-246931e167af-0093-7335-0,1f5f940c-d5b9-4d09-958d-246931e167af,18,,C48336,CAPSULE,,1,,TEVA;7335,,C48325,WHITE,,TOPIRAMATE 15 mg;,TOPIRAMATE[TOPIRAMATE];,"FERROSOFERRIC OXIDE;ETHYLCELLULOSE (7 MPA.S);GELATIN, UNSPECIFIED;POVIDONE K30;POLYETHYLENE GLYCOL 6000;PROPYLENE GLYCOL;SHELLAC;SUCROSE;STARCH, CORN;TALC;TITANIUM DIOXIDE;TRIETHYL CITRATE;POTASSIUM HYDROXIDE;AMMONIA;",HRX,SCD,topiramate 15 MG Oral Capsule,205316,2020-02-10 15:53:26,0093-7335,0,,937335,93,7335,Topiramate,active,20190630,c58e99cc-86dd-4bd6-bbd7-7e17d46da53e.xml,,C42896,34391-3,,,LABELER,"Teva Pharmaceuticals USA, Inc.",C73584,NLM,TRUE,,22,,,TRUE,FALSE,FALSE,TRUE,TRUE
00093-7336-06_PART_1_OF_1_CHAL10_SB_FA26FD17.jpg,00093-7336-06,7336,TRUE,FALSE,FALSE,fcn_mix_weight/dr_224/00093-7336-06_PART_1_OF_1_CHAL10_SB_FA26FD17.jpg,00093-7336-06_FA26FD17,37565,TRUE,10/17/2017 05:32:04 PM,2020-02-10 17:15:17,1f5f940c-d5b9-4d09-958d-246931e167af-0093-7336-0,1f5f940c-d5b9-4d09-958d-246931e167af,19,,C48336,CAPSULE,,1,,TEVA;7336,,C48325,WHITE,,TOPIRAMATE 25 mg;,TOPIRAMATE[TOPIRAMATE];,"FERROSOFERRIC OXIDE;ETHYLCELLULOSE (7 MPA.S);GELATIN, UNSPECIFIED;POVIDONE K30;POLYETHYLENE GLYCOL 6000;PROPYLENE GLYCOL;SHELLAC;SUCROSE;STARCH, CORN;TALC;TITANIUM DIOXIDE;TRIETHYL CITRATE;POTASSIUM HYDROXIDE;AMMONIA;",HRX,SCD,topiramate 25 MG Oral Capsule,205315,2020-02-10 16:27:45,0093-7336,0,,937336,93,7336,Topiramate,active,20190630,c58e99cc-86dd-4bd6-bbd7-7e17d46da53e.xml,,C42896,34391-3,,,LABELER,"Teva Pharmaceuticals USA, Inc.",C73584,NLM,TRUE,,22,,,TRUE,FALSE,FALSE,TRUE,TRUE
00093-7336-06_PART_1_OF_1_CHAL10_SF_FA26FD17.jpg,00093-7336-06,7336,TRUE,TRUE,FALSE,fcn_mix_weight/dr_224/00093-7336-06_PART_1_OF_1_CHAL10_SF_FA26FD17.jpg,00093-7336-06_FA26FD17,37565,TRUE,10/17/2017 05:32:04 PM,2020-02-10 17:15:17,1f5f940c-d5b9-4d09-958d-246931e167af-0093-7336-0,1f5f940c-d5b9-4d09-958d-246931e167af,19,,C48336,CAPSULE,,1,,TEVA;7336,,C48325,WHITE,,TOPIRAMATE 25 mg;,TOPIRAMATE[TOPIRAMATE];,"FERROSOFERRIC OXIDE;ETHYLCELLULOSE (7 MPA.S);GELATIN, UNSPECIFIED;POVIDONE K30;POLYETHYLENE GLYCOL 6000;PROPYLENE GLYCOL;SHELLAC;SUCROSE;STARCH, CORN;TALC;TITANIUM DIOXIDE;TRIETHYL CITRATE;POTASSIUM HYDROXIDE;AMMONIA;",HRX,SCD,topiramate 25 MG Oral Capsule,205315,2020-02-10 16:27:45,0093-7336,0,,937336,93,7336,Topiramate,active,20190630,c58e99cc-86dd-4bd6-bbd7-7e17d46da53e.xml,,C42896,34391-3,,,LABELER,"Teva Pharmaceuticals USA, Inc.",C73584,NLM,TRUE,,22,,,TRUE,FALSE,FALSE,TRUE,TRUE
00093-7355-56_PART_1_OF_1_CHAL10_SB_D42D6A0B.jpg,00093-7355-56,7355,TRUE,FALSE,FALSE,fcn_mix_weight/dr_224/00093-7355-56_PART_1_OF_1_CHAL10_SB_D42D6A0B.jpg,00093-7355-56_D42D6A0B,47832,TRUE,10/17/2017 05:32:50 PM,2020-02-10 17:05:56,77589cc3-c440-4695-800c-82a0e5128a6c-0093-7355-0,77589cc3-c440-4695-800c-82a0e5128a6c,10,,C48345,OVAL,,1,,93;7355,,C48333,BLUE,,FINASTERIDE 5 mg;,FINASTERIDE[FINASTERIDE];,"FD&C BLUE NO. 2;INDIGOTINDISULFONATE SODIUM;HYPROMELLOSE 2910 (6 MPA.S);LACTOSE MONOHYDRATE;MAGNESIUM STEARATE;MICROCRYSTALLINE CELLULOSE;POLYETHYLENE GLYCOL 400;POLYETHYLENE GLYCOL 6000;POVIDONE K30;STARCH, CORN;SODIUM LAURYL SULFATE;SODIUM STARCH GLYCOLATE TYPE A POTATO;TITANIUM DIOXIDE;",HRX,SCD,finasteride 5 MG Oral Tablet,310346,2020-02-10 15:36:58,0093-7355,0,,937355,93,7355,Finasteride,active,20200630,8bbec94d-7f8a-4a44-8e81-6f174eaf3dc7.xml,,C42931,34391-3,,,LABELER,"Teva Pharmaceuticals USA, Inc.",C73584,NLM,TRUE,,16,,,TRUE,FALSE,FALSE,TRUE,TRUE
00093-7355-56_PART_1_OF_1_CHAL10_SF_D42D6A0B.jpg,00093-7355-56,7355,TRUE,TRUE,FALSE,fcn_mix_weight/dr_224/00093-7355-56_PART_1_OF_1_CHAL10_SF_D42D6A0B.jpg,00093-7355-56_D42D6A0B,47832,TRUE,10/17/2017 05:32:50 PM,2020-02-10 17:05:56,77589cc3-c440-4695-800c-82a0e5128a6c-0093-7355-0,77589cc3-c440-4695-800c-82a0e5128a6c,10,,C48345,OVAL,,1,,93;7355,,C48333,BLUE,,FINASTERIDE 5 mg;,FINASTERIDE[FINASTERIDE];,"FD&C BLUE NO. 2;INDIGOTINDISULFONATE SODIUM;HYPROMELLOSE 2910 (6 MPA.S);LACTOSE MONOHYDRATE;MAGNESIUM STEARATE;MICROCRYSTALLINE CELLULOSE;POLYETHYLENE GLYCOL 400;POLYETHYLENE GLYCOL 6000;POVIDONE K30;STARCH, CORN;SODIUM LAURYL SULFATE;SODIUM STARCH GLYCOLATE TYPE A POTATO;TITANIUM DIOXIDE;",HRX,SCD,finasteride 5 MG Oral Tablet,310346,2020-02-10 15:36:58,0093-7355,0,,937355,93,7355,Finasteride,active,20200630,8bbec94d-7f8a-4a44-8e81-6f174eaf3dc7.xml,,C42931,34391-3,,,LABELER,"Teva Pharmaceuticals USA, Inc.",C73584,NLM,TRUE,,16,,,TRUE,FALSE,FALSE,TRUE,TRUE
00093-7364-98_PART_1_OF_1_CHAL10_SB_AC305672.jpg,00093-7364-98,7364,TRUE,FALSE,FALSE,fcn_mix_weight/dr_224/00093-7364-98_PART_1_OF_1_CHAL10_SB_AC305672.jpg,00093-7364-98_AC305672,20042,TRUE,10/17/2017 05:30:47 PM,2020-02-10 17:10:54,f51fd4fa-ea55-487e-b886-ae105dd5a854-0093-7364-0,f51fd4fa-ea55-487e-b886-ae105dd5a854,9,,C48345,OVAL,,1,,93;7364,,C48329,GREEN,,LOSARTAN POTASSIUM 25 mg;,LOSARTAN POTASSIUM[LOSARTAN];,"D&C YELLOW NO. 10;FD&C BLUE NO. 2;INDIGOTINDISULFONATE SODIUM;LACTOSE MONOHYDRATE;MAGNESIUM STEARATE;MICROCRYSTALLINE CELLULOSE;POLYETHYLENE GLYCOL 3350;POLYETHYLENE GLYCOL 4000;POLYVINYL ALCOHOL, UNSPECIFIED;STARCH, CORN;TALC;TITANIUM DIOXIDE;",HRX,SCD,losartan potassium 25 MG Oral Tablet,979485,2020-02-10 16:03:46,0093-7364,0,,937364,93,7364,Losartan Potassium,completed,20171228,3e5c5673-02aa-4d41-9902-ca37f28b1d90.xml,,C42931,34391-3,,,LABELER,"Teva Pharmaceuticals USA, Inc.",C73584,NLM,TRUE,,17,,,TRUE,FALSE,FALSE,TRUE,TRUE
00093-7364-98_PART_1_OF_1_CHAL10_SF_AC305672.jpg,00093-7364-98,7364,TRUE,TRUE,FALSE,fcn_mix_weight/dr_224/00093-7364-98_PART_1_OF_1_CHAL10_SF_AC305672.jpg,00093-7364-98_AC305672,20042,TRUE,10/17/2017 05:30:47 PM,2020-02-10 17:10:54,f51fd4fa-ea55-487e-b886-ae105dd5a854-0093-7364-0,f51fd4fa-ea55-487e-b886-ae105dd5a854,9,,C48345,OVAL,,1,,93;7364,,C48329,GREEN,,LOSARTAN POTASSIUM 25 mg;,LOSARTAN POTASSIUM[LOSARTAN];,"D&C YELLOW NO. 10;FD&C BLUE NO. 2;INDIGOTINDISULFONATE SODIUM;LACTOSE MONOHYDRATE;MAGNESIUM STEARATE;MICROCRYSTALLINE CELLULOSE;POLYETHYLENE GLYCOL 3350;POLYETHYLENE GLYCOL 4000;POLYVINYL ALCOHOL, UNSPECIFIED;STARCH, CORN;TALC;TITANIUM DIOXIDE;",HRX,SCD,losartan potassium 25 MG Oral Tablet,979485,2020-02-10 16:03:46,0093-7364,0,,937364,93,7364,Losartan Potassium,completed,20171228,3e5c5673-02aa-4d41-9902-ca37f28b1d90.xml,,C42931,34391-3,,,LABELER,"Teva Pharmaceuticals USA, Inc.",C73584,NLM,TRUE,,17,,,TRUE,FALSE,FALSE,TRUE,TRUE
00093-7366-56_PART_1_OF_1_CHAL10_SB_B12FD8DE.jpg,00093-7366-56,7366,TRUE,FALSE,FALSE,fcn_mix_weight/dr_224/00093-7366-56_PART_1_OF_1_CHAL10_SB_B12FD8DE.jpg,00093-7366-56_B12FD8DE,17567,TRUE,10/17/2017 05:30:36 PM,2020-02-10 17:06:56,f51fd4fa-ea55-487e-b886-ae105dd5a854-0093-7366-0,f51fd4fa-ea55-487e-b886-ae105dd5a854,14,,C48345,OVAL,,1,,93;7366,,C48329,GREEN,,LOSARTAN POTASSIUM 100 mg;,LOSARTAN POTASSIUM[LOSARTAN];,"D&C YELLOW NO. 10;FD&C BLUE NO. 2;INDIGOTINDISULFONATE SODIUM;LACTOSE MONOHYDRATE;MAGNESIUM STEARATE;MICROCRYSTALLINE CELLULOSE;POLYETHYLENE GLYCOL 3350;POLYETHYLENE GLYCOL 4000;POLYVINYL ALCOHOL, UNSPECIFIED;STARCH, CORN;TALC;TITANIUM DIOXIDE;FD&C YELLOW NO. 6;",HRX,SCD,losartan potassium 100 MG Oral Tablet,979480,2020-02-10 15:41:51,0093-7366,0,,937366,93,7366,Losartan Potassium,completed,20171228,3e5c5673-02aa-4d41-9902-ca37f28b1d90.xml,,C42931,34391-3,,,LABELER,"Teva Pharmaceuticals USA, Inc.",C73584,NLM,TRUE,,17,,,TRUE,FALSE,FALSE,TRUE,TRUE
00093-7366-56_PART_1_OF_1_CHAL10_SF_B12FD8DE.jpg,00093-7366-56,7366,TRUE,TRUE,FALSE,fcn_mix_weight/dr_224/00093-7366-56_PART_1_OF_1_CHAL10_SF_B12FD8DE.jpg,00093-7366-56_B12FD8DE,17567,TRUE,10/17/2017 05:30:36 PM,2020-02-10 17:06:56,f51fd4fa-ea55-487e-b886-ae105dd5a854-0093-7366-0,f51fd4fa-ea55-487e-b886-ae105dd5a854,14,,C48345,OVAL,,1,,93;7366,,C48329,GREEN,,LOSARTAN POTASSIUM 100 mg;,LOSARTAN POTASSIUM[LOSARTAN];,"D&C YELLOW NO. 10;FD&C BLUE NO. 2;INDIGOTINDISULFONATE SODIUM;LACTOSE MONOHYDRATE;MAGNESIUM STEARATE;MICROCRYSTALLINE CELLULOSE;POLYETHYLENE GLYCOL 3350;POLYETHYLENE GLYCOL 4000;POLYVINYL ALCOHOL, UNSPECIFIED;STARCH, CORN;TALC;TITANIUM DIOXIDE;FD&C YELLOW NO. 6;",HRX,SCD,losartan potassium 100 MG Oral Tablet,979480,2020-02-10 15:41:51,0093-7366,0,,937366,93,7366,Losartan Potassium,completed,20171228,3e5c5673-02aa-4d41-9902-ca37f28b1d90.xml,,C42931,34391-3,,,LABELER,"Teva Pharmaceuticals USA, Inc.",C73584,NLM,TRUE,,17,,,TRUE,FALSE,FALSE,TRUE,TRUE
00093-7385-56_PART_1_OF_1_CHAL10_SB_002F802C.jpg,00093-7385-56,7385,TRUE,FALSE,FALSE,fcn_mix_weight/dr_224/00093-7385-56_PART_1_OF_1_CHAL10_SB_002F802C.jpg,00093-7385-56_002F802C,3850,TRUE,10/17/2017 05:29:37 PM,2020-02-10 17:11:01,61c75d90-7c0a-4f0d-9917-3fea39b2f725-33358-530-0,61c75d90-7c0a-4f0d-9917-3fea39b2f725,19,,C48336,CAPSULE,,1,,93;7385;93;7385,,C48332,BROWN,YELLOW,VENLAFAXINE HYDROCHLORIDE 75 mg;,VENLAFAXINE HYDROCHLORIDE[VENLAFAXINE];,"FERROSOFERRIC OXIDE;DIBUTYL SEBACATE;ETHYLCELLULOSE (7 MPA.S);GELATIN;POLYETHYLENE GLYCOL 400;POVIDONE K30;PROPYLENE GLYCOL;SHELLAC;SUCROSE;STARCH, CORN;FD&C YELLOW NO. 6;TALC;TITANIUM DIOXIDE;D&C YELLOW NO. 10;POTASSIUM HYDROXIDE;LECITHIN, SOYBEAN;",HRX,SCD,24 HR venlafaxine 75 MG Extended Release Oral Capsule,313585,2020-02-10 16:04:24,33358-530,0,,333580530,33358,530,Venlafaxine Hydrochloride,active,20141205,fa6804d6-91e4-404c-8237-cbc28e327ebb.xml,0093-7385,C42916,,,,LABELER,RxChange Co.,C73584,SPL,TRUE,1,7,,,TRUE,FALSE,FALSE,TRUE,TRUE
00093-7385-56_PART_1_OF_1_CHAL10_SB_002F802C.jpg,00093-7385-56,7385,TRUE,FALSE,FALSE,fcn_mix_weight/dr_224/00093-7385-56_PART_1_OF_1_CHAL10_SB_002F802C.jpg,00093-7385-56_002F802C,12613,TRUE,10/17/2017 05:30:15 PM,2020-02-10 17:07:35,9f697c00-f5ec-454a-a66c-503aef5fc609-63187-177-0,9f697c00-f5ec-454a-a66c-503aef5fc609,19,,C48336,CAPSULE,,1,,93;7385;93;7385,,C48332,BROWN,YELLOW,VENLAFAXINE HYDROCHLORIDE 75 mg;,VENLAFAXINE HYDROCHLORIDE[VENLAFAXINE];,"FERROSOFERRIC OXIDE;DIBUTYL SEBACATE;ETHYLCELLULOSE (7 MPA.S);GELATIN, UNSPECIFIED;POLYETHYLENE GLYCOL 400;POVIDONE K30;PROPYLENE GLYCOL;SHELLAC;SUCROSE;STARCH, CORN;FD&C YELLOW NO. 6;TALC;TITANIUM DIOXIDE;D&C YELLOW NO. 10;POTASSIUM HYDROXIDE;LECITHIN, SOYBEAN;",HRX,SCD,24 HR venlafaxine 75 MG Extended Release Oral Capsule,313585,2020-02-10 15:45:19,63187-177,0,,631870177,63187,177,Venlafaxine Hydrochloride,active,20191001,847a9dd8-b7a8-4dee-881d-8b24b88f5f70.xml,0093-7385,C42916,,,,LABELER,Proficient Rx LP,C73584,SPL,TRUE,1,5,,,TRUE,FALSE,FALSE,TRUE,TRUE
00093-7385-56_PART_1_OF_1_CHAL10_SF_002F802C.jpg,00093-7385-56,7385,TRUE,TRUE,FALSE,fcn_mix_weight/dr_224/00093-7385-56_PART_1_OF_1_CHAL10_SF_002F802C.jpg,00093-7385-56_002F802C,3850,TRUE,10/17/2017 05:29:37 PM,2020-02-10 17:11:01,61c75d90-7c0a-4f0d-9917-3fea39b2f725-33358-530-0,61c75d90-7c0a-4f0d-9917-3fea39b2f725,19,,C48336,CAPSULE,,1,,93;7385;93;7385,,C48332,BROWN,YELLOW,VENLAFAXINE HYDROCHLORIDE 75 mg;,VENLAFAXINE HYDROCHLORIDE[VENLAFAXINE];,"FERROSOFERRIC OXIDE;DIBUTYL SEBACATE;ETHYLCELLULOSE (7 MPA.S);GELATIN;POLYETHYLENE GLYCOL 400;POVIDONE K30;PROPYLENE GLYCOL;SHELLAC;SUCROSE;STARCH, CORN;FD&C YELLOW NO. 6;TALC;TITANIUM DIOXIDE;D&C YELLOW NO. 10;POTASSIUM HYDROXIDE;LECITHIN, SOYBEAN;",HRX,SCD,24 HR venlafaxine 75 MG Extended Release Oral Capsule,313585,2020-02-10 16:04:24,33358-530,0,,333580530,33358,530,Venlafaxine Hydrochloride,active,20141205,fa6804d6-91e4-404c-8237-cbc28e327ebb.xml,0093-7385,C42916,,,,LABELER,RxChange Co.,C73584,SPL,TRUE,1,7,,,TRUE,FALSE,FALSE,TRUE,TRUE
00093-7385-56_PART_1_OF_1_CHAL10_SF_002F802C.jpg,00093-7385-56,7385,TRUE,TRUE,FALSE,fcn_mix_weight/dr_224/00093-7385-56_PART_1_OF_1_CHAL10_SF_002F802C.jpg,00093-7385-56_002F802C,12613,TRUE,10/17/2017 05:30:15 PM,2020-02-10 17:07:35,9f697c00-f5ec-454a-a66c-503aef5fc609-63187-177-0,9f697c00-f5ec-454a-a66c-503aef5fc609,19,,C48336,CAPSULE,,1,,93;7385;93;7385,,C48332,BROWN,YELLOW,VENLAFAXINE HYDROCHLORIDE 75 mg;,VENLAFAXINE HYDROCHLORIDE[VENLAFAXINE];,"FERROSOFERRIC OXIDE;DIBUTYL SEBACATE;ETHYLCELLULOSE (7 MPA.S);GELATIN, UNSPECIFIED;POLYETHYLENE GLYCOL 400;POVIDONE K30;PROPYLENE GLYCOL;SHELLAC;SUCROSE;STARCH, CORN;FD&C YELLOW NO. 6;TALC;TITANIUM DIOXIDE;D&C YELLOW NO. 10;POTASSIUM HYDROXIDE;LECITHIN, SOYBEAN;",HRX,SCD,24 HR venlafaxine 75 MG Extended Release Oral Capsule,313585,2020-02-10 15:45:19,63187-177,0,,631870177,63187,177,Venlafaxine Hydrochloride,active,20191001,847a9dd8-b7a8-4dee-881d-8b24b88f5f70.xml,0093-7385,C42916,,,,LABELER,Proficient Rx LP,C73584,SPL,TRUE,1,5,,,TRUE,FALSE,FALSE,TRUE,TRUE
00093-7386-56_PART_1_OF_1_CHAL10_SB_092F84AC.jpg,00093-7386-56,7386,TRUE,FALSE,FALSE,fcn_mix_weight/dr_224/00093-7386-56_PART_1_OF_1_CHAL10_SB_092F84AC.jpg,00093-7386-56_092F84AC,35316,TRUE,10/17/2017 05:31:54 PM,2020-02-10 17:06:39,613658d3-7eb5-4822-961f-f4c6f6b2a2c1-63187-420-0,613658d3-7eb5-4822-961f-f4c6f6b2a2c1,23,,C48336,CAPSULE,,1,,93;7386;93;7386,,C48331,ORANGE,,VENLAFAXINE HYDROCHLORIDE 150 mg;,VENLAFAXINE HYDROCHLORIDE[VENLAFAXINE];,"FERROSOFERRIC OXIDE;DIBUTYL SEBACATE;ETHYLCELLULOSE (7 MPA.S);GELATIN, UNSPECIFIED;POLYETHYLENE GLYCOL 400;POVIDONE K30;PROPYLENE GLYCOL;SHELLAC;SUCROSE;STARCH, CORN;FD&C YELLOW NO. 6;TALC;TITANIUM DIOXIDE;POTASSIUM HYDROXIDE;AMMONIA;",HRX,SCD,24 HR venlafaxine 150 MG Extended Release Oral Capsule,313581,2020-02-10 15:40:33,63187-420,0,,631870420,63187,420,Venlafaxine Hydrochloride,active,20200201,3442d138-5e15-4cc0-b7b0-7f2b19e047c7.xml,0093-7386,C42916,,,,LABELER,Proficient Rx LP,C73584,SPL,TRUE,1,6,,,TRUE,FALSE,FALSE,FALSE,TRUE
00093-7386-56_PART_1_OF_1_CHAL10_SF_092F84AC.jpg,00093-7386-56,7386,TRUE,TRUE,FALSE,fcn_mix_weight/dr_224/00093-7386-56_PART_1_OF_1_CHAL10_SF_092F84AC.jpg,00093-7386-56_092F84AC,35316,TRUE,10/17/2017 05:31:54 PM,2020-02-10 17:06:39,613658d3-7eb5-4822-961f-f4c6f6b2a2c1-63187-420-0,613658d3-7eb5-4822-961f-f4c6f6b2a2c1,23,,C48336,CAPSULE,,1,,93;7386;93;7386,,C48331,ORANGE,,VENLAFAXINE HYDROCHLORIDE 150 mg;,VENLAFAXINE HYDROCHLORIDE[VENLAFAXINE];,"FERROSOFERRIC OXIDE;DIBUTYL SEBACATE;ETHYLCELLULOSE (7 MPA.S);GELATIN, UNSPECIFIED;POLYETHYLENE GLYCOL 400;POVIDONE K30;PROPYLENE GLYCOL;SHELLAC;SUCROSE;STARCH, CORN;FD&C YELLOW NO. 6;TALC;TITANIUM DIOXIDE;POTASSIUM HYDROXIDE;AMMONIA;",HRX,SCD,24 HR venlafaxine 150 MG Extended Release Oral Capsule,313581,2020-02-10 15:40:33,63187-420,0,,631870420,63187,420,Venlafaxine Hydrochloride,active,20200201,3442d138-5e15-4cc0-b7b0-7f2b19e047c7.xml,0093-7386,C42916,,,,LABELER,Proficient Rx LP,C73584,SPL,TRUE,1,6,,,TRUE,FALSE,FALSE,FALSE,TRUE
00093-7425-56_PART_1_OF_1_CHAL10_SB_D727EBFF.jpg,00093-7425-56,7425,TRUE,FALSE,FALSE,fcn_mix_weight/dr_224/00093-7425-56_PART_1_OF_1_CHAL10_SB_D727EBFF.jpg,00093-7425-56_D727EBFF,36503,TRUE,10/17/2017 05:31:59 PM,2020-02-10 17:09:53,4eabe2b1-7f4d-4720-bf70-191e6df67c79-0093-7425-0,4eabe2b1-7f4d-4720-bf70-191e6df67c79,8,,C48350,SQUARE,,1,,TV;7425,,C48328,PINK,,MONTELUKAST SODIUM 5 mg;,MONTELUKAST SODIUM[MONTELUKAST];,"ASPARTAME;MALTODEXTRIN;STARCH, CORN;FERRIC OXIDE RED;HYDROXYPROPYL CELLULOSE (1600000 WAMW);MAGNESIUM STEARATE;MANNITOL;SODIUM LAURYL SULFATE;SODIUM STARCH GLYCOLATE TYPE A POTATO;",HRX,SCD,montelukast 5 MG Chewable Tablet,242438,2020-02-10 15:58:11,0093-7425,0,,937425,93,7425,Montelukast Sodium,active,20200430,c2fdfb54-8bab-4443-b181-420a6b1d0298.xml,,C42893,34391-3,,,LABELER,"Teva Pharmaceuticals USA, Inc.",C73584,NLM,TRUE,,16,,,TRUE,FALSE,FALSE,TRUE,TRUE
00093-7425-56_PART_1_OF_1_CHAL10_SF_D727EBFF.jpg,00093-7425-56,7425,TRUE,TRUE,FALSE,fcn_mix_weight/dr_224/00093-7425-56_PART_1_OF_1_CHAL10_SF_D727EBFF.jpg,00093-7425-56_D727EBFF,36503,TRUE,10/17/2017 05:31:59 PM,2020-02-10 17:09:53,4eabe2b1-7f4d-4720-bf70-191e6df67c79-0093-7425-0,4eabe2b1-7f4d-4720-bf70-191e6df67c79,8,,C48350,SQUARE,,1,,TV;7425,,C48328,PINK,,MONTELUKAST SODIUM 5 mg;,MONTELUKAST SODIUM[MONTELUKAST];,"ASPARTAME;MALTODEXTRIN;STARCH, CORN;FERRIC OXIDE RED;HYDROXYPROPYL CELLULOSE (1600000 WAMW);MAGNESIUM STEARATE;MANNITOL;SODIUM LAURYL SULFATE;SODIUM STARCH GLYCOLATE TYPE A POTATO;",HRX,SCD,montelukast 5 MG Chewable Tablet,242438,2020-02-10 15:58:11,0093-7425,0,,937425,93,7425,Montelukast Sodium,active,20200430,c2fdfb54-8bab-4443-b181-420a6b1d0298.xml,,C42893,34391-3,,,LABELER,"Teva Pharmaceuticals USA, Inc.",C73584,NLM,TRUE,,16,,,TRUE,FALSE,FALSE,TRUE,TRUE
00093-7426-56_PART_1_OF_1_CHAL10_SB_DC27EE6F.jpg,00093-7426-56,7426,TRUE,FALSE,FALSE,fcn_mix_weight/dr_224/00093-7426-56_PART_1_OF_1_CHAL10_SB_DC27EE6F.jpg,00093-7426-56_DC27EE6F,36718,TRUE,10/17/2017 05:32:00 PM,2020-02-10 17:08:08,4eabe2b1-7f4d-4720-bf70-191e6df67c79-0093-7426-0,4eabe2b1-7f4d-4720-bf70-191e6df67c79,9,,C48348,ROUND,,1,,TV;7426,,C48332,BROWN,,MONTELUKAST SODIUM 10 mg;,MONTELUKAST SODIUM[MONTELUKAST];,"HYDROXYPROPYL CELLULOSE (1600000 WAMW);HYPROMELLOSE 2910 (6 MPA.S);FERRIC OXIDE RED;FERRIC OXIDE YELLOW;LACTOSE MONOHYDRATE;MAGNESIUM STEARATE;STARCH, CORN;SODIUM LAURYL SULFATE;SODIUM STARCH GLYCOLATE TYPE A POTATO;TITANIUM DIOXIDE;",HRX,SCD,montelukast 10 MG Oral Tablet,200224,2020-02-10 15:48:30,0093-7426,0,,937426,93,7426,Montelukast Sodium,active,20200430,c2fdfb54-8bab-4443-b181-420a6b1d0298.xml,,C42931,34391-3,,,LABELER,"Teva Pharmaceuticals USA, Inc.",C73584,NLM,TRUE,,16,,,TRUE,FALSE,FALSE,TRUE,TRUE
00093-7426-56_PART_1_OF_1_CHAL10_SF_DC27EE6F.jpg,00093-7426-56,7426,TRUE,TRUE,FALSE,fcn_mix_weight/dr_224/00093-7426-56_PART_1_OF_1_CHAL10_SF_DC27EE6F.jpg,00093-7426-56_DC27EE6F,36718,TRUE,10/17/2017 05:32:00 PM,2020-02-10 17:08:08,4eabe2b1-7f4d-4720-bf70-191e6df67c79-0093-7426-0,4eabe2b1-7f4d-4720-bf70-191e6df67c79,9,,C48348,ROUND,,1,,TV;7426,,C48332,BROWN,,MONTELUKAST SODIUM 10 mg;,MONTELUKAST SODIUM[MONTELUKAST];,"HYDROXYPROPYL CELLULOSE (1600000 WAMW);HYPROMELLOSE 2910 (6 MPA.S);FERRIC OXIDE RED;FERRIC OXIDE YELLOW;LACTOSE MONOHYDRATE;MAGNESIUM STEARATE;STARCH, CORN;SODIUM LAURYL SULFATE;SODIUM STARCH GLYCOLATE TYPE A POTATO;TITANIUM DIOXIDE;",HRX,SCD,montelukast 10 MG Oral Tablet,200224,2020-02-10 15:48:30,0093-7426,0,,937426,93,7426,Montelukast Sodium,active,20200430,c2fdfb54-8bab-4443-b181-420a6b1d0298.xml,,C42931,34391-3,,,LABELER,"Teva Pharmaceuticals USA, Inc.",C73584,NLM,TRUE,,16,,,TRUE,FALSE,FALSE,TRUE,TRUE
00093-7436-01_PART_1_OF_1_CHAL10_SB_8D3046B2.jpg,00093-7436-01,7436,TRUE,FALSE,FALSE,fcn_mix_weight/dr_224/00093-7436-01_PART_1_OF_1_CHAL10_SB_8D3046B2.jpg,00093-7436-01_8D3046B2,47376,TRUE,10/17/2017 05:32:48 PM,10/17/2017 05:32:48 PM,2aa98b7c-ce62-41c0-90a7-091bb9599c7a-0093-7436-0,2aa98b7c-ce62-41c0-90a7-091bb9599c7a,14,,C48336,CAPSULE,,1,,93;7436;93;7436,,C48331,ORANGE,,RAMIPRIL 2.5 mg;,RAMIPRIL[RAMIPRILAT];,"FERROSOFERRIC OXIDE;GELATIN;ANHYDROUS LACTOSE;STARCH, CORN;PROPYLENE GLYCOL;SHELLAC;SODIUM STEARYL FUMARATE;TITANIUM DIOXIDE;POTASSIUM HYDROXIDE;FERRIC OXIDE YELLOW;FERRIC OXIDE RED;",HRX,,Ramipril 2.5 MG Oral Capsule,198188,,0093-7436,0,,937436,93,7436,Ramipril,active,20140604,73de05fa-7471-4c50-81f4-04617626bab4.xml,,C25158,34391-3,,,LABELER,Teva Pharmaceuticals USA Inc,C73584,NLM,TRUE,,9,,,FALSE,TRUE,FALSE,TRUE,TRUE
00093-7436-01_PART_1_OF_1_CHAL10_SF_8D3046B2.jpg,00093-7436-01,7436,TRUE,TRUE,FALSE,fcn_mix_weight/dr_224/00093-7436-01_PART_1_OF_1_CHAL10_SF_8D3046B2.jpg,00093-7436-01_8D3046B2,47376,TRUE,10/17/2017 05:32:48 PM,10/17/2017 05:32:48 PM,2aa98b7c-ce62-41c0-90a7-091bb9599c7a-0093-7436-0,2aa98b7c-ce62-41c0-90a7-091bb9599c7a,14,,C48336,CAPSULE,,1,,93;7436;93;7436,,C48331,ORANGE,,RAMIPRIL 2.5 mg;,RAMIPRIL[RAMIPRILAT];,"FERROSOFERRIC OXIDE;GELATIN;ANHYDROUS LACTOSE;STARCH, CORN;PROPYLENE GLYCOL;SHELLAC;SODIUM STEARYL FUMARATE;TITANIUM DIOXIDE;POTASSIUM HYDROXIDE;FERRIC OXIDE YELLOW;FERRIC OXIDE RED;",HRX,,Ramipril 2.5 MG Oral Capsule,198188,,0093-7436,0,,937436,93,7436,Ramipril,active,20140604,73de05fa-7471-4c50-81f4-04617626bab4.xml,,C25158,34391-3,,,LABELER,Teva Pharmaceuticals USA Inc,C73584,NLM,TRUE,,9,,,FALSE,TRUE,FALSE,TRUE,TRUE
00093-7437-01_PART_1_OF_1_CHAL10_SB_80304022.jpg,00093-7437-01,7437,TRUE,FALSE,FALSE,fcn_mix_weight/dr_224/00093-7437-01_PART_1_OF_1_CHAL10_SB_80304022.jpg,00093-7437-01_80304022,35155,TRUE,10/17/2017 05:31:53 PM,10/17/2017 05:31:53 PM,2aa98b7c-ce62-41c0-90a7-091bb9599c7a-0093-7437-0,2aa98b7c-ce62-41c0-90a7-091bb9599c7a,14,,C48336,CAPSULE,,1,,93;7437;93;7437,,C48328,PINK,,RAMIPRIL 5 mg;,RAMIPRIL[RAMIPRILAT];,"FERROSOFERRIC OXIDE;GELATIN;ANHYDROUS LACTOSE;STARCH, CORN;PROPYLENE GLYCOL;SHELLAC;SODIUM STEARYL FUMARATE;TITANIUM DIOXIDE;POTASSIUM HYDROXIDE;FERRIC OXIDE RED;",HRX,,Ramipril 5 MG Oral Capsule,198189,,0093-7437,0,,937437,93,7437,Ramipril,active,20140604,73de05fa-7471-4c50-81f4-04617626bab4.xml,,C25158,34391-3,,,LABELER,Teva Pharmaceuticals USA Inc,C73584,NLM,TRUE,,9,,,FALSE,TRUE,FALSE,TRUE,TRUE
00093-7437-01_PART_1_OF_1_CHAL10_SF_80304022.jpg,00093-7437-01,7437,TRUE,TRUE,FALSE,fcn_mix_weight/dr_224/00093-7437-01_PART_1_OF_1_CHAL10_SF_80304022.jpg,00093-7437-01_80304022,35155,TRUE,10/17/2017 05:31:53 PM,10/17/2017 05:31:53 PM,2aa98b7c-ce62-41c0-90a7-091bb9599c7a-0093-7437-0,2aa98b7c-ce62-41c0-90a7-091bb9599c7a,14,,C48336,CAPSULE,,1,,93;7437;93;7437,,C48328,PINK,,RAMIPRIL 5 mg;,RAMIPRIL[RAMIPRILAT];,"FERROSOFERRIC OXIDE;GELATIN;ANHYDROUS LACTOSE;STARCH, CORN;PROPYLENE GLYCOL;SHELLAC;SODIUM STEARYL FUMARATE;TITANIUM DIOXIDE;POTASSIUM HYDROXIDE;FERRIC OXIDE RED;",HRX,,Ramipril 5 MG Oral Capsule,198189,,0093-7437,0,,937437,93,7437,Ramipril,active,20140604,73de05fa-7471-4c50-81f4-04617626bab4.xml,,C25158,34391-3,,,LABELER,Teva Pharmaceuticals USA Inc,C73584,NLM,TRUE,,9,,,FALSE,TRUE,FALSE,TRUE,TRUE
00093-7438-01_PART_1_OF_1_CHAL10_SB_84304232.jpg,00093-7438-01,7438,TRUE,FALSE,FALSE,fcn_mix_weight/dr_224/00093-7438-01_PART_1_OF_1_CHAL10_SB_84304232.jpg,00093-7438-01_84304232,25709,TRUE,10/17/2017 05:31:11 PM,10/17/2017 05:31:11 PM,2aa98b7c-ce62-41c0-90a7-091bb9599c7a-0093-7438-0,2aa98b7c-ce62-41c0-90a7-091bb9599c7a,14,,C48336,CAPSULE,,1,,93;7438;93;7438,,C48333,BLUE,,RAMIPRIL 10 mg;,RAMIPRIL[RAMIPRILAT];,"FERROSOFERRIC OXIDE;GELATIN;ANHYDROUS LACTOSE;STARCH, CORN;PROPYLENE GLYCOL;SHELLAC;SODIUM STEARYL FUMARATE;TITANIUM DIOXIDE;POTASSIUM HYDROXIDE;FD&C BLUE NO. 2;INDIGOTINDISULFONATE SODIUM;",HRX,,Ramipril 10 MG Oral Capsule,261962,,0093-7438,0,,937438,93,7438,Ramipril,active,20140604,73de05fa-7471-4c50-81f4-04617626bab4.xml,,C25158,34391-3,,,LABELER,Teva Pharmaceuticals USA Inc,C73584,NLM,TRUE,,9,,,FALSE,TRUE,FALSE,TRUE,TRUE
00093-7438-01_PART_1_OF_1_CHAL10_SF_84304232.jpg,00093-7438-01,7438,TRUE,TRUE,FALSE,fcn_mix_weight/dr_224/00093-7438-01_PART_1_OF_1_CHAL10_SF_84304232.jpg,00093-7438-01_84304232,25709,TRUE,10/17/2017 05:31:11 PM,10/17/2017 05:31:11 PM,2aa98b7c-ce62-41c0-90a7-091bb9599c7a-0093-7438-0,2aa98b7c-ce62-41c0-90a7-091bb9599c7a,14,,C48336,CAPSULE,,1,,93;7438;93;7438,,C48333,BLUE,,RAMIPRIL 10 mg;,RAMIPRIL[RAMIPRILAT];,"FERROSOFERRIC OXIDE;GELATIN;ANHYDROUS LACTOSE;STARCH, CORN;PROPYLENE GLYCOL;SHELLAC;SODIUM STEARYL FUMARATE;TITANIUM DIOXIDE;POTASSIUM HYDROXIDE;FD&C BLUE NO. 2;INDIGOTINDISULFONATE SODIUM;",HRX,,Ramipril 10 MG Oral Capsule,261962,,0093-7438,0,,937438,93,7438,Ramipril,active,20140604,73de05fa-7471-4c50-81f4-04617626bab4.xml,,C25158,34391-3,,,LABELER,Teva Pharmaceuticals USA Inc,C73584,NLM,TRUE,,9,,,FALSE,TRUE,FALSE,TRUE,TRUE
00093-7464-56_PART_1_OF_1_CHAL10_SB_132809F0.jpg,00093-7464-56,7464,TRUE,FALSE,FALSE,fcn_mix_weight/dr_224/00093-7464-56_PART_1_OF_1_CHAL10_SB_132809F0.jpg,00093-7464-56_132809F0,32808,TRUE,10/17/2017 05:31:42 PM,10/17/2017 05:31:42 PM,c4f09322-77d8-46a8-b333-8a06d734919a-0093-7464-0,c4f09322-77d8-46a8-b333-8a06d734919a,10,,C48345,OVAL,,1,,TEVA;7464,,C48325,WHITE,,IRBESARTAN 75 mg;,IRBESARTAN[IRBESARTAN];,"CROSCARMELLOSE SODIUM;MAGNESIUM STEARATE;CELLULOSE, MICROCRYSTALLINE;POLOXAMER 188;POVIDONE K30;STARCH, CORN;SILICON DIOXIDE;",HRX,,irbesartan 75 MG Oral Tablet,200094,,0093-7464,0,,937464,93,7464,Irbesartan,active,20140703,641dffac-cf63-4489-8d71-38cd5fc4f7ca.xml,,C42998,34391-3,,,LABELER,Teva Pharmaceuticals USA Inc,C73584,NLM,TRUE,,2,,,FALSE,TRUE,FALSE,TRUE,TRUE
00093-7464-56_PART_1_OF_1_CHAL10_SF_132809F0.jpg,00093-7464-56,7464,TRUE,TRUE,FALSE,fcn_mix_weight/dr_224/00093-7464-56_PART_1_OF_1_CHAL10_SF_132809F0.jpg,00093-7464-56_132809F0,32808,TRUE,10/17/2017 05:31:42 PM,10/17/2017 05:31:42 PM,c4f09322-77d8-46a8-b333-8a06d734919a-0093-7464-0,c4f09322-77d8-46a8-b333-8a06d734919a,10,,C48345,OVAL,,1,,TEVA;7464,,C48325,WHITE,,IRBESARTAN 75 mg;,IRBESARTAN[IRBESARTAN];,"CROSCARMELLOSE SODIUM;MAGNESIUM STEARATE;CELLULOSE, MICROCRYSTALLINE;POLOXAMER 188;POVIDONE K30;STARCH, CORN;SILICON DIOXIDE;",HRX,,irbesartan 75 MG Oral Tablet,200094,,0093-7464,0,,937464,93,7464,Irbesartan,active,20140703,641dffac-cf63-4489-8d71-38cd5fc4f7ca.xml,,C42998,34391-3,,,LABELER,Teva Pharmaceuticals USA Inc,C73584,NLM,TRUE,,2,,,FALSE,TRUE,FALSE,TRUE,TRUE
00093-7465-98_PART_1_OF_1_CHAL10_SB_761DBB6D.jpg,00093-7465-98,7465,TRUE,FALSE,FALSE,fcn_mix_weight/dr_224/00093-7465-98_PART_1_OF_1_CHAL10_SB_761DBB6D.jpg,00093-7465-98_761DBB6D,46868,TRUE,10/17/2017 05:32:46 PM,10/17/2017 05:32:46 PM,c4f09322-77d8-46a8-b333-8a06d734919a-0093-7465-0,c4f09322-77d8-46a8-b333-8a06d734919a,12,,C48345,OVAL,,1,,TEVA;7465,,C48325,WHITE,,IRBESARTAN 150 mg;,IRBESARTAN[IRBESARTAN];,"CROSCARMELLOSE SODIUM;MAGNESIUM STEARATE;CELLULOSE, MICROCRYSTALLINE;POLOXAMER 188;POVIDONE K30;STARCH, CORN;SILICON DIOXIDE;",HRX,,irbesartan 150 MG Oral Tablet,200095,,0093-7465,0,,937465,93,7465,Irbesartan,active,20140703,641dffac-cf63-4489-8d71-38cd5fc4f7ca.xml,,C42998,34391-3,,,LABELER,Teva Pharmaceuticals USA Inc,C73584,NLM,TRUE,,2,,,FALSE,TRUE,FALSE,TRUE,TRUE
00093-7465-98_PART_1_OF_1_CHAL10_SF_761DBB6D.jpg,00093-7465-98,7465,TRUE,TRUE,FALSE,fcn_mix_weight/dr_224/00093-7465-98_PART_1_OF_1_CHAL10_SF_761DBB6D.jpg,00093-7465-98_761DBB6D,46868,TRUE,10/17/2017 05:32:46 PM,10/17/2017 05:32:46 PM,c4f09322-77d8-46a8-b333-8a06d734919a-0093-7465-0,c4f09322-77d8-46a8-b333-8a06d734919a,12,,C48345,OVAL,,1,,TEVA;7465,,C48325,WHITE,,IRBESARTAN 150 mg;,IRBESARTAN[IRBESARTAN];,"CROSCARMELLOSE SODIUM;MAGNESIUM STEARATE;CELLULOSE, MICROCRYSTALLINE;POLOXAMER 188;POVIDONE K30;STARCH, CORN;SILICON DIOXIDE;",HRX,,irbesartan 150 MG Oral Tablet,200095,,0093-7465,0,,937465,93,7465,Irbesartan,active,20140703,641dffac-cf63-4489-8d71-38cd5fc4f7ca.xml,,C42998,34391-3,,,LABELER,Teva Pharmaceuticals USA Inc,C73584,NLM,TRUE,,2,,,FALSE,TRUE,FALSE,TRUE,TRUE
00093-7466-98_PART_1_OF_1_CHAL10_SB_A51DD2AE.jpg,00093-7466-98,7466,TRUE,FALSE,FALSE,fcn_mix_weight/dr_224/00093-7466-98_PART_1_OF_1_CHAL10_SB_A51DD2AE.jpg,00093-7466-98_A51DD2AE,48453,TRUE,10/17/2017 05:32:53 PM,10/17/2017 05:32:53 PM,6f08623c-dc4c-4661-9e69-2033d9dce34e-0093-7466-0,6f08623c-dc4c-4661-9e69-2033d9dce34e,16,,C48345,OVAL,,1,,TEVA;7466,,C48325,WHITE,,IRBESARTAN 300 mg,IRBESARTAN[IRBESARTAN],"CROSCARMELLOSE SODIUM / MAGNESIUM STEARATE / CELLULOSE, MICROCRYSTALLINE / POLOXAMER 188 / POVIDONE K30 / STARCH, CORN / SILICON DIOXIDE",HRX,,irbesartan 300 MG Oral Tablet,200096,,0093-7466,0,,937466,93,7466,Irbesartan,completed,20130408,b0f8c636-bcad-46b1-86b4-6499337bf81a.xml,,C42998,34391-3,,,LABELER,Teva Pharmaceuticals USA Inc,C73584,NLM,TRUE,,3,,,FALSE,TRUE,FALSE,TRUE,TRUE
00093-7466-98_PART_1_OF_1_CHAL10_SF_A51DD2AE.jpg,00093-7466-98,7466,TRUE,TRUE,FALSE,fcn_mix_weight/dr_224/00093-7466-98_PART_1_OF_1_CHAL10_SF_A51DD2AE.jpg,00093-7466-98_A51DD2AE,48453,TRUE,10/17/2017 05:32:53 PM,10/17/2017 05:32:53 PM,6f08623c-dc4c-4661-9e69-2033d9dce34e-0093-7466-0,6f08623c-dc4c-4661-9e69-2033d9dce34e,16,,C48345,OVAL,,1,,TEVA;7466,,C48325,WHITE,,IRBESARTAN 300 mg,IRBESARTAN[IRBESARTAN],"CROSCARMELLOSE SODIUM / MAGNESIUM STEARATE / CELLULOSE, MICROCRYSTALLINE / POLOXAMER 188 / POVIDONE K30 / STARCH, CORN / SILICON DIOXIDE",HRX,,irbesartan 300 MG Oral Tablet,200096,,0093-7466,0,,937466,93,7466,Irbesartan,completed,20130408,b0f8c636-bcad-46b1-86b4-6499337bf81a.xml,,C42998,34391-3,,,LABELER,Teva Pharmaceuticals USA Inc,C73584,NLM,TRUE,,3,,,FALSE,TRUE,FALSE,TRUE,TRUE
00093-7477-01_PART_1_OF_1_CHAL10_SB_9B294DCA.jpg,00093-7477-01,7477,TRUE,FALSE,FALSE,fcn_mix_weight/dr_224/00093-7477-01_PART_1_OF_1_CHAL10_SB_9B294DCA.jpg,00093-7477-01_9B294DCA,45239,TRUE,10/17/2017 05:32:38 PM,2020-02-10 17:07:07,b414303f-e6f3-4e22-a537-96be352b59a4-0093-7477-0,b414303f-e6f3-4e22-a537-96be352b59a4,18,,C48345,OVAL,,1,,93;7477,,C48327,PURPLE,,MYCOPHENOLATE MOFETIL 500 mg;,MYCOPHENOLATE MOFETIL[MYCOPHENOLIC ACID];,,HRX,SCD,mycophenolate mofetil 500 MG Oral Tablet,200060,2020-02-10 15:42:38,0093-7477,0,,937477,93,7477,mycophenolate mofetil,completed,20200630,3ed4fd99-1f46-464d-9bf2-e53e6444e47a.xml,,C42931,34391-3,,,LABELER,"Teva Pharmaceuticals USA, Inc.",C73584,NLM,TRUE,,25,,,TRUE,FALSE,FALSE,TRUE,TRUE
00093-7477-01_PART_1_OF_1_CHAL10_SF_9B294DCA.jpg,00093-7477-01,7477,TRUE,TRUE,FALSE,fcn_mix_weight/dr_224/00093-7477-01_PART_1_OF_1_CHAL10_SF_9B294DCA.jpg,00093-7477-01_9B294DCA,45239,TRUE,10/17/2017 05:32:38 PM,2020-02-10 17:07:07,b414303f-e6f3-4e22-a537-96be352b59a4-0093-7477-0,b414303f-e6f3-4e22-a537-96be352b59a4,18,,C48345,OVAL,,1,,93;7477,,C48327,PURPLE,,MYCOPHENOLATE MOFETIL 500 mg;,MYCOPHENOLATE MOFETIL[MYCOPHENOLIC ACID];,,HRX,SCD,mycophenolate mofetil 500 MG Oral Tablet,200060,2020-02-10 15:42:38,0093-7477,0,,937477,93,7477,mycophenolate mofetil,completed,20200630,3ed4fd99-1f46-464d-9bf2-e53e6444e47a.xml,,C42931,34391-3,,,LABELER,"Teva Pharmaceuticals USA, Inc.",C73584,NLM,TRUE,,25,,,TRUE,FALSE,FALSE,TRUE,TRUE
00093-7485-20_PART_1_OF_1_CHAL10_SB_C73063F3.jpg,00093-7485-20,7485,TRUE,FALSE,FALSE,fcn_mix_weight/dr_224/00093-7485-20_PART_1_OF_1_CHAL10_SB_C73063F3.jpg,00093-7485-20_C73063F3,28397,TRUE,10/17/2017 05:31:22 PM,2020-02-10 17:11:34,02dc4c34-04e8-4f16-8109-b04d600a9c61-0093-7485-0,02dc4c34-04e8-4f16-8109-b04d600a9c61,9,,C48345,OVAL,,1,,93;7485,,C48325,WHITE,,GRANISETRON HYDROCHLORIDE 1 mg;,GRANISETRON HYDROCHLORIDE[GRANISETRON];,"HYPROMELLOSE 2910 (3 MPA.S);HYPROMELLOSE 2910 (5 MPA.S);LACTOSE MONOHYDRATE;POLYETHYLENE GLYCOL 400;MAGNESIUM STEARATE;CELLULOSE, MICROCRYSTALLINE;POLYSORBATE 80;SODIUM STARCH GLYCOLATE TYPE A POTATO;TITANIUM DIOXIDE;",HRX,SCD,granisetron 1 MG Oral Tablet,310599,2020-02-10 15:29:10,0093-7485,0,,937485,93,7485,Granisetron Hydrochloride,completed,20160201,f1c6a9e1-14bb-4697-b2ee-e8e283adf6a8.xml,,C42931,34391-3,,,LABELER,"Teva Pharmaceuticals USA, Inc.",C73584,SPL,TRUE,,9,,,TRUE,FALSE,FALSE,FALSE,TRUE
00093-7485-20_PART_1_OF_1_CHAL10_SF_C73063F3.jpg,00093-7485-20,7485,TRUE,TRUE,FALSE,fcn_mix_weight/dr_224/00093-7485-20_PART_1_OF_1_CHAL10_SF_C73063F3.jpg,00093-7485-20_C73063F3,28397,TRUE,10/17/2017 05:31:22 PM,2020-02-10 17:11:34,02dc4c34-04e8-4f16-8109-b04d600a9c61-0093-7485-0,02dc4c34-04e8-4f16-8109-b04d600a9c61,9,,C48345,OVAL,,1,,93;7485,,C48325,WHITE,,GRANISETRON HYDROCHLORIDE 1 mg;,GRANISETRON HYDROCHLORIDE[GRANISETRON];,"HYPROMELLOSE 2910 (3 MPA.S);HYPROMELLOSE 2910 (5 MPA.S);LACTOSE MONOHYDRATE;POLYETHYLENE GLYCOL 400;MAGNESIUM STEARATE;CELLULOSE, MICROCRYSTALLINE;POLYSORBATE 80;SODIUM STARCH GLYCOLATE TYPE A POTATO;TITANIUM DIOXIDE;",HRX,SCD,granisetron 1 MG Oral Tablet,310599,2020-02-10 15:29:10,0093-7485,0,,937485,93,7485,Granisetron Hydrochloride,completed,20160201,f1c6a9e1-14bb-4697-b2ee-e8e283adf6a8.xml,,C42931,34391-3,,,LABELER,"Teva Pharmaceuticals USA, Inc.",C73584,SPL,TRUE,,9,,,TRUE,FALSE,FALSE,FALSE,TRUE
00093-7493-06_PART_1_OF_1_CHAL10_SB_DB2FEDDF.jpg,00093-7493-06,7493,TRUE,FALSE,FALSE,fcn_mix_weight/dr_224/00093-7493-06_PART_1_OF_1_CHAL10_SB_DB2FEDDF.jpg,00093-7493-06_DB2FEDDF,43039,TRUE,10/17/2017 05:32:28 PM,10/17/2017 05:32:28 PM,c33d82ae-7991-443f-8e48-5832c02ea450-0093-7493-0,c33d82ae-7991-443f-8e48-5832c02ea450,22,,C48345,OVAL,,2,,9;3;7493,,C48325,WHITE,,LEVETIRACETAM 1000 mg;,LEVETIRACETAM[LEVETIRACETAM];,"STARCH, CORN;CROSCARMELLOSE SODIUM;HYPROMELLOSE 2910 (6 MPA.S);MAGNESIUM STEARATE;POLYETHYLENE GLYCOL 3350;POLYETHYLENE GLYCOL 4000;POVIDONE K30;TITANIUM DIOXIDE;",HRX,,Levetiracetam 1000 MG Oral Tablet,387003,,0093-7493,0,,937493,93,7493,Levetiracetam,active,20141106,e6ff7b7e-4271-4a6d-b65f-53200b0169f6.xml,,C42931,34391-3,,,LABELER,Teva Pharmaceuticals USA Inc,C73584,NLM,TRUE,,9,,,FALSE,TRUE,FALSE,TRUE,TRUE
00093-7493-06_PART_1_OF_1_CHAL10_SF_DB2FEDDF.jpg,00093-7493-06,7493,TRUE,TRUE,FALSE,fcn_mix_weight/dr_224/00093-7493-06_PART_1_OF_1_CHAL10_SF_DB2FEDDF.jpg,00093-7493-06_DB2FEDDF,43039,TRUE,10/17/2017 05:32:28 PM,10/17/2017 05:32:28 PM,c33d82ae-7991-443f-8e48-5832c02ea450-0093-7493-0,c33d82ae-7991-443f-8e48-5832c02ea450,22,,C48345,OVAL,,2,,9;3;7493,,C48325,WHITE,,LEVETIRACETAM 1000 mg;,LEVETIRACETAM[LEVETIRACETAM];,"STARCH, CORN;CROSCARMELLOSE SODIUM;HYPROMELLOSE 2910 (6 MPA.S);MAGNESIUM STEARATE;POLYETHYLENE GLYCOL 3350;POLYETHYLENE GLYCOL 4000;POVIDONE K30;TITANIUM DIOXIDE;",HRX,,Levetiracetam 1000 MG Oral Tablet,387003,,0093-7493,0,,937493,93,7493,Levetiracetam,active,20141106,e6ff7b7e-4271-4a6d-b65f-53200b0169f6.xml,,C42931,34391-3,,,LABELER,Teva Pharmaceuticals USA Inc,C73584,NLM,TRUE,,9,,,FALSE,TRUE,FALSE,TRUE,TRUE
00093-7536-56_PART_1_OF_1_CHAL10_SB_272813E0.jpg,00093-7536-56,7536,TRUE,FALSE,FALSE,fcn_mix_weight/dr_224/00093-7536-56_PART_1_OF_1_CHAL10_SB_272813E0.jpg,00093-7536-56_272813E0,43153,TRUE,10/17/2017 05:32:29 PM,2020-02-10 17:07:55,c58c7013-50a0-4734-8a78-38ff20a3e7eb-0093-7536-0,c58c7013-50a0-4734-8a78-38ff20a3e7eb,6,,C48348,ROUND,,1,,TEVA;A10,,C48325,WHITE,,ANASTROZOLE 1 mg;,ANASTROZOLE[ANASTROZOLE];,HYPROMELLOSE 2910 (5 MPA.S);LACTOSE MONOHYDRATE;POLYETHYLENE GLYCOL 400;POLYETHYLENE GLYCOL 6000;MAGNESIUM STEARATE;POVIDONE K30;SODIUM STARCH GLYCOLATE TYPE A POTATO;TITANIUM DIOXIDE;,HRX,SCD,anastrozole 1 MG Oral Tablet,199224,2020-02-10 15:47:15,0093-7536,0,,937536,93,7536,Anastrozole,active,20190114,d81345f2-e9ba-4774-aadf-325ad4b84858.xml,,C42931,34391-3,,,LABELER,"Teva Pharmaceuticals USA, Inc.",C73584,NLM,TRUE,,9,,,TRUE,FALSE,FALSE,TRUE,TRUE
00093-7536-56_PART_1_OF_1_CHAL10_SF_272813E0.jpg,00093-7536-56,7536,TRUE,TRUE,FALSE,fcn_mix_weight/dr_224/00093-7536-56_PART_1_OF_1_CHAL10_SF_272813E0.jpg,00093-7536-56_272813E0,43153,TRUE,10/17/2017 05:32:29 PM,2020-02-10 17:07:55,c58c7013-50a0-4734-8a78-38ff20a3e7eb-0093-7536-0,c58c7013-50a0-4734-8a78-38ff20a3e7eb,6,,C48348,ROUND,,1,,TEVA;A10,,C48325,WHITE,,ANASTROZOLE 1 mg;,ANASTROZOLE[ANASTROZOLE];,HYPROMELLOSE 2910 (5 MPA.S);LACTOSE MONOHYDRATE;POLYETHYLENE GLYCOL 400;POLYETHYLENE GLYCOL 6000;MAGNESIUM STEARATE;POVIDONE K30;SODIUM STARCH GLYCOLATE TYPE A POTATO;TITANIUM DIOXIDE;,HRX,SCD,anastrozole 1 MG Oral Tablet,199224,2020-02-10 15:47:15,0093-7536,0,,937536,93,7536,Anastrozole,active,20190114,d81345f2-e9ba-4774-aadf-325ad4b84858.xml,,C42931,34391-3,,,LABELER,"Teva Pharmaceuticals USA, Inc.",C73584,NLM,TRUE,,9,,,TRUE,FALSE,FALSE,TRUE,TRUE
00093-7540-06_PART_1_OF_1_CHAL10_SB_6D2936E9.jpg,00093-7540-06,7540,TRUE,FALSE,FALSE,fcn_mix_weight/dr_224/00093-7540-06_PART_1_OF_1_CHAL10_SB_6D2936E9.jpg,00093-7540-06_6D2936E9,41729,TRUE,10/17/2017 05:32:22 PM,10/17/2017 05:32:22 PM,8887de7e-eba5-4f00-97ca-5077cfaa361b-0093-7540-0,8887de7e-eba5-4f00-97ca-5077cfaa361b,11,,C48345,OVAL,,1,,93;7540,,C48330,YELLOW,,TOPIRAMATE 50 mg;,TOPIRAMATE[TOPIRAMATE];,"SILICON DIOXIDE;LACTOSE MONOHYDRATE;MAGNESIUM STEARATE;CELLULOSE, MICROCRYSTALLINE;POLYETHYLENE GLYCOL 3350;STARCH, CORN;SODIUM STARCH GLYCOLATE TYPE A POTATO;TITANIUM DIOXIDE;FERRIC OXIDE YELLOW;POLYVINYL ALCOHOL;TALC;",HRX,,topiramate 50 MG Oral Tablet,151226,,0093-7540,0,,937540,93,7540,Topiramate,active,20140814,8251c4c2-9c4a-4a5c-afdc-eba2811bf48f.xml,,C42998,34391-3,,,LABELER,Teva Pharmaceuticals USA Inc,C73584,NLM,TRUE,,9,,,FALSE,TRUE,FALSE,TRUE,TRUE
00093-7540-06_PART_1_OF_1_CHAL10_SF_6D2936E9.jpg,00093-7540-06,7540,TRUE,TRUE,FALSE,fcn_mix_weight/dr_224/00093-7540-06_PART_1_OF_1_CHAL10_SF_6D2936E9.jpg,00093-7540-06_6D2936E9,41729,TRUE,10/17/2017 05:32:22 PM,10/17/2017 05:32:22 PM,8887de7e-eba5-4f00-97ca-5077cfaa361b-0093-7540-0,8887de7e-eba5-4f00-97ca-5077cfaa361b,11,,C48345,OVAL,,1,,93;7540,,C48330,YELLOW,,TOPIRAMATE 50 mg;,TOPIRAMATE[TOPIRAMATE];,"SILICON DIOXIDE;LACTOSE MONOHYDRATE;MAGNESIUM STEARATE;CELLULOSE, MICROCRYSTALLINE;POLYETHYLENE GLYCOL 3350;STARCH, CORN;SODIUM STARCH GLYCOLATE TYPE A POTATO;TITANIUM DIOXIDE;FERRIC OXIDE YELLOW;POLYVINYL ALCOHOL;TALC;",HRX,,topiramate 50 MG Oral Tablet,151226,,0093-7540,0,,937540,93,7540,Topiramate,active,20140814,8251c4c2-9c4a-4a5c-afdc-eba2811bf48f.xml,,C42998,34391-3,,,LABELER,Teva Pharmaceuticals USA Inc,C73584,NLM,TRUE,,9,,,FALSE,TRUE,FALSE,TRUE,TRUE
00093-8035-01_PART_1_OF_1_CHAL10_SB_DC266E63.jpg,00093-8035-01,8035,TRUE,FALSE,FALSE,fcn_mix_weight/dr_224/00093-8035-01_PART_1_OF_1_CHAL10_SB_DC266E63.jpg,00093-8035-01_DC266E63,48440,TRUE,10/17/2017 05:32:53 PM,2020-02-10 17:09:13,e84c0dfc-a4e9-4c89-b6ea-45732eb412f5-0093-8035-0,e84c0dfc-a4e9-4c89-b6ea-45732eb412f5,10,,C48345,OVAL,,2,,3;035;N,,C48333,BLUE,,GLYBURIDE 3 mg;,GLYBURIDE[GLYBURIDE];,"MICROCRYSTALLINE CELLULOSE;STARCH, CORN;SODIUM STARCH GLYCOLATE TYPE A POTATO;SILICON DIOXIDE;MAGNESIUM STEARATE;FD&C BLUE NO. 1;FD&C BLUE NO. 2;",HRX,SCD,glyburide 3 MG Oral Tablet,310536,2020-02-10 15:54:21,0093-8035,0,,938035,93,8035,Glyburide,active,20181023,26a9fe66-649b-44c3-a80f-14ab5d141d1a.xml,,C42998,34391-3,,,LABELER,"Teva Pharmaceuticals USA, Inc.",C73584,NLM,TRUE,,14,,,TRUE,FALSE,FALSE,TRUE,TRUE
00093-8035-01_PART_1_OF_1_CHAL10_SF_DC266E63.jpg,00093-8035-01,8035,TRUE,TRUE,FALSE,fcn_mix_weight/dr_224/00093-8035-01_PART_1_OF_1_CHAL10_SF_DC266E63.jpg,00093-8035-01_DC266E63,48440,TRUE,10/17/2017 05:32:53 PM,2020-02-10 17:09:13,e84c0dfc-a4e9-4c89-b6ea-45732eb412f5-0093-8035-0,e84c0dfc-a4e9-4c89-b6ea-45732eb412f5,10,,C48345,OVAL,,2,,3;035;N,,C48333,BLUE,,GLYBURIDE 3 mg;,GLYBURIDE[GLYBURIDE];,"MICROCRYSTALLINE CELLULOSE;STARCH, CORN;SODIUM STARCH GLYCOLATE TYPE A POTATO;SILICON DIOXIDE;MAGNESIUM STEARATE;FD&C BLUE NO. 1;FD&C BLUE NO. 2;",HRX,SCD,glyburide 3 MG Oral Tablet,310536,2020-02-10 15:54:21,0093-8035,0,,938035,93,8035,Glyburide,active,20181023,26a9fe66-649b-44c3-a80f-14ab5d141d1a.xml,,C42998,34391-3,,,LABELER,"Teva Pharmaceuticals USA, Inc.",C73584,NLM,TRUE,,14,,,TRUE,FALSE,FALSE,TRUE,TRUE
00093-8036-01_PART_1_OF_1_CHAL10_SB_C2266173.jpg,00093-8036-01,8036,TRUE,FALSE,FALSE,fcn_mix_weight/dr_224/00093-8036-01_PART_1_OF_1_CHAL10_SB_C2266173.jpg,00093-8036-01_C2266173,38476,TRUE,10/17/2017 05:32:08 PM,2020-02-10 17:09:15,e84c0dfc-a4e9-4c89-b6ea-45732eb412f5-0093-8036-0,e84c0dfc-a4e9-4c89-b6ea-45732eb412f5,10,,C48345,OVAL,,2,,6;036;N,,C48333,BLUE,,GLYBURIDE 6 mg;,GLYBURIDE[GLYBURIDE];,"MICROCRYSTALLINE CELLULOSE;STARCH, CORN;SODIUM STARCH GLYCOLATE TYPE A POTATO;SILICON DIOXIDE;MAGNESIUM STEARATE;FD&C BLUE NO. 1;FD&C BLUE NO. 2;",HRX,SCD,glyburide 6 MG Oral Tablet,310539,2020-02-10 15:54:28,0093-8036,0,,938036,93,8036,Glyburide,active,20181023,26a9fe66-649b-44c3-a80f-14ab5d141d1a.xml,,C42998,34391-3,,,LABELER,"Teva Pharmaceuticals USA, Inc.",C73584,NLM,TRUE,,14,,,TRUE,FALSE,FALSE,TRUE,TRUE
00093-8036-01_PART_1_OF_1_CHAL10_SF_C2266173.jpg,00093-8036-01,8036,TRUE,TRUE,FALSE,fcn_mix_weight/dr_224/00093-8036-01_PART_1_OF_1_CHAL10_SF_C2266173.jpg,00093-8036-01_C2266173,38476,TRUE,10/17/2017 05:32:08 PM,2020-02-10 17:09:15,e84c0dfc-a4e9-4c89-b6ea-45732eb412f5-0093-8036-0,e84c0dfc-a4e9-4c89-b6ea-45732eb412f5,10,,C48345,OVAL,,2,,6;036;N,,C48333,BLUE,,GLYBURIDE 6 mg;,GLYBURIDE[GLYBURIDE];,"MICROCRYSTALLINE CELLULOSE;STARCH, CORN;SODIUM STARCH GLYCOLATE TYPE A POTATO;SILICON DIOXIDE;MAGNESIUM STEARATE;FD&C BLUE NO. 1;FD&C BLUE NO. 2;",HRX,SCD,glyburide 6 MG Oral Tablet,310539,2020-02-10 15:54:28,0093-8036,0,,938036,93,8036,Glyburide,active,20181023,26a9fe66-649b-44c3-a80f-14ab5d141d1a.xml,,C42998,34391-3,,,LABELER,"Teva Pharmaceuticals USA, Inc.",C73584,NLM,TRUE,,14,,,TRUE,FALSE,FALSE,TRUE,TRUE
00093-9107-29_PART_1_OF_1_CHAL10_SB_8A21C51E.jpg,00093-9107-29,9107,TRUE,FALSE,FALSE,fcn_mix_weight/dr_224/00093-9107-29_PART_1_OF_1_CHAL10_SB_8A21C51E.jpg,00093-9107-29_8A21C51E,21434,TRUE,10/17/2017 05:30:53 PM,10/17/2017 05:30:53 PM,107c3ad5-6ebe-4c98-a4a8-ac36663bd6a7-0093-9107-0,107c3ad5-6ebe-4c98-a4a8-ac36663bd6a7,10,,C48348,ROUND,,1,,93;107,,C48331,ORANGE,,MEBENDAZOLE 100 mg,MEBENDAZOLE[MEBENDAZOLE],"ANHYDROUS LACTOSE / STARCH, CORN / MAGNESIUM STEARATE / CELLULOSE, MICROCRYSTALLINE / SODIUM LAURYL SULFATE / SACCHARIN SODIUM / SODIUM STARCH GLYCOLATE TYPE A POTATO / STEARIC ACID / FD&C YELLOW NO. 6",HRX,,Mebendazole 100 MG Chewable Tablet,105347,,0093-9107,0,,939107,93,9107,Mebendazole,completed,20130909,b32633b3-168d-4cc8-abd1-58efd8766129.xml,,C42893,34391-3,,,LABELER,Teva Pharmaceuticals USA Inc,C73584,NLM,TRUE,,4,,,FALSE,TRUE,FALSE,TRUE,TRUE
00093-9107-29_PART_1_OF_1_CHAL10_SF_8A21C51E.jpg,00093-9107-29,9107,TRUE,TRUE,FALSE,fcn_mix_weight/dr_224/00093-9107-29_PART_1_OF_1_CHAL10_SF_8A21C51E.jpg,00093-9107-29_8A21C51E,21434,TRUE,10/17/2017 05:30:53 PM,10/17/2017 05:30:53 PM,107c3ad5-6ebe-4c98-a4a8-ac36663bd6a7-0093-9107-0,107c3ad5-6ebe-4c98-a4a8-ac36663bd6a7,10,,C48348,ROUND,,1,,93;107,,C48331,ORANGE,,MEBENDAZOLE 100 mg,MEBENDAZOLE[MEBENDAZOLE],"ANHYDROUS LACTOSE / STARCH, CORN / MAGNESIUM STEARATE / CELLULOSE, MICROCRYSTALLINE / SODIUM LAURYL SULFATE / SACCHARIN SODIUM / SODIUM STARCH GLYCOLATE TYPE A POTATO / STEARIC ACID / FD&C YELLOW NO. 6",HRX,,Mebendazole 100 MG Chewable Tablet,105347,,0093-9107,0,,939107,93,9107,Mebendazole,completed,20130909,b32633b3-168d-4cc8-abd1-58efd8766129.xml,,C42893,34391-3,,,LABELER,Teva Pharmaceuticals USA Inc,C73584,NLM,TRUE,,4,,,FALSE,TRUE,FALSE,TRUE,TRUE
00093-9133-06_PART_1_OF_1_CHAL10_SB_A4205202.jpg,00093-9133-06,9133,TRUE,FALSE,FALSE,fcn_mix_weight/dr_224/00093-9133-06_PART_1_OF_1_CHAL10_SB_A4205202.jpg,00093-9133-06_A4205202,8840,TRUE,10/17/2017 05:29:59 PM,2020-02-10 17:02:56,0e70dd96-53ca-4bc3-ba70-0bd63dd94d5b-0093-9133-0,0e70dd96-53ca-4bc3-ba70-0bd63dd94d5b,10,,C48348,ROUND,,2,,93;9133,,C48328,PINK,,AMIODARONE HYDROCHLORIDE 200 mg;,AMIODARONE HYDROCHLORIDE[AMIODARONE];,"SILICON DIOXIDE;STARCH, CORN;FD&C RED NO. 40;LACTOSE MONOHYDRATE;MAGNESIUM STEARATE;POVIDONE K30;",HRX,SCD,amiodarone hydrochloride 200 MG Oral Tablet,833528,2020-02-10 15:23:04,0093-9133,0,,939133,93,9133,Amiodarone Hydrochloride,active,20170508,2a318004-d646-4881-9a20-b9cfb8656787.xml,,C42998,34391-3,,,LABELER,"Teva Pharmaceuticals USA, Inc.",C73584,NLM,TRUE,,16,,,TRUE,FALSE,FALSE,TRUE,TRUE
00093-9133-06_PART_1_OF_1_CHAL10_SF_A4205202.jpg,00093-9133-06,9133,TRUE,TRUE,FALSE,fcn_mix_weight/dr_224/00093-9133-06_PART_1_OF_1_CHAL10_SF_A4205202.jpg,00093-9133-06_A4205202,8840,TRUE,10/17/2017 05:29:59 PM,2020-02-10 17:02:56,0e70dd96-53ca-4bc3-ba70-0bd63dd94d5b-0093-9133-0,0e70dd96-53ca-4bc3-ba70-0bd63dd94d5b,10,,C48348,ROUND,,2,,93;9133,,C48328,PINK,,AMIODARONE HYDROCHLORIDE 200 mg;,AMIODARONE HYDROCHLORIDE[AMIODARONE];,"SILICON DIOXIDE;STARCH, CORN;FD&C RED NO. 40;LACTOSE MONOHYDRATE;MAGNESIUM STEARATE;POVIDONE K30;",HRX,SCD,amiodarone hydrochloride 200 MG Oral Tablet,833528,2020-02-10 15:23:04,0093-9133,0,,939133,93,9133,Amiodarone Hydrochloride,active,20170508,2a318004-d646-4881-9a20-b9cfb8656787.xml,,C42998,34391-3,,,LABELER,"Teva Pharmaceuticals USA, Inc.",C73584,NLM,TRUE,,16,,,TRUE,FALSE,FALSE,TRUE,TRUE
00131-2478-35_PART_1_OF_1_CHAL10_SB_B41DDA5E.jpg,00131-2478-35,2478,TRUE,FALSE,FALSE,fcn_mix_weight/dr_224/00131-2478-35_PART_1_OF_1_CHAL10_SB_B41DDA5E.jpg,00131-2478-35_B41DDA5E,23494,TRUE,10/17/2017 05:31:02 PM,2020-02-10 17:15:06,9e79b42c-38a3-4b2c-a196-a5a1948250e2-0131-2478-0,9e79b42c-38a3-4b2c-a196-a5a1948250e2,13,,C48345,OVAL,,1,,SP;100,,C48330,YELLOW,,LACOSAMIDE 100 mg;,LACOSAMIDE[LACOSAMIDE];,"SILICON DIOXIDE;CROSPOVIDONE (15 MPA.S AT 5%);HYDROXYPROPYL CELLULOSE (1600000 WAMW);MAGNESIUM STEARATE;MICROCRYSTALLINE CELLULOSE;POLYETHYLENE GLYCOL, UNSPECIFIED;POLYVINYL ALCOHOL, UNSPECIFIED;TALC;TITANIUM DIOXIDE;FERRIC OXIDE YELLOW;",HRX,SBD,lacosamide 100 MG Oral Tablet [Vimpat],809990,2020-02-10 15:51:42,0131-2478,0,,1312478,131,2478,Vimpat,active,20200318,36e26c97-31c2-4c80-9bc0-ab039a0349a0.xml,,C42931,34391-3,C48679,CV,LABELER,"UCB, Inc.",C73594,NLM,TRUE,,40,,,TRUE,FALSE,FALSE,TRUE,TRUE
00131-2478-35_PART_1_OF_1_CHAL10_SF_B41DDA5E.jpg,00131-2478-35,2478,TRUE,TRUE,FALSE,fcn_mix_weight/dr_224/00131-2478-35_PART_1_OF_1_CHAL10_SF_B41DDA5E.jpg,00131-2478-35_B41DDA5E,23494,TRUE,10/17/2017 05:31:02 PM,2020-02-10 17:15:06,9e79b42c-38a3-4b2c-a196-a5a1948250e2-0131-2478-0,9e79b42c-38a3-4b2c-a196-a5a1948250e2,13,,C48345,OVAL,,1,,SP;100,,C48330,YELLOW,,LACOSAMIDE 100 mg;,LACOSAMIDE[LACOSAMIDE];,"SILICON DIOXIDE;CROSPOVIDONE (15 MPA.S AT 5%);HYDROXYPROPYL CELLULOSE (1600000 WAMW);MAGNESIUM STEARATE;MICROCRYSTALLINE CELLULOSE;POLYETHYLENE GLYCOL, UNSPECIFIED;POLYVINYL ALCOHOL, UNSPECIFIED;TALC;TITANIUM DIOXIDE;FERRIC OXIDE YELLOW;",HRX,SBD,lacosamide 100 MG Oral Tablet [Vimpat],809990,2020-02-10 15:51:42,0131-2478,0,,1312478,131,2478,Vimpat,active,20200318,36e26c97-31c2-4c80-9bc0-ab039a0349a0.xml,,C42931,34391-3,C48679,CV,LABELER,"UCB, Inc.",C73594,NLM,TRUE,,40,,,TRUE,FALSE,FALSE,TRUE,TRUE
00143-1227-01_PART_1_OF_1_CHAL10_SB_C123608B.jpg,00143-1227-01,1227,TRUE,FALSE,FALSE,fcn_mix_weight/dr_224/00143-1227-01_PART_1_OF_1_CHAL10_SB_C123608B.jpg,00143-1227-01_C123608B,37874,TRUE,10/17/2017 05:32:05 PM,2020-02-10 17:16:14,5a553bda-1e3d-4b80-913f-73dd54655033-0143-1227-0,5a553bda-1e3d-4b80-913f-73dd54655033,7,,C48348,ROUND,,1,,WW;27,,C48333,BLUE,,DICYCLOMINE HYDROCHLORIDE 20 mg;,DICYCLOMINE HYDROCHLORIDE[DICYCLOMINE];,"ANHYDROUS LACTOSE;FD&C BLUE NO. 1;LACTOSE MONOHYDRATE;MAGNESIUM STEARATE;CELLULOSE, MICROCRYSTALLINE;",HRX,SCD,dicyclomine hydrochloride 20 MG Oral Tablet,991086,2020-02-10 16:32:40,0143-1227,0,,1431227,143,1227,Dicyclomine,active,20180531,31219459-7057-4d7e-85db-a50f8a2cef95.xml,,C42998,34391-3,,,LABELER,Hikma Pharmaceuticals USA Inc.,C73584,NLM,TRUE,,12,,,TRUE,FALSE,FALSE,TRUE,TRUE
00143-1227-01_PART_1_OF_1_CHAL10_SF_C123608B.jpg,00143-1227-01,1227,TRUE,TRUE,FALSE,fcn_mix_weight/dr_224/00143-1227-01_PART_1_OF_1_CHAL10_SF_C123608B.jpg,00143-1227-01_C123608B,37874,TRUE,10/17/2017 05:32:05 PM,2020-02-10 17:16:14,5a553bda-1e3d-4b80-913f-73dd54655033-0143-1227-0,5a553bda-1e3d-4b80-913f-73dd54655033,7,,C48348,ROUND,,1,,WW;27,,C48333,BLUE,,DICYCLOMINE HYDROCHLORIDE 20 mg;,DICYCLOMINE HYDROCHLORIDE[DICYCLOMINE];,"ANHYDROUS LACTOSE;FD&C BLUE NO. 1;LACTOSE MONOHYDRATE;MAGNESIUM STEARATE;CELLULOSE, MICROCRYSTALLINE;",HRX,SCD,dicyclomine hydrochloride 20 MG Oral Tablet,991086,2020-02-10 16:32:40,0143-1227,0,,1431227,143,1227,Dicyclomine,active,20180531,31219459-7057-4d7e-85db-a50f8a2cef95.xml,,C42998,34391-3,,,LABELER,Hikma Pharmaceuticals USA Inc.,C73584,NLM,TRUE,,12,,,TRUE,FALSE,FALSE,TRUE,TRUE
00143-1240-01_PART_1_OF_1_CHAL10_SB_4F232789.jpg,00143-1240-01,1240,TRUE,FALSE,FALSE,fcn_mix_weight/dr_224/00143-1240-01_PART_1_OF_1_CHAL10_SB_4F232789.jpg,00143-1240-01_4F232789,18849,TRUE,10/17/2017 05:30:42 PM,2020-02-10 17:16:22,41c16cff-b03e-405e-a617-d6f45d3ce2bd-0143-1240-0,41c16cff-b03e-405e-a617-d6f45d3ce2bd,6,,C48348,ROUND,,2,,w;40,,C48330,YELLOW,,DIGOXIN 125 ug;,DIGOXIN[DIGOXIN];,"ANHYDROUS LACTOSE;SILICON DIOXIDE;STARCH, CORN;LACTOSE MONOHYDRATE;MAGNESIUM STEARATE;FD&C YELLOW NO. 6;D&C YELLOW NO. 10 ALUMINUM LAKE;",HRX,SCD,digoxin 0.125 MG Oral Tablet,197604,2020-02-10 15:58:07,0143-1240,0,,1431240,143,1240,Digoxin,active,20200619,3445ae5c-c8b7-4024-94f6-a58630c2df6e.xml,,C42998,34391-3,,,LABELER,Hikma Pharmaceuticals USA Inc.,C73584,NLM,TRUE,,19,,,TRUE,FALSE,FALSE,TRUE,TRUE
00143-1240-01_PART_1_OF_1_CHAL10_SF_4F232789.jpg,00143-1240-01,1240,TRUE,TRUE,FALSE,fcn_mix_weight/dr_224/00143-1240-01_PART_1_OF_1_CHAL10_SF_4F232789.jpg,00143-1240-01_4F232789,18849,TRUE,10/17/2017 05:30:42 PM,2020-02-10 17:16:22,41c16cff-b03e-405e-a617-d6f45d3ce2bd-0143-1240-0,41c16cff-b03e-405e-a617-d6f45d3ce2bd,6,,C48348,ROUND,,2,,w;40,,C48330,YELLOW,,DIGOXIN 125 ug;,DIGOXIN[DIGOXIN];,"ANHYDROUS LACTOSE;SILICON DIOXIDE;STARCH, CORN;LACTOSE MONOHYDRATE;MAGNESIUM STEARATE;FD&C YELLOW NO. 6;D&C YELLOW NO. 10 ALUMINUM LAKE;",HRX,SCD,digoxin 0.125 MG Oral Tablet,197604,2020-02-10 15:58:07,0143-1240,0,,1431240,143,1240,Digoxin,active,20200619,3445ae5c-c8b7-4024-94f6-a58630c2df6e.xml,,C42998,34391-3,,,LABELER,Hikma Pharmaceuticals USA Inc.,C73584,NLM,TRUE,,19,,,TRUE,FALSE,FALSE,TRUE,TRUE
00143-1241-01_PART_1_OF_1_CHAL10_SB_B323599A.jpg,00143-1241-01,1241,TRUE,FALSE,FALSE,fcn_mix_weight/dr_224/00143-1241-01_PART_1_OF_1_CHAL10_SB_B323599A.jpg,00143-1241-01_B323599A,44701,TRUE,10/17/2017 05:32:36 PM,2020-02-10 17:07:01,41c16cff-b03e-405e-a617-d6f45d3ce2bd-0143-1241-0,41c16cff-b03e-405e-a617-d6f45d3ce2bd,7,,C48348,ROUND,,2,,WW41,,C48325,WHITE,,DIGOXIN 250 ug;,DIGOXIN[DIGOXIN];,"ANHYDROUS LACTOSE;SILICON DIOXIDE;STARCH, CORN;LACTOSE MONOHYDRATE;MAGNESIUM STEARATE;",HRX,SCD,digoxin 0.25 MG Oral Tablet,197606,2020-02-10 15:42:14,0143-1241,0,,1431241,143,1241,Digoxin,active,20200619,3445ae5c-c8b7-4024-94f6-a58630c2df6e.xml,,C42998,34391-3,,,LABELER,Hikma Pharmaceuticals USA Inc.,C73584,NLM,TRUE,,19,,,TRUE,FALSE,FALSE,TRUE,TRUE
00143-1241-01_PART_1_OF_1_CHAL10_SF_B323599A.jpg,00143-1241-01,1241,TRUE,TRUE,FALSE,fcn_mix_weight/dr_224/00143-1241-01_PART_1_OF_1_CHAL10_SF_B323599A.jpg,00143-1241-01_B323599A,44701,TRUE,10/17/2017 05:32:36 PM,2020-02-10 17:07:01,41c16cff-b03e-405e-a617-d6f45d3ce2bd-0143-1241-0,41c16cff-b03e-405e-a617-d6f45d3ce2bd,7,,C48348,ROUND,,2,,WW41,,C48325,WHITE,,DIGOXIN 250 ug;,DIGOXIN[DIGOXIN];,"ANHYDROUS LACTOSE;SILICON DIOXIDE;STARCH, CORN;LACTOSE MONOHYDRATE;MAGNESIUM STEARATE;",HRX,SCD,digoxin 0.25 MG Oral Tablet,197606,2020-02-10 15:42:14,0143-1241,0,,1431241,143,1241,Digoxin,active,20200619,3445ae5c-c8b7-4024-94f6-a58630c2df6e.xml,,C42998,34391-3,,,LABELER,Hikma Pharmaceuticals USA Inc.,C73584,NLM,TRUE,,19,,,TRUE,FALSE,FALSE,TRUE,TRUE
00143-1257-01_PART_1_OF_1_CHAL10_SB_FD22FEA7.jpg,00143-1257-01,1257,TRUE,FALSE,FALSE,fcn_mix_weight/dr_224/00143-1257-01_PART_1_OF_1_CHAL10_SB_FD22FEA7.jpg,00143-1257-01_FD22FEA7,37578,TRUE,10/17/2017 05:32:04 PM,2020-02-10 17:12:26,1f066b90-a35d-4e4a-836e-e0f9b44fba02-0143-1257-0,1f066b90-a35d-4e4a-836e-e0f9b44fba02,8,,C48348,ROUND,,2,,Westward;257,,C48331,ORANGE,,HYDROCHLOROTHIAZIDE 50 mg;,HYDROCHLOROTHIAZIDE[HYDROCHLOROTHIAZIDE];,"STARCH, CORN;FD&C YELLOW NO. 6;CALCIUM PHOSPHATE, DIBASIC, DIHYDRATE;ANHYDROUS LACTOSE;CALCIUM STEARATE;D&C YELLOW NO. 10;SODIUM STARCH GLYCOLATE TYPE A POTATO;",HRX,,,,2020-02-10 16:12:16,0143-1257,0,,1431257,143,1257,Hydrochlorothiazide,active,20120110,41215fb1-eeae-491d-99b7-766303842823.xml,,C42998,34391-3,,,LABELER,West-ward Pharmaceutical Corp,C73584,NLM,TRUE,,4,,,TRUE,FALSE,FALSE,TRUE,TRUE
00143-1257-01_PART_1_OF_1_CHAL10_SF_FD22FEA7.jpg,00143-1257-01,1257,TRUE,TRUE,FALSE,fcn_mix_weight/dr_224/00143-1257-01_PART_1_OF_1_CHAL10_SF_FD22FEA7.jpg,00143-1257-01_FD22FEA7,37578,TRUE,10/17/2017 05:32:04 PM,2020-02-10 17:12:26,1f066b90-a35d-4e4a-836e-e0f9b44fba02-0143-1257-0,1f066b90-a35d-4e4a-836e-e0f9b44fba02,8,,C48348,ROUND,,2,,Westward;257,,C48331,ORANGE,,HYDROCHLOROTHIAZIDE 50 mg;,HYDROCHLOROTHIAZIDE[HYDROCHLOROTHIAZIDE];,"STARCH, CORN;FD&C YELLOW NO. 6;CALCIUM PHOSPHATE, DIBASIC, DIHYDRATE;ANHYDROUS LACTOSE;CALCIUM STEARATE;D&C YELLOW NO. 10;SODIUM STARCH GLYCOLATE TYPE A POTATO;",HRX,,,,2020-02-10 16:12:16,0143-1257,0,,1431257,143,1257,Hydrochlorothiazide,active,20120110,41215fb1-eeae-491d-99b7-766303842823.xml,,C42998,34391-3,,,LABELER,West-ward Pharmaceutical Corp,C73584,NLM,TRUE,,4,,,TRUE,FALSE,FALSE,TRUE,TRUE
00143-1268-01_PART_1_OF_1_CHAL10_SB_7321B9DD.jpg,00143-1268-01,1268,TRUE,FALSE,FALSE,fcn_mix_weight/dr_224/00143-1268-01_PART_1_OF_1_CHAL10_SB_7321B9DD.jpg,00143-1268-01_7321B9DD,32011,TRUE,10/17/2017 05:31:38 PM,2020-02-10 17:14:54,2d73866f-d2d8-43b2-9797-74f452f23945-0143-1268-0,2d73866f-d2d8-43b2-9797-74f452f23945,8,,C48348,ROUND,,1,,WW;268,,C48326,RED,,LISINOPRIL 20 mg;,LISINOPRIL[LISINOPRIL ANHYDROUS];,"STARCH, CORN;SILICON DIOXIDE;ANHYDROUS DIBASIC CALCIUM PHOSPHATE;MAGNESIUM STEARATE;MANNITOL;FERRIC OXIDE RED;SODIUM STARCH GLYCOLATE TYPE A POTATO;",HRX,,,,2020-02-10 16:25:55,0143-1268,0,,1431268,143,1268,Lisinopril,completed,20180323,9526e0ab-5fea-4429-b7df-1dc780a21dbc.xml,,C42998,34391-3,,,LABELER,Hikma Pharmaceuticals USA Inc.,C73584,NLM,TRUE,,31,,,TRUE,FALSE,FALSE,TRUE,TRUE
00143-1268-01_PART_1_OF_1_CHAL10_SF_7321B9DD.jpg,00143-1268-01,1268,TRUE,TRUE,FALSE,fcn_mix_weight/dr_224/00143-1268-01_PART_1_OF_1_CHAL10_SF_7321B9DD.jpg,00143-1268-01_7321B9DD,32011,TRUE,10/17/2017 05:31:38 PM,2020-02-10 17:14:54,2d73866f-d2d8-43b2-9797-74f452f23945-0143-1268-0,2d73866f-d2d8-43b2-9797-74f452f23945,8,,C48348,ROUND,,1,,WW;268,,C48326,RED,,LISINOPRIL 20 mg;,LISINOPRIL[LISINOPRIL ANHYDROUS];,"STARCH, CORN;SILICON DIOXIDE;ANHYDROUS DIBASIC CALCIUM PHOSPHATE;MAGNESIUM STEARATE;MANNITOL;FERRIC OXIDE RED;SODIUM STARCH GLYCOLATE TYPE A POTATO;",HRX,,,,2020-02-10 16:25:55,0143-1268,0,,1431268,143,1268,Lisinopril,completed,20180323,9526e0ab-5fea-4429-b7df-1dc780a21dbc.xml,,C42998,34391-3,,,LABELER,Hikma Pharmaceuticals USA Inc.,C73584,NLM,TRUE,,31,,,TRUE,FALSE,FALSE,TRUE,TRUE
00143-1425-01_PART_1_OF_1_CHAL10_SB_B12658A2.jpg,00143-1425-01,1425,TRUE,FALSE,FALSE,fcn_mix_weight/dr_224/00143-1425-01_PART_1_OF_1_CHAL10_SB_B12658A2.jpg,00143-1425-01_B12658A2,43149,TRUE,10/17/2017 05:32:29 PM,10/17/2017 05:32:29 PM,97c28049-1f40-4b0c-9caa-eb0770d0300d-0143-1425-0,97c28049-1f40-4b0c-9caa-eb0770d0300d,6,,C48348,ROUND,,2,,WW;25,,C48325,WHITE,,PREDNISONE 2.5 mg;,PREDNISONE[PREDNISONE];,"ANHYDROUS LACTOSE;SILICON DIOXIDE;MAGNESIUM STEARATE;CELLULOSE, MICROCRYSTALLINE;SODIUM STARCH GLYCOLATE TYPE A POTATO;TALC;",HRX,,Prednisone 2.5 MG Oral Tablet,198146,,0143-1425,0,,1431425,143,1425,Prednisone,active,20131201,e6cb8609-d890-4f1a-a740-e4ec301ce43e.xml,,C42998,34391-3,,,LABELER,West-Ward Pharmaceutical Corp,C73584,NLM,TRUE,,7,,,FALSE,TRUE,FALSE,TRUE,TRUE
00143-1425-01_PART_1_OF_1_CHAL10_SF_B12658A2.jpg,00143-1425-01,1425,TRUE,TRUE,FALSE,fcn_mix_weight/dr_224/00143-1425-01_PART_1_OF_1_CHAL10_SF_B12658A2.jpg,00143-1425-01_B12658A2,43149,TRUE,10/17/2017 05:32:29 PM,10/17/2017 05:32:29 PM,97c28049-1f40-4b0c-9caa-eb0770d0300d-0143-1425-0,97c28049-1f40-4b0c-9caa-eb0770d0300d,6,,C48348,ROUND,,2,,WW;25,,C48325,WHITE,,PREDNISONE 2.5 mg;,PREDNISONE[PREDNISONE];,"ANHYDROUS LACTOSE;SILICON DIOXIDE;MAGNESIUM STEARATE;CELLULOSE, MICROCRYSTALLINE;SODIUM STARCH GLYCOLATE TYPE A POTATO;TALC;",HRX,,Prednisone 2.5 MG Oral Tablet,198146,,0143-1425,0,,1431425,143,1425,Prednisone,active,20131201,e6cb8609-d890-4f1a-a740-e4ec301ce43e.xml,,C42998,34391-3,,,LABELER,West-Ward Pharmaceutical Corp,C73584,NLM,TRUE,,7,,,FALSE,TRUE,FALSE,TRUE,TRUE
00143-1473-01_PART_1_OF_1_CHAL10_SB_A8205472.jpg,00143-1473-01,1473,TRUE,FALSE,FALSE,fcn_mix_weight/dr_224/00143-1473-01_PART_1_OF_1_CHAL10_SB_A8205472.jpg,00143-1473-01_A8205472,1925,TRUE,10/17/2017 05:29:28 PM,10/17/2017 05:29:28 PM,97c28049-1f40-4b0c-9caa-eb0770d0300d-0143-1473-0,97c28049-1f40-4b0c-9caa-eb0770d0300d,9,,C48348,ROUND,,2,,WEST;WARD;473,,C48325,WHITE,,PREDNISONE 10 mg;,PREDNISONE[PREDNISONE];,"ANHYDROUS LACTOSE;SILICON DIOXIDE;MAGNESIUM STEARATE;CELLULOSE, MICROCRYSTALLINE;SODIUM STARCH GLYCOLATE TYPE A POTATO;TALC;",HRX,,Prednisone 10 MG Oral Tablet,198145,,0143-1473,0,,1431473,143,1473,Prednisone,active,20131201,e6cb8609-d890-4f1a-a740-e4ec301ce43e.xml,,C42998,34391-3,,,LABELER,West-Ward Pharmaceutical Corp,C73584,NLM,TRUE,,7,,,FALSE,TRUE,FALSE,TRUE,TRUE
00143-1473-01_PART_1_OF_1_CHAL10_SF_A8205472.jpg,00143-1473-01,1473,TRUE,TRUE,FALSE,fcn_mix_weight/dr_224/00143-1473-01_PART_1_OF_1_CHAL10_SF_A8205472.jpg,00143-1473-01_A8205472,1925,TRUE,10/17/2017 05:29:28 PM,10/17/2017 05:29:28 PM,97c28049-1f40-4b0c-9caa-eb0770d0300d-0143-1473-0,97c28049-1f40-4b0c-9caa-eb0770d0300d,9,,C48348,ROUND,,2,,WEST;WARD;473,,C48325,WHITE,,PREDNISONE 10 mg;,PREDNISONE[PREDNISONE];,"ANHYDROUS LACTOSE;SILICON DIOXIDE;MAGNESIUM STEARATE;CELLULOSE, MICROCRYSTALLINE;SODIUM STARCH GLYCOLATE TYPE A POTATO;TALC;",HRX,,Prednisone 10 MG Oral Tablet,198145,,0143-1473,0,,1431473,143,1473,Prednisone,active,20131201,e6cb8609-d890-4f1a-a740-e4ec301ce43e.xml,,C42998,34391-3,,,LABELER,West-Ward Pharmaceutical Corp,C73584,NLM,TRUE,,7,,,FALSE,TRUE,FALSE,TRUE,TRUE
00143-1475-01_PART_1_OF_1_CHAL10_SB_B7205BF2.jpg,00143-1475-01,1475,TRUE,FALSE,FALSE,fcn_mix_weight/dr_224/00143-1475-01_PART_1_OF_1_CHAL10_SB_B7205BF2.jpg,00143-1475-01_B7205BF2,39960,TRUE,10/17/2017 05:32:15 PM,10/17/2017 05:32:15 PM,97c28049-1f40-4b0c-9caa-eb0770d0300d-0143-1475-0,97c28049-1f40-4b0c-9caa-eb0770d0300d,6,,C48348,ROUND,,2,,West;ward;475,,C48325,WHITE,,PREDNISONE 5 mg;,PREDNISONE[PREDNISONE];,"ANHYDROUS LACTOSE;SILICON DIOXIDE;MAGNESIUM STEARATE;CELLULOSE, MICROCRYSTALLINE;SODIUM STARCH GLYCOLATE TYPE A POTATO;TALC;",HRX,,Prednisone 5 MG Oral Tablet,312617,,0143-1475,0,,1431475,143,1475,Prednisone,active,20131201,e6cb8609-d890-4f1a-a740-e4ec301ce43e.xml,,C42998,34391-3,,,LABELER,West-Ward Pharmaceutical Corp,C73584,NLM,TRUE,,7,,,FALSE,TRUE,FALSE,TRUE,TRUE
00143-1475-01_PART_1_OF_1_CHAL10_SF_B7205BF2.jpg,00143-1475-01,1475,TRUE,TRUE,FALSE,fcn_mix_weight/dr_224/00143-1475-01_PART_1_OF_1_CHAL10_SF_B7205BF2.jpg,00143-1475-01_B7205BF2,39960,TRUE,10/17/2017 05:32:15 PM,10/17/2017 05:32:15 PM,97c28049-1f40-4b0c-9caa-eb0770d0300d-0143-1475-0,97c28049-1f40-4b0c-9caa-eb0770d0300d,6,,C48348,ROUND,,2,,West;ward;475,,C48325,WHITE,,PREDNISONE 5 mg;,PREDNISONE[PREDNISONE];,"ANHYDROUS LACTOSE;SILICON DIOXIDE;MAGNESIUM STEARATE;CELLULOSE, MICROCRYSTALLINE;SODIUM STARCH GLYCOLATE TYPE A POTATO;TALC;",HRX,,Prednisone 5 MG Oral Tablet,312617,,0143-1475,0,,1431475,143,1475,Prednisone,active,20131201,e6cb8609-d890-4f1a-a740-e4ec301ce43e.xml,,C42998,34391-3,,,LABELER,West-Ward Pharmaceutical Corp,C73584,NLM,TRUE,,7,,,FALSE,TRUE,FALSE,TRUE,TRUE
00143-9919-01_PART_1_OF_1_CHAL10_SB_02230118.jpg,00143-9919-01,9919,TRUE,FALSE,FALSE,fcn_mix_weight/dr_224/00143-9919-01_PART_1_OF_1_CHAL10_SB_02230118.jpg,00143-9919-01_02230118,38025,TRUE,10/17/2017 05:32:06 PM,2020-02-10 17:06:58,4f6fbb6d-f865-46e2-ad07-50d4937c3318-0143-9919-0,4f6fbb6d-f865-46e2-ad07-50d4937c3318,7,10,C48345,OVAL,,2,,G2,,C48333,BLUE,,GLYBURIDE 3 mg;,GLYBURIDE[GLYBURIDE];,"SILICON DIOXIDE;STARCH, CORN;LACTOSE MONOHYDRATE;MAGNESIUM STEARATE;FD&C BLUE NO. 1;",HRX,SCD,glyburide 3 MG Oral Tablet,310536,2020-02-10 15:42:03,0143-9919,0,,1439919,143,9919,Glyburide,active,20170929,4c42c363-f21c-4005-82c4-3ab7cb1a0c6a.xml,,C42998,34391-3,,,LABELER,Hikma Pharmaceuticals USA Inc.,C73584,NLM,TRUE,,16,,,TRUE,FALSE,FALSE,TRUE,TRUE
00143-9919-01_PART_1_OF_1_CHAL10_SF_02230118.jpg,00143-9919-01,9919,TRUE,TRUE,FALSE,fcn_mix_weight/dr_224/00143-9919-01_PART_1_OF_1_CHAL10_SF_02230118.jpg,00143-9919-01_02230118,38025,TRUE,10/17/2017 05:32:06 PM,2020-02-10 17:06:58,4f6fbb6d-f865-46e2-ad07-50d4937c3318-0143-9919-0,4f6fbb6d-f865-46e2-ad07-50d4937c3318,7,10,C48345,OVAL,,2,,G2,,C48333,BLUE,,GLYBURIDE 3 mg;,GLYBURIDE[GLYBURIDE];,"SILICON DIOXIDE;STARCH, CORN;LACTOSE MONOHYDRATE;MAGNESIUM STEARATE;FD&C BLUE NO. 1;",HRX,SCD,glyburide 3 MG Oral Tablet,310536,2020-02-10 15:42:03,0143-9919,0,,1439919,143,9919,Glyburide,active,20170929,4c42c363-f21c-4005-82c4-3ab7cb1a0c6a.xml,,C42998,34391-3,,,LABELER,Hikma Pharmaceuticals USA Inc.,C73584,NLM,TRUE,,16,,,TRUE,FALSE,FALSE,TRUE,TRUE
00143-9920-01_PART_1_OF_1_CHAL10_SB_A4265272.jpg,00143-9920-01,9920,TRUE,FALSE,FALSE,fcn_mix_weight/dr_224/00143-9920-01_PART_1_OF_1_CHAL10_SB_A4265272.jpg,00143-9920-01_A4265272,31364,TRUE,10/17/2017 05:31:35 PM,2020-02-10 17:04:01,4f6fbb6d-f865-46e2-ad07-50d4937c3318-0143-9920-0,4f6fbb6d-f865-46e2-ad07-50d4937c3318,7,10,C48345,OVAL,,2,,H5,,C48330,YELLOW,,GLYBURIDE 6 mg;,GLYBURIDE[GLYBURIDE];,"SILICON DIOXIDE;STARCH, CORN;LACTOSE MONOHYDRATE;MAGNESIUM STEARATE;D&C YELLOW NO. 10;",HRX,SCD,glyburide 6 MG Oral Tablet,310539,2020-02-10 15:28:17,0143-9920,0,,1439920,143,9920,Glyburide,active,20170929,4c42c363-f21c-4005-82c4-3ab7cb1a0c6a.xml,,C42998,34391-3,,,LABELER,Hikma Pharmaceuticals USA Inc.,C73584,NLM,TRUE,,16,,,TRUE,FALSE,FALSE,TRUE,TRUE
00143-9920-01_PART_1_OF_1_CHAL10_SF_A4265272.jpg,00143-9920-01,9920,TRUE,TRUE,FALSE,fcn_mix_weight/dr_224/00143-9920-01_PART_1_OF_1_CHAL10_SF_A4265272.jpg,00143-9920-01_A4265272,31364,TRUE,10/17/2017 05:31:35 PM,2020-02-10 17:04:01,4f6fbb6d-f865-46e2-ad07-50d4937c3318-0143-9920-0,4f6fbb6d-f865-46e2-ad07-50d4937c3318,7,10,C48345,OVAL,,2,,H5,,C48330,YELLOW,,GLYBURIDE 6 mg;,GLYBURIDE[GLYBURIDE];,"SILICON DIOXIDE;STARCH, CORN;LACTOSE MONOHYDRATE;MAGNESIUM STEARATE;D&C YELLOW NO. 10;",HRX,SCD,glyburide 6 MG Oral Tablet,310539,2020-02-10 15:28:17,0143-9920,0,,1439920,143,9920,Glyburide,active,20170929,4c42c363-f21c-4005-82c4-3ab7cb1a0c6a.xml,,C42998,34391-3,,,LABELER,Hikma Pharmaceuticals USA Inc.,C73584,NLM,TRUE,,16,,,TRUE,FALSE,FALSE,TRUE,TRUE
00145-0091-25_PART_1_OF_1_CHAL10_SB_DD196ECB.jpg,00145-0091-25,91,TRUE,FALSE,FALSE,fcn_mix_weight/dr_224/00145-0091-25_PART_1_OF_1_CHAL10_SB_DD196ECB.jpg,00145-0091-25_DD196ECB,21523,TRUE,10/17/2017 05:30:53 PM,2020-02-10 17:11:54,cec7851f-c7af-4e9e-a5e4-a585c70510d2-0145-0091-0,cec7851f-c7af-4e9e-a5e4-a585c70510d2,19,,C48336,CAPSULE,,1,,A;25;mg,,C48332;C48330,BROWN;YELLOW,,ACITRETIN 25 mg;,ACITRETIN[ACITRETIN];,"MICROCRYSTALLINE CELLULOSE;SODIUM ASCORBATE;GELATIN, UNSPECIFIED;MALTODEXTRIN;FERRIC OXIDE YELLOW;FERROSOFERRIC OXIDE;FERRIC OXIDE RED;TITANIUM DIOXIDE;",HRX,SBD,acitretin 25 MG Oral Capsule [Soriatane],213070,2020-02-10 16:09:21,0145-0091,0,,1450091,145,91,SORIATANE,active,20181008,c4a7b474-2237-4728-a97d-6c634e0fcc0e.xml,,C25158,34391-3,,,LABELER,Stiefel Laboratories Inc,C73594,NLM,TRUE,,24,,,TRUE,FALSE,FALSE,TRUE,TRUE
00145-0091-25_PART_1_OF_1_CHAL10_SF_DD196ECB.jpg,00145-0091-25,91,TRUE,TRUE,FALSE,fcn_mix_weight/dr_224/00145-0091-25_PART_1_OF_1_CHAL10_SF_DD196ECB.jpg,00145-0091-25_DD196ECB,21523,TRUE,10/17/2017 05:30:53 PM,2020-02-10 17:11:54,cec7851f-c7af-4e9e-a5e4-a585c70510d2-0145-0091-0,cec7851f-c7af-4e9e-a5e4-a585c70510d2,19,,C48336,CAPSULE,,1,,A;25;mg,,C48332;C48330,BROWN;YELLOW,,ACITRETIN 25 mg;,ACITRETIN[ACITRETIN];,"MICROCRYSTALLINE CELLULOSE;SODIUM ASCORBATE;GELATIN, UNSPECIFIED;MALTODEXTRIN;FERRIC OXIDE YELLOW;FERROSOFERRIC OXIDE;FERRIC OXIDE RED;TITANIUM DIOXIDE;",HRX,SBD,acitretin 25 MG Oral Capsule [Soriatane],213070,2020-02-10 16:09:21,0145-0091,0,,1450091,145,91,SORIATANE,active,20181008,c4a7b474-2237-4728-a97d-6c634e0fcc0e.xml,,C25158,34391-3,,,LABELER,Stiefel Laboratories Inc,C73594,NLM,TRUE,,24,,,TRUE,FALSE,FALSE,TRUE,TRUE
00145-3817-03_PART_1_OF_1_CHAL10_SB_DA196D7B.jpg,00145-3817-03,3817,TRUE,FALSE,FALSE,fcn_mix_weight/dr_224/00145-3817-03_PART_1_OF_1_CHAL10_SB_DA196D7B.jpg,00145-3817-03_DA196D7B,28328,TRUE,10/17/2017 05:31:22 PM,2020-02-10 17:06:14,cec7851f-c7af-4e9e-a5e4-a585c70510d2-0145-3817-0,cec7851f-c7af-4e9e-a5e4-a585c70510d2,14,18,C48336,CAPSULE,,1,,A;17;5;mg,,C48330,YELLOW,,ACITRETIN 17.5 mg;,ACITRETIN[ACITRETIN];,"CELLULOSE, MICROCRYSTALLINE;SODIUM ASCORBATE;GELATIN;MALTODEXTRIN;FERRIC OXIDE YELLOW;FERROSOFERRIC OXIDE;FERRIC OXIDE RED;TITANIUM DIOXIDE;",HRX,SBD,acitretin 17.5 MG Oral Capsule [Soriatane],894861,2020-02-10 15:38:27,0145-3817,0,,1453817,145,3817,SORIATANE,active,20181008,c4a7b474-2237-4728-a97d-6c634e0fcc0e.xml,,C25158,34391-3,,,LABELER,Stiefel Laboratories Inc,C73594,NLM,TRUE,,24,,,TRUE,FALSE,FALSE,TRUE,TRUE
00145-3817-03_PART_1_OF_1_CHAL10_SF_DA196D7B.jpg,00145-3817-03,3817,TRUE,TRUE,FALSE,fcn_mix_weight/dr_224/00145-3817-03_PART_1_OF_1_CHAL10_SF_DA196D7B.jpg,00145-3817-03_DA196D7B,28328,TRUE,10/17/2017 05:31:22 PM,2020-02-10 17:06:14,cec7851f-c7af-4e9e-a5e4-a585c70510d2-0145-3817-0,cec7851f-c7af-4e9e-a5e4-a585c70510d2,14,18,C48336,CAPSULE,,1,,A;17;5;mg,,C48330,YELLOW,,ACITRETIN 17.5 mg;,ACITRETIN[ACITRETIN];,"CELLULOSE, MICROCRYSTALLINE;SODIUM ASCORBATE;GELATIN;MALTODEXTRIN;FERRIC OXIDE YELLOW;FERROSOFERRIC OXIDE;FERRIC OXIDE RED;TITANIUM DIOXIDE;",HRX,SBD,acitretin 17.5 MG Oral Capsule [Soriatane],894861,2020-02-10 15:38:27,0145-3817,0,,1453817,145,3817,SORIATANE,active,20181008,c4a7b474-2237-4728-a97d-6c634e0fcc0e.xml,,C25158,34391-3,,,LABELER,Stiefel Laboratories Inc,C73594,NLM,TRUE,,24,,,TRUE,FALSE,FALSE,TRUE,TRUE
00169-0081-81_PART_1_OF_1_CHAL10_SB_CD1C66E3.jpg,00169-0081-81,81,TRUE,FALSE,FALSE,fcn_mix_weight/dr_224/00169-0081-81_PART_1_OF_1_CHAL10_SB_CD1C66E3.jpg,00169-0081-81_CD1C66E3,19899,TRUE,10/17/2017 05:30:46 PM,2020-02-10 17:12:56,4c1c212f-71a5-4dd3-81b2-cd9e2148774c-0169-0081-0,4c1c212f-71a5-4dd3-81b2-cd9e2148774c,5,,C48348,ROUND,,1,,,,C48325,WHITE,,REPAGLINIDE 0.5 mg;,REPAGLINIDE[REPAGLINIDE];,,HRX,SBD,repaglinide 0.5 MG Oral Tablet [Prandin],213218,2020-02-10 15:40:16,0169-0081,0,,1690081,169,81,Prandin,completed,20190206,814078bb-8c13-a996-e053-2991aa0ab042.xml,,C42998,34391-3,,,LABELER,Novo Nordisk,C73594,NLM,TRUE,,11,,,TRUE,FALSE,FALSE,TRUE,TRUE
00169-0081-81_PART_1_OF_1_CHAL10_SF_CD1C66E3.jpg,00169-0081-81,81,TRUE,TRUE,FALSE,fcn_mix_weight/dr_224/00169-0081-81_PART_1_OF_1_CHAL10_SF_CD1C66E3.jpg,00169-0081-81_CD1C66E3,19899,TRUE,10/17/2017 05:30:46 PM,2020-02-10 17:12:56,4c1c212f-71a5-4dd3-81b2-cd9e2148774c-0169-0081-0,4c1c212f-71a5-4dd3-81b2-cd9e2148774c,5,,C48348,ROUND,,1,,,,C48325,WHITE,,REPAGLINIDE 0.5 mg;,REPAGLINIDE[REPAGLINIDE];,,HRX,SBD,repaglinide 0.5 MG Oral Tablet [Prandin],213218,2020-02-10 15:40:16,0169-0081,0,,1690081,169,81,Prandin,completed,20190206,814078bb-8c13-a996-e053-2991aa0ab042.xml,,C42998,34391-3,,,LABELER,Novo Nordisk,C73594,NLM,TRUE,,11,,,TRUE,FALSE,FALSE,TRUE,TRUE
00172-2083-60_PART_1_OF_1_CHAL10_SB_6426B215.jpg,00172-2083-60,2083,TRUE,FALSE,FALSE,fcn_mix_weight/dr_224/00172-2083-60_PART_1_OF_1_CHAL10_SB_6426B215.jpg,00172-2083-60_6426B215,17251,TRUE,10/17/2017 05:30:35 PM,2020-02-10 17:05:17,e2270db4-2930-4ec5-ac96-2b4542aed367-0172-2083-0,e2270db4-2930-4ec5-ac96-2b4542aed367,6,,C48348,ROUND,,2,,TEVA;2083,,C48331,ORANGE,,HYDROCHLOROTHIAZIDE 25 mg;,HYDROCHLOROTHIAZIDE[HYDROCHLOROTHIAZIDE];,"STARCH, CORN;ANHYDROUS DIBASIC CALCIUM PHOSPHATE;FD&C YELLOW NO. 6;LACTOSE MONOHYDRATE;MAGNESIUM STEARATE;",HRX,SCD,hydrochlorothiazide 25 MG Oral Tablet,310798,2020-02-10 15:33:49,0172-2083,0,,1722083,172,2083,Hydrochlorothiazide,active,20160531,9a57e853-2f3e-4598-8851-a46620b655a6.xml,,C42998,34391-3,,,LABELER,"Teva Pharmaceuticals USA, Inc.",C73584,NLM,TRUE,,14,,,TRUE,FALSE,FALSE,TRUE,TRUE
00172-2083-60_PART_1_OF_1_CHAL10_SB_B122D8F6.jpg,00172-2083-60,2083,TRUE,FALSE,FALSE,fcn_mix_weight/dr_224/00172-2083-60_PART_1_OF_1_CHAL10_SB_B122D8F6.jpg,00172-2083-60_B122D8F6,17251,TRUE,10/17/2017 05:30:35 PM,2020-02-10 17:05:17,e2270db4-2930-4ec5-ac96-2b4542aed367-0172-2083-0,e2270db4-2930-4ec5-ac96-2b4542aed367,6,,C48348,ROUND,,2,,TEVA;2083,,C48331,ORANGE,,HYDROCHLOROTHIAZIDE 25 mg;,HYDROCHLOROTHIAZIDE[HYDROCHLOROTHIAZIDE];,"STARCH, CORN;ANHYDROUS DIBASIC CALCIUM PHOSPHATE;FD&C YELLOW NO. 6;LACTOSE MONOHYDRATE;MAGNESIUM STEARATE;",HRX,SCD,hydrochlorothiazide 25 MG Oral Tablet,310798,2020-02-10 15:33:49,0172-2083,0,,1722083,172,2083,Hydrochlorothiazide,active,20160531,9a57e853-2f3e-4598-8851-a46620b655a6.xml,,C42998,34391-3,,,LABELER,"Teva Pharmaceuticals USA, Inc.",C73584,NLM,TRUE,,14,,,TRUE,FALSE,FALSE,TRUE,TRUE
00172-2083-60_PART_1_OF_1_CHAL10_SF_6426B215.jpg,00172-2083-60,2083,TRUE,TRUE,FALSE,fcn_mix_weight/dr_224/00172-2083-60_PART_1_OF_1_CHAL10_SF_6426B215.jpg,00172-2083-60_6426B215,17251,TRUE,10/17/2017 05:30:35 PM,2020-02-10 17:05:17,e2270db4-2930-4ec5-ac96-2b4542aed367-0172-2083-0,e2270db4-2930-4ec5-ac96-2b4542aed367,6,,C48348,ROUND,,2,,TEVA;2083,,C48331,ORANGE,,HYDROCHLOROTHIAZIDE 25 mg;,HYDROCHLOROTHIAZIDE[HYDROCHLOROTHIAZIDE];,"STARCH, CORN;ANHYDROUS DIBASIC CALCIUM PHOSPHATE;FD&C YELLOW NO. 6;LACTOSE MONOHYDRATE;MAGNESIUM STEARATE;",HRX,SCD,hydrochlorothiazide 25 MG Oral Tablet,310798,2020-02-10 15:33:49,0172-2083,0,,1722083,172,2083,Hydrochlorothiazide,active,20160531,9a57e853-2f3e-4598-8851-a46620b655a6.xml,,C42998,34391-3,,,LABELER,"Teva Pharmaceuticals USA, Inc.",C73584,NLM,TRUE,,14,,,TRUE,FALSE,FALSE,TRUE,TRUE
00172-2083-60_PART_1_OF_1_CHAL10_SF_B122D8F6.jpg,00172-2083-60,2083,TRUE,TRUE,FALSE,fcn_mix_weight/dr_224/00172-2083-60_PART_1_OF_1_CHAL10_SF_B122D8F6.jpg,00172-2083-60_B122D8F6,17251,TRUE,10/17/2017 05:30:35 PM,2020-02-10 17:05:17,e2270db4-2930-4ec5-ac96-2b4542aed367-0172-2083-0,e2270db4-2930-4ec5-ac96-2b4542aed367,6,,C48348,ROUND,,2,,TEVA;2083,,C48331,ORANGE,,HYDROCHLOROTHIAZIDE 25 mg;,HYDROCHLOROTHIAZIDE[HYDROCHLOROTHIAZIDE];,"STARCH, CORN;ANHYDROUS DIBASIC CALCIUM PHOSPHATE;FD&C YELLOW NO. 6;LACTOSE MONOHYDRATE;MAGNESIUM STEARATE;",HRX,SCD,hydrochlorothiazide 25 MG Oral Tablet,310798,2020-02-10 15:33:49,0172-2083,0,,1722083,172,2083,Hydrochlorothiazide,active,20160531,9a57e853-2f3e-4598-8851-a46620b655a6.xml,,C42998,34391-3,,,LABELER,"Teva Pharmaceuticals USA, Inc.",C73584,NLM,TRUE,,14,,,TRUE,FALSE,FALSE,TRUE,TRUE
00172-2089-60_PART_1_OF_1_CHAL10_SB_9C26CE66.jpg,00172-2089-60,2089,TRUE,FALSE,FALSE,fcn_mix_weight/dr_224/00172-2089-60_PART_1_OF_1_CHAL10_SB_9C26CE66.jpg,00172-2089-60_9C26CE66,34262,TRUE,10/17/2017 05:31:49 PM,2020-02-10 17:05:17,e2270db4-2930-4ec5-ac96-2b4542aed367-0172-2089-0,e2270db4-2930-4ec5-ac96-2b4542aed367,8,,C48348,ROUND,,2,,TEVA;2089,,C48331,ORANGE,,HYDROCHLOROTHIAZIDE 50 mg;,HYDROCHLOROTHIAZIDE[HYDROCHLOROTHIAZIDE];,"STARCH, CORN;ANHYDROUS DIBASIC CALCIUM PHOSPHATE;FD&C YELLOW NO. 6;LACTOSE MONOHYDRATE;MAGNESIUM STEARATE;",HRX,SCD,hydrochlorothiazide 50 MG Oral Tablet,197770,2020-02-10 15:33:48,0172-2089,0,,1722089,172,2089,Hydrochlorothiazide,active,20160531,9a57e853-2f3e-4598-8851-a46620b655a6.xml,,C42998,34391-3,,,LABELER,"Teva Pharmaceuticals USA, Inc.",C73584,NLM,TRUE,,14,,,TRUE,FALSE,FALSE,TRUE,TRUE
00172-2089-60_PART_1_OF_1_CHAL10_SF_9C26CE66.jpg,00172-2089-60,2089,TRUE,TRUE,FALSE,fcn_mix_weight/dr_224/00172-2089-60_PART_1_OF_1_CHAL10_SF_9C26CE66.jpg,00172-2089-60_9C26CE66,34262,TRUE,10/17/2017 05:31:49 PM,2020-02-10 17:05:17,e2270db4-2930-4ec5-ac96-2b4542aed367-0172-2089-0,e2270db4-2930-4ec5-ac96-2b4542aed367,8,,C48348,ROUND,,2,,TEVA;2089,,C48331,ORANGE,,HYDROCHLOROTHIAZIDE 50 mg;,HYDROCHLOROTHIAZIDE[HYDROCHLOROTHIAZIDE];,"STARCH, CORN;ANHYDROUS DIBASIC CALCIUM PHOSPHATE;FD&C YELLOW NO. 6;LACTOSE MONOHYDRATE;MAGNESIUM STEARATE;",HRX,SCD,hydrochlorothiazide 50 MG Oral Tablet,197770,2020-02-10 15:33:48,0172-2089,0,,1722089,172,2089,Hydrochlorothiazide,active,20160531,9a57e853-2f3e-4598-8851-a46620b655a6.xml,,C42998,34391-3,,,LABELER,"Teva Pharmaceuticals USA, Inc.",C73584,NLM,TRUE,,14,,,TRUE,FALSE,FALSE,TRUE,TRUE
00172-2662-46_PART_1_OF_1_CHAL10_SB_592DAC9D.jpg,00172-2662-46,2662,TRUE,FALSE,FALSE,fcn_mix_weight/dr_224/00172-2662-46_PART_1_OF_1_CHAL10_SB_592DAC9D.jpg,00172-2662-46_592DAC9D,21956,TRUE,10/17/2017 05:30:55 PM,10/17/2017 05:30:55 PM,bdd3079b-6956-41a6-beff-eadb455db11c-0172-2662-0,bdd3079b-6956-41a6-beff-eadb455db11c,9,,C48348,ROUND,,1,,10;2662,[or];TEVA;2662,C48331,ORANGE,,FAMOTIDINE 10 mg;,FAMOTIDINE[FAMOTIDINE];,"SILICON DIOXIDE;FD&C RED NO. 40;FD&C YELLOW NO. 6;HYPROMELLOSES;MAGNESIUM STEARATE;CELLULOSE, MICROCRYSTALLINE;POLYETHYLENE GLYCOLS;STARCH, CORN;SODIUM STARCH GLYCOLATE TYPE A POTATO;TALC;TITANIUM DIOXIDE;",HOTC,,Famotidine 10 MG Oral Tablet,199047,,0172-2662,0,,1722662,172,2662,FAMOTIDINE,active,20130814,41257a61-409b-4d51-8855-a78c21766010.xml,,C42998,34390-5,,,LABELER,"IVAX Pharmaceuticals, Inc.",C73584,NLM,TRUE,,4,,,FALSE,TRUE,FALSE,TRUE,TRUE
00172-2662-46_PART_1_OF_1_CHAL10_SF_592DAC9D.jpg,00172-2662-46,2662,TRUE,TRUE,FALSE,fcn_mix_weight/dr_224/00172-2662-46_PART_1_OF_1_CHAL10_SF_592DAC9D.jpg,00172-2662-46_592DAC9D,21956,TRUE,10/17/2017 05:30:55 PM,10/17/2017 05:30:55 PM,bdd3079b-6956-41a6-beff-eadb455db11c-0172-2662-0,bdd3079b-6956-41a6-beff-eadb455db11c,9,,C48348,ROUND,,1,,10;2662,[or];TEVA;2662,C48331,ORANGE,,FAMOTIDINE 10 mg;,FAMOTIDINE[FAMOTIDINE];,"SILICON DIOXIDE;FD&C RED NO. 40;FD&C YELLOW NO. 6;HYPROMELLOSES;MAGNESIUM STEARATE;CELLULOSE, MICROCRYSTALLINE;POLYETHYLENE GLYCOLS;STARCH, CORN;SODIUM STARCH GLYCOLATE TYPE A POTATO;TALC;TITANIUM DIOXIDE;",HOTC,,Famotidine 10 MG Oral Tablet,199047,,0172-2662,0,,1722662,172,2662,FAMOTIDINE,active,20130814,41257a61-409b-4d51-8855-a78c21766010.xml,,C42998,34390-5,,,LABELER,"IVAX Pharmaceuticals, Inc.",C73584,NLM,TRUE,,4,,,FALSE,TRUE,FALSE,TRUE,TRUE
00172-2907-60_PART_1_OF_1_CHAL10_SB_AA26D556.jpg,00172-2907-60,2907,TRUE,FALSE,FALSE,fcn_mix_weight/dr_224/00172-2907-60_PART_1_OF_1_CHAL10_SB_AA26D556.jpg,00172-2907-60_AA26D556,13821,TRUE,10/17/2017 05:30:20 PM,2020-02-10 17:14:58,4aaf4dcc-ca69-45df-91f8-584043be3186-0172-2907-0,4aaf4dcc-ca69-45df-91f8-584043be3186,8,,C48348,ROUND,,2,,2907;TEVA,,C48325,WHITE,,FUROSEMIDE 40 mg;,FUROSEMIDE[FUROSEMIDE];,"SILICON DIOXIDE;STARCH, CORN;LACTOSE MONOHYDRATE;MAGNESIUM STEARATE;POVIDONE K30;SODIUM STARCH GLYCOLATE TYPE A POTATO;",HRX,SCD,furosemide 40 MG Oral Tablet,313988,2020-02-10 16:26:16,0172-2907,0,,1722907,172,2907,Furosemide,active,20140512,21153410-8a2b-44ce-814e-869571a199ae.xml,,C42998,34391-3,,,LABELER,"IVAX Pharmaceuticals, Inc.",C73594,SPL,TRUE,,8,,,TRUE,FALSE,FALSE,FALSE,TRUE
00172-2907-60_PART_1_OF_1_CHAL10_SF_AA26D556.jpg,00172-2907-60,2907,TRUE,TRUE,FALSE,fcn_mix_weight/dr_224/00172-2907-60_PART_1_OF_1_CHAL10_SF_AA26D556.jpg,00172-2907-60_AA26D556,13821,TRUE,10/17/2017 05:30:20 PM,2020-02-10 17:14:58,4aaf4dcc-ca69-45df-91f8-584043be3186-0172-2907-0,4aaf4dcc-ca69-45df-91f8-584043be3186,8,,C48348,ROUND,,2,,2907;TEVA,,C48325,WHITE,,FUROSEMIDE 40 mg;,FUROSEMIDE[FUROSEMIDE];,"SILICON DIOXIDE;STARCH, CORN;LACTOSE MONOHYDRATE;MAGNESIUM STEARATE;POVIDONE K30;SODIUM STARCH GLYCOLATE TYPE A POTATO;",HRX,SCD,furosemide 40 MG Oral Tablet,313988,2020-02-10 16:26:16,0172-2907,0,,1722907,172,2907,Furosemide,active,20140512,21153410-8a2b-44ce-814e-869571a199ae.xml,,C42998,34391-3,,,LABELER,"IVAX Pharmaceuticals, Inc.",C73594,SPL,TRUE,,8,,,TRUE,FALSE,FALSE,FALSE,TRUE
00172-2908-60_PART_1_OF_1_CHAL10_SB_BC26DE56.jpg,00172-2908-60,2908,TRUE,FALSE,FALSE,fcn_mix_weight/dr_224/00172-2908-60_PART_1_OF_1_CHAL10_SB_BC26DE56.jpg,00172-2908-60_BC26DE56,34886,TRUE,10/17/2017 05:31:52 PM,2020-02-10 17:16:27,4aaf4dcc-ca69-45df-91f8-584043be3186-0172-2908-0,4aaf4dcc-ca69-45df-91f8-584043be3186,6,,C48348,ROUND,,1,,2908;TEVA,,C48325,WHITE,,FUROSEMIDE 20 mg;,FUROSEMIDE[FUROSEMIDE];,"SILICON DIOXIDE;STARCH, CORN;LACTOSE MONOHYDRATE;MAGNESIUM STEARATE;POVIDONE K30;SODIUM STARCH GLYCOLATE TYPE A POTATO;",HRX,SCD,furosemide 20 MG Oral Tablet,310429,2020-02-10 15:59:06,0172-2908,0,,1722908,172,2908,Furosemide,active,20140512,21153410-8a2b-44ce-814e-869571a199ae.xml,,C42998,34391-3,,,LABELER,"IVAX Pharmaceuticals, Inc.",C73594,SPL,TRUE,,8,,,TRUE,FALSE,FALSE,FALSE,TRUE
00172-2908-60_PART_1_OF_1_CHAL10_SF_BC26DE56.jpg,00172-2908-60,2908,TRUE,TRUE,FALSE,fcn_mix_weight/dr_224/00172-2908-60_PART_1_OF_1_CHAL10_SF_BC26DE56.jpg,00172-2908-60_BC26DE56,34886,TRUE,10/17/2017 05:31:52 PM,2020-02-10 17:16:27,4aaf4dcc-ca69-45df-91f8-584043be3186-0172-2908-0,4aaf4dcc-ca69-45df-91f8-584043be3186,6,,C48348,ROUND,,1,,2908;TEVA,,C48325,WHITE,,FUROSEMIDE 20 mg;,FUROSEMIDE[FUROSEMIDE];,"SILICON DIOXIDE;STARCH, CORN;LACTOSE MONOHYDRATE;MAGNESIUM STEARATE;POVIDONE K30;SODIUM STARCH GLYCOLATE TYPE A POTATO;",HRX,SCD,furosemide 20 MG Oral Tablet,310429,2020-02-10 15:59:06,0172-2908,0,,1722908,172,2908,Furosemide,active,20140512,21153410-8a2b-44ce-814e-869571a199ae.xml,,C42998,34391-3,,,LABELER,"IVAX Pharmaceuticals, Inc.",C73594,SPL,TRUE,,8,,,TRUE,FALSE,FALSE,FALSE,TRUE
00172-4096-60_PART_1_OF_1_CHAL10_SB_5C232E79.jpg,00172-4096-60,4096,TRUE,FALSE,FALSE,fcn_mix_weight/dr_224/00172-4096-60_PART_1_OF_1_CHAL10_SB_5C232E79.jpg,00172-4096-60_5C232E79,40882,TRUE,10/17/2017 05:32:19 PM,2020-02-10 16:59:24,d2806494-2042-497c-b5ca-7344f6b01a9c-54868-3405-0,d2806494-2042-497c-b5ca-7344f6b01a9c,9,,C48348,ROUND,,2,,4096;TV,,C48325,WHITE,,BACLOFEN 10 mg;,BACLOFEN[BACLOFEN];,"ANHYDROUS LACTOSE;SILICON DIOXIDE;CALCIUM PHOSPHATE, DIBASIC, DIHYDRATE;MAGNESIUM STEARATE;CELLULOSE, MICROCRYSTALLINE;SODIUM STARCH GLYCOLATE TYPE A POTATO;",HRX,,,,2020-02-10 15:07:18,54868-3405,0,,548683405,54868,3405,Baclofen,active,20140213,b4deba09-9747-4145-bb8c-956ce26560ad.xml,0172-4096,C42998,34391-3,,,LABELER,"Physicians Total Care, Inc.",C73584,SPL,TRUE,1,4,,,TRUE,FALSE,FALSE,TRUE,TRUE
00172-4096-60_PART_1_OF_1_CHAL10_SB_5C232E79.jpg,00172-4096-60,4096,TRUE,FALSE,FALSE,fcn_mix_weight/dr_224/00172-4096-60_PART_1_OF_1_CHAL10_SB_5C232E79.jpg,00172-4096-60_5C232E79,13842,TRUE,10/17/2017 05:30:20 PM,2020-02-10 17:04:59,b981eb16-a195-41da-a186-3e91b63b2def-63187-147-0,b981eb16-a195-41da-a186-3e91b63b2def,9,,C48348,ROUND,,2,,4096;TV,,C48325,WHITE,,BACLOFEN 10 mg;,BACLOFEN[BACLOFEN];,"ANHYDROUS LACTOSE;SILICON DIOXIDE;CALCIUM PHOSPHATE, DIBASIC, DIHYDRATE;MAGNESIUM STEARATE;CELLULOSE, MICROCRYSTALLINE;SODIUM STARCH GLYCOLATE TYPE A POTATO;",HRX,SCD,baclofen 10 MG Oral Tablet,197391,2020-02-10 15:32:31,63187-147,0,,631870147,63187,147,Baclofen,active,20140801,58b923d2-507d-40aa-be53-b71b7f2b7f21.xml,0172-4096,C42998,,,,LABELER,Proficient Rx LP,C73584,SPL,TRUE,1,3,,,TRUE,FALSE,FALSE,FALSE,TRUE
00172-4096-60_PART_1_OF_1_CHAL10_SB_B726DBE6.jpg,00172-4096-60,4096,TRUE,FALSE,FALSE,fcn_mix_weight/dr_224/00172-4096-60_PART_1_OF_1_CHAL10_SB_B726DBE6.jpg,00172-4096-60_B726DBE6,40882,TRUE,10/17/2017 05:32:19 PM,2020-02-10 16:59:24,d2806494-2042-497c-b5ca-7344f6b01a9c-54868-3405-0,d2806494-2042-497c-b5ca-7344f6b01a9c,9,,C48348,ROUND,,2,,4096;TV,,C48325,WHITE,,BACLOFEN 10 mg;,BACLOFEN[BACLOFEN];,"ANHYDROUS LACTOSE;SILICON DIOXIDE;CALCIUM PHOSPHATE, DIBASIC, DIHYDRATE;MAGNESIUM STEARATE;CELLULOSE, MICROCRYSTALLINE;SODIUM STARCH GLYCOLATE TYPE A POTATO;",HRX,,,,2020-02-10 15:07:18,54868-3405,0,,548683405,54868,3405,Baclofen,active,20140213,b4deba09-9747-4145-bb8c-956ce26560ad.xml,0172-4096,C42998,34391-3,,,LABELER,"Physicians Total Care, Inc.",C73584,SPL,TRUE,1,4,,,TRUE,FALSE,FALSE,TRUE,TRUE
00172-4096-60_PART_1_OF_1_CHAL10_SB_B726DBE6.jpg,00172-4096-60,4096,TRUE,FALSE,FALSE,fcn_mix_weight/dr_224/00172-4096-60_PART_1_OF_1_CHAL10_SB_B726DBE6.jpg,00172-4096-60_B726DBE6,13842,TRUE,10/17/2017 05:30:20 PM,2020-02-10 17:04:59,b981eb16-a195-41da-a186-3e91b63b2def-63187-147-0,b981eb16-a195-41da-a186-3e91b63b2def,9,,C48348,ROUND,,2,,4096;TV,,C48325,WHITE,,BACLOFEN 10 mg;,BACLOFEN[BACLOFEN];,"ANHYDROUS LACTOSE;SILICON DIOXIDE;CALCIUM PHOSPHATE, DIBASIC, DIHYDRATE;MAGNESIUM STEARATE;CELLULOSE, MICROCRYSTALLINE;SODIUM STARCH GLYCOLATE TYPE A POTATO;",HRX,SCD,baclofen 10 MG Oral Tablet,197391,2020-02-10 15:32:31,63187-147,0,,631870147,63187,147,Baclofen,active,20140801,58b923d2-507d-40aa-be53-b71b7f2b7f21.xml,0172-4096,C42998,,,,LABELER,Proficient Rx LP,C73584,SPL,TRUE,1,3,,,TRUE,FALSE,FALSE,FALSE,TRUE
00172-4096-60_PART_1_OF_1_CHAL10_SF_5C232E79.jpg,00172-4096-60,4096,TRUE,TRUE,FALSE,fcn_mix_weight/dr_224/00172-4096-60_PART_1_OF_1_CHAL10_SF_5C232E79.jpg,00172-4096-60_5C232E79,40882,TRUE,10/17/2017 05:32:19 PM,2020-02-10 16:59:24,d2806494-2042-497c-b5ca-7344f6b01a9c-54868-3405-0,d2806494-2042-497c-b5ca-7344f6b01a9c,9,,C48348,ROUND,,2,,4096;TV,,C48325,WHITE,,BACLOFEN 10 mg;,BACLOFEN[BACLOFEN];,"ANHYDROUS LACTOSE;SILICON DIOXIDE;CALCIUM PHOSPHATE, DIBASIC, DIHYDRATE;MAGNESIUM STEARATE;CELLULOSE, MICROCRYSTALLINE;SODIUM STARCH GLYCOLATE TYPE A POTATO;",HRX,,,,2020-02-10 15:07:18,54868-3405,0,,548683405,54868,3405,Baclofen,active,20140213,b4deba09-9747-4145-bb8c-956ce26560ad.xml,0172-4096,C42998,34391-3,,,LABELER,"Physicians Total Care, Inc.",C73584,SPL,TRUE,1,4,,,TRUE,FALSE,FALSE,TRUE,TRUE
00172-4096-60_PART_1_OF_1_CHAL10_SF_5C232E79.jpg,00172-4096-60,4096,TRUE,TRUE,FALSE,fcn_mix_weight/dr_224/00172-4096-60_PART_1_OF_1_CHAL10_SF_5C232E79.jpg,00172-4096-60_5C232E79,13842,TRUE,10/17/2017 05:30:20 PM,2020-02-10 17:04:59,b981eb16-a195-41da-a186-3e91b63b2def-63187-147-0,b981eb16-a195-41da-a186-3e91b63b2def,9,,C48348,ROUND,,2,,4096;TV,,C48325,WHITE,,BACLOFEN 10 mg;,BACLOFEN[BACLOFEN];,"ANHYDROUS LACTOSE;SILICON DIOXIDE;CALCIUM PHOSPHATE, DIBASIC, DIHYDRATE;MAGNESIUM STEARATE;CELLULOSE, MICROCRYSTALLINE;SODIUM STARCH GLYCOLATE TYPE A POTATO;",HRX,SCD,baclofen 10 MG Oral Tablet,197391,2020-02-10 15:32:31,63187-147,0,,631870147,63187,147,Baclofen,active,20140801,58b923d2-507d-40aa-be53-b71b7f2b7f21.xml,0172-4096,C42998,,,,LABELER,Proficient Rx LP,C73584,SPL,TRUE,1,3,,,TRUE,FALSE,FALSE,FALSE,TRUE
00172-4096-60_PART_1_OF_1_CHAL10_SF_B726DBE6.jpg,00172-4096-60,4096,TRUE,TRUE,FALSE,fcn_mix_weight/dr_224/00172-4096-60_PART_1_OF_1_CHAL10_SF_B726DBE6.jpg,00172-4096-60_B726DBE6,40882,TRUE,10/17/2017 05:32:19 PM,2020-02-10 16:59:24,d2806494-2042-497c-b5ca-7344f6b01a9c-54868-3405-0,d2806494-2042-497c-b5ca-7344f6b01a9c,9,,C48348,ROUND,,2,,4096;TV,,C48325,WHITE,,BACLOFEN 10 mg;,BACLOFEN[BACLOFEN];,"ANHYDROUS LACTOSE;SILICON DIOXIDE;CALCIUM PHOSPHATE, DIBASIC, DIHYDRATE;MAGNESIUM STEARATE;CELLULOSE, MICROCRYSTALLINE;SODIUM STARCH GLYCOLATE TYPE A POTATO;",HRX,,,,2020-02-10 15:07:18,54868-3405,0,,548683405,54868,3405,Baclofen,active,20140213,b4deba09-9747-4145-bb8c-956ce26560ad.xml,0172-4096,C42998,34391-3,,,LABELER,"Physicians Total Care, Inc.",C73584,SPL,TRUE,1,4,,,TRUE,FALSE,FALSE,TRUE,TRUE
00172-4096-60_PART_1_OF_1_CHAL10_SF_B726DBE6.jpg,00172-4096-60,4096,TRUE,TRUE,FALSE,fcn_mix_weight/dr_224/00172-4096-60_PART_1_OF_1_CHAL10_SF_B726DBE6.jpg,00172-4096-60_B726DBE6,13842,TRUE,10/17/2017 05:30:20 PM,2020-02-10 17:04:59,b981eb16-a195-41da-a186-3e91b63b2def-63187-147-0,b981eb16-a195-41da-a186-3e91b63b2def,9,,C48348,ROUND,,2,,4096;TV,,C48325,WHITE,,BACLOFEN 10 mg;,BACLOFEN[BACLOFEN];,"ANHYDROUS LACTOSE;SILICON DIOXIDE;CALCIUM PHOSPHATE, DIBASIC, DIHYDRATE;MAGNESIUM STEARATE;CELLULOSE, MICROCRYSTALLINE;SODIUM STARCH GLYCOLATE TYPE A POTATO;",HRX,SCD,baclofen 10 MG Oral Tablet,197391,2020-02-10 15:32:31,63187-147,0,,631870147,63187,147,Baclofen,active,20140801,58b923d2-507d-40aa-be53-b71b7f2b7f21.xml,0172-4096,C42998,,,,LABELER,Proficient Rx LP,C73584,SPL,TRUE,1,3,,,TRUE,FALSE,FALSE,FALSE,TRUE
00172-4097-60_PART_1_OF_1_CHAL10_SB_532329F9.jpg,00172-4097-60,4097,TRUE,FALSE,FALSE,fcn_mix_weight/dr_224/00172-4097-60_PART_1_OF_1_CHAL10_SB_532329F9.jpg,00172-4097-60_532329F9,34510,TRUE,10/17/2017 05:31:50 PM,10/17/2017 05:31:50 PM,7c823ad9-1a67-49f9-a63c-92d3365a5ae2-55154-7563-0,7c823ad9-1a67-49f9-a63c-92d3365a5ae2,11,,C48348,ROUND,,2,,4097;TV,,C48325,WHITE,,BACLOFEN 20 mg;,BACLOFEN[BACLOFEN];,"ANHYDROUS LACTOSE;SILICON DIOXIDE;CALCIUM PHOSPHATE, DIBASIC, DIHYDRATE;MAGNESIUM STEARATE;CELLULOSE, MICROCRYSTALLINE;SODIUM STARCH GLYCOLATE TYPE A POTATO;",HRX,,Baclofen 20 MG Oral Tablet,197392,,55154-7563,0,,551547563,55154,7563,Baclofen,active,20150331,7c823ad9-1a67-49f9-a63c-92d3365a5ae2.xml,0172-4097,C42998,,,,LABELER,Cardinal Health,C73584,NLM,TRUE,1,1,,,FALSE,TRUE,FALSE,FALSE,TRUE
00172-4097-60_PART_1_OF_1_CHAL10_SB_532329F9.jpg,00172-4097-60,4097,TRUE,FALSE,FALSE,fcn_mix_weight/dr_224/00172-4097-60_PART_1_OF_1_CHAL10_SB_532329F9.jpg,00172-4097-60_532329F9,27180,TRUE,10/17/2017 05:31:17 PM,2020-02-10 17:01:25,8c525238-ba75-473e-aea8-c4c5cc45ab5c-69189-4097-0,8c525238-ba75-473e-aea8-c4c5cc45ab5c,11,,C48348,ROUND,,2,,4097;TV,,C48325,WHITE,,BACLOFEN 20 mg;,BACLOFEN[BACLOFEN];,"ANHYDROUS LACTOSE;SILICON DIOXIDE;CALCIUM PHOSPHATE, DIBASIC, DIHYDRATE;MAGNESIUM STEARATE;CELLULOSE, MICROCRYSTALLINE;SODIUM STARCH GLYCOLATE TYPE A POTATO;",HRX,,,,2020-02-10 15:15:27,69189-4097,0,,691894097,69189,4097,Baclofen,active,20151216,ab7c3a5d-5e03-4656-aa1c-1c7732696e3e.xml,0172-4097,C42998,,,,LABELER,Avera McKennan Hospital,C73584,SPL,TRUE,1,1,,,TRUE,FALSE,FALSE,TRUE,TRUE
00172-4097-60_PART_1_OF_1_CHAL10_SB_532329F9.jpg,00172-4097-60,4097,TRUE,FALSE,FALSE,fcn_mix_weight/dr_224/00172-4097-60_PART_1_OF_1_CHAL10_SB_532329F9.jpg,00172-4097-60_532329F9,16630,TRUE,10/17/2017 05:30:32 PM,2020-02-10 17:06:26,d2806494-2042-497c-b5ca-7344f6b01a9c-54868-3006-0,d2806494-2042-497c-b5ca-7344f6b01a9c,11,,C48348,ROUND,,2,,4097;TV,,C48325,WHITE,,BACLOFEN 20 mg;,BACLOFEN[BACLOFEN];,"ANHYDROUS LACTOSE;SILICON DIOXIDE;CALCIUM PHOSPHATE, DIBASIC, DIHYDRATE;MAGNESIUM STEARATE;CELLULOSE, MICROCRYSTALLINE;SODIUM STARCH GLYCOLATE TYPE A POTATO;",HRX,,,,2020-02-10 15:39:30,54868-3006,0,,548683006,54868,3006,Baclofen,active,20140213,b4deba09-9747-4145-bb8c-956ce26560ad.xml,0172-4097,C42998,34391-3,,,LABELER,"Physicians Total Care, Inc.",C73584,SPL,TRUE,1,4,,,TRUE,FALSE,FALSE,TRUE,TRUE
00172-4097-60_PART_1_OF_1_CHAL10_SB_7B26BDE5.jpg,00172-4097-60,4097,TRUE,FALSE,FALSE,fcn_mix_weight/dr_224/00172-4097-60_PART_1_OF_1_CHAL10_SB_7B26BDE5.jpg,00172-4097-60_7B26BDE5,34510,TRUE,10/17/2017 05:31:50 PM,10/17/2017 05:31:50 PM,7c823ad9-1a67-49f9-a63c-92d3365a5ae2-55154-7563-0,7c823ad9-1a67-49f9-a63c-92d3365a5ae2,11,,C48348,ROUND,,2,,4097;TV,,C48325,WHITE,,BACLOFEN 20 mg;,BACLOFEN[BACLOFEN];,"ANHYDROUS LACTOSE;SILICON DIOXIDE;CALCIUM PHOSPHATE, DIBASIC, DIHYDRATE;MAGNESIUM STEARATE;CELLULOSE, MICROCRYSTALLINE;SODIUM STARCH GLYCOLATE TYPE A POTATO;",HRX,,Baclofen 20 MG Oral Tablet,197392,,55154-7563,0,,551547563,55154,7563,Baclofen,active,20150331,7c823ad9-1a67-49f9-a63c-92d3365a5ae2.xml,0172-4097,C42998,,,,LABELER,Cardinal Health,C73584,NLM,TRUE,1,1,,,FALSE,TRUE,FALSE,FALSE,TRUE
00172-4097-60_PART_1_OF_1_CHAL10_SB_7B26BDE5.jpg,00172-4097-60,4097,TRUE,FALSE,FALSE,fcn_mix_weight/dr_224/00172-4097-60_PART_1_OF_1_CHAL10_SB_7B26BDE5.jpg,00172-4097-60_7B26BDE5,27180,TRUE,10/17/2017 05:31:17 PM,2020-02-10 17:01:25,8c525238-ba75-473e-aea8-c4c5cc45ab5c-69189-4097-0,8c525238-ba75-473e-aea8-c4c5cc45ab5c,11,,C48348,ROUND,,2,,4097;TV,,C48325,WHITE,,BACLOFEN 20 mg;,BACLOFEN[BACLOFEN];,"ANHYDROUS LACTOSE;SILICON DIOXIDE;CALCIUM PHOSPHATE, DIBASIC, DIHYDRATE;MAGNESIUM STEARATE;CELLULOSE, MICROCRYSTALLINE;SODIUM STARCH GLYCOLATE TYPE A POTATO;",HRX,,,,2020-02-10 15:15:27,69189-4097,0,,691894097,69189,4097,Baclofen,active,20151216,ab7c3a5d-5e03-4656-aa1c-1c7732696e3e.xml,0172-4097,C42998,,,,LABELER,Avera McKennan Hospital,C73584,SPL,TRUE,1,1,,,TRUE,FALSE,FALSE,TRUE,TRUE
00172-4097-60_PART_1_OF_1_CHAL10_SB_7B26BDE5.jpg,00172-4097-60,4097,TRUE,FALSE,FALSE,fcn_mix_weight/dr_224/00172-4097-60_PART_1_OF_1_CHAL10_SB_7B26BDE5.jpg,00172-4097-60_7B26BDE5,16630,TRUE,10/17/2017 05:30:32 PM,2020-02-10 17:06:26,d2806494-2042-497c-b5ca-7344f6b01a9c-54868-3006-0,d2806494-2042-497c-b5ca-7344f6b01a9c,11,,C48348,ROUND,,2,,4097;TV,,C48325,WHITE,,BACLOFEN 20 mg;,BACLOFEN[BACLOFEN];,"ANHYDROUS LACTOSE;SILICON DIOXIDE;CALCIUM PHOSPHATE, DIBASIC, DIHYDRATE;MAGNESIUM STEARATE;CELLULOSE, MICROCRYSTALLINE;SODIUM STARCH GLYCOLATE TYPE A POTATO;",HRX,,,,2020-02-10 15:39:30,54868-3006,0,,548683006,54868,3006,Baclofen,active,20140213,b4deba09-9747-4145-bb8c-956ce26560ad.xml,0172-4097,C42998,34391-3,,,LABELER,"Physicians Total Care, Inc.",C73584,SPL,TRUE,1,4,,,TRUE,FALSE,FALSE,TRUE,TRUE
00172-4097-60_PART_1_OF_1_CHAL10_SF_532329F9.jpg,00172-4097-60,4097,TRUE,TRUE,FALSE,fcn_mix_weight/dr_224/00172-4097-60_PART_1_OF_1_CHAL10_SF_532329F9.jpg,00172-4097-60_532329F9,34510,TRUE,10/17/2017 05:31:50 PM,10/17/2017 05:31:50 PM,7c823ad9-1a67-49f9-a63c-92d3365a5ae2-55154-7563-0,7c823ad9-1a67-49f9-a63c-92d3365a5ae2,11,,C48348,ROUND,,2,,4097;TV,,C48325,WHITE,,BACLOFEN 20 mg;,BACLOFEN[BACLOFEN];,"ANHYDROUS LACTOSE;SILICON DIOXIDE;CALCIUM PHOSPHATE, DIBASIC, DIHYDRATE;MAGNESIUM STEARATE;CELLULOSE, MICROCRYSTALLINE;SODIUM STARCH GLYCOLATE TYPE A POTATO;",HRX,,Baclofen 20 MG Oral Tablet,197392,,55154-7563,0,,551547563,55154,7563,Baclofen,active,20150331,7c823ad9-1a67-49f9-a63c-92d3365a5ae2.xml,0172-4097,C42998,,,,LABELER,Cardinal Health,C73584,NLM,TRUE,1,1,,,FALSE,TRUE,FALSE,FALSE,TRUE
00172-4097-60_PART_1_OF_1_CHAL10_SF_532329F9.jpg,00172-4097-60,4097,TRUE,TRUE,FALSE,fcn_mix_weight/dr_224/00172-4097-60_PART_1_OF_1_CHAL10_SF_532329F9.jpg,00172-4097-60_532329F9,27180,TRUE,10/17/2017 05:31:17 PM,2020-02-10 17:01:25,8c525238-ba75-473e-aea8-c4c5cc45ab5c-69189-4097-0,8c525238-ba75-473e-aea8-c4c5cc45ab5c,11,,C48348,ROUND,,2,,4097;TV,,C48325,WHITE,,BACLOFEN 20 mg;,BACLOFEN[BACLOFEN];,"ANHYDROUS LACTOSE;SILICON DIOXIDE;CALCIUM PHOSPHATE, DIBASIC, DIHYDRATE;MAGNESIUM STEARATE;CELLULOSE, MICROCRYSTALLINE;SODIUM STARCH GLYCOLATE TYPE A POTATO;",HRX,,,,2020-02-10 15:15:27,69189-4097,0,,691894097,69189,4097,Baclofen,active,20151216,ab7c3a5d-5e03-4656-aa1c-1c7732696e3e.xml,0172-4097,C42998,,,,LABELER,Avera McKennan Hospital,C73584,SPL,TRUE,1,1,,,TRUE,FALSE,FALSE,TRUE,TRUE
00172-4097-60_PART_1_OF_1_CHAL10_SF_532329F9.jpg,00172-4097-60,4097,TRUE,TRUE,FALSE,fcn_mix_weight/dr_224/00172-4097-60_PART_1_OF_1_CHAL10_SF_532329F9.jpg,00172-4097-60_532329F9,16630,TRUE,10/17/2017 05:30:32 PM,2020-02-10 17:06:26,d2806494-2042-497c-b5ca-7344f6b01a9c-54868-3006-0,d2806494-2042-497c-b5ca-7344f6b01a9c,11,,C48348,ROUND,,2,,4097;TV,,C48325,WHITE,,BACLOFEN 20 mg;,BACLOFEN[BACLOFEN];,"ANHYDROUS LACTOSE;SILICON DIOXIDE;CALCIUM PHOSPHATE, DIBASIC, DIHYDRATE;MAGNESIUM STEARATE;CELLULOSE, MICROCRYSTALLINE;SODIUM STARCH GLYCOLATE TYPE A POTATO;",HRX,,,,2020-02-10 15:39:30,54868-3006,0,,548683006,54868,3006,Baclofen,active,20140213,b4deba09-9747-4145-bb8c-956ce26560ad.xml,0172-4097,C42998,34391-3,,,LABELER,"Physicians Total Care, Inc.",C73584,SPL,TRUE,1,4,,,TRUE,FALSE,FALSE,TRUE,TRUE
00172-4097-60_PART_1_OF_1_CHAL10_SF_7B26BDE5.jpg,00172-4097-60,4097,TRUE,TRUE,FALSE,fcn_mix_weight/dr_224/00172-4097-60_PART_1_OF_1_CHAL10_SF_7B26BDE5.jpg,00172-4097-60_7B26BDE5,34510,TRUE,10/17/2017 05:31:50 PM,10/17/2017 05:31:50 PM,7c823ad9-1a67-49f9-a63c-92d3365a5ae2-55154-7563-0,7c823ad9-1a67-49f9-a63c-92d3365a5ae2,11,,C48348,ROUND,,2,,4097;TV,,C48325,WHITE,,BACLOFEN 20 mg;,BACLOFEN[BACLOFEN];,"ANHYDROUS LACTOSE;SILICON DIOXIDE;CALCIUM PHOSPHATE, DIBASIC, DIHYDRATE;MAGNESIUM STEARATE;CELLULOSE, MICROCRYSTALLINE;SODIUM STARCH GLYCOLATE TYPE A POTATO;",HRX,,Baclofen 20 MG Oral Tablet,197392,,55154-7563,0,,551547563,55154,7563,Baclofen,active,20150331,7c823ad9-1a67-49f9-a63c-92d3365a5ae2.xml,0172-4097,C42998,,,,LABELER,Cardinal Health,C73584,NLM,TRUE,1,1,,,FALSE,TRUE,FALSE,FALSE,TRUE
00172-4097-60_PART_1_OF_1_CHAL10_SF_7B26BDE5.jpg,00172-4097-60,4097,TRUE,TRUE,FALSE,fcn_mix_weight/dr_224/00172-4097-60_PART_1_OF_1_CHAL10_SF_7B26BDE5.jpg,00172-4097-60_7B26BDE5,27180,TRUE,10/17/2017 05:31:17 PM,2020-02-10 17:01:25,8c525238-ba75-473e-aea8-c4c5cc45ab5c-69189-4097-0,8c525238-ba75-473e-aea8-c4c5cc45ab5c,11,,C48348,ROUND,,2,,4097;TV,,C48325,WHITE,,BACLOFEN 20 mg;,BACLOFEN[BACLOFEN];,"ANHYDROUS LACTOSE;SILICON DIOXIDE;CALCIUM PHOSPHATE, DIBASIC, DIHYDRATE;MAGNESIUM STEARATE;CELLULOSE, MICROCRYSTALLINE;SODIUM STARCH GLYCOLATE TYPE A POTATO;",HRX,,,,2020-02-10 15:15:27,69189-4097,0,,691894097,69189,4097,Baclofen,active,20151216,ab7c3a5d-5e03-4656-aa1c-1c7732696e3e.xml,0172-4097,C42998,,,,LABELER,Avera McKennan Hospital,C73584,SPL,TRUE,1,1,,,TRUE,FALSE,FALSE,TRUE,TRUE
00172-4097-60_PART_1_OF_1_CHAL10_SF_7B26BDE5.jpg,00172-4097-60,4097,TRUE,TRUE,FALSE,fcn_mix_weight/dr_224/00172-4097-60_PART_1_OF_1_CHAL10_SF_7B26BDE5.jpg,00172-4097-60_7B26BDE5,16630,TRUE,10/17/2017 05:30:32 PM,2020-02-10 17:06:26,d2806494-2042-497c-b5ca-7344f6b01a9c-54868-3006-0,d2806494-2042-497c-b5ca-7344f6b01a9c,11,,C48348,ROUND,,2,,4097;TV,,C48325,WHITE,,BACLOFEN 20 mg;,BACLOFEN[BACLOFEN];,"ANHYDROUS LACTOSE;SILICON DIOXIDE;CALCIUM PHOSPHATE, DIBASIC, DIHYDRATE;MAGNESIUM STEARATE;CELLULOSE, MICROCRYSTALLINE;SODIUM STARCH GLYCOLATE TYPE A POTATO;",HRX,,,,2020-02-10 15:39:30,54868-3006,0,,548683006,54868,3006,Baclofen,active,20140213,b4deba09-9747-4145-bb8c-956ce26560ad.xml,0172-4097,C42998,34391-3,,,LABELER,"Physicians Total Care, Inc.",C73584,SPL,TRUE,1,4,,,TRUE,FALSE,FALSE,TRUE,TRUE
00172-4280-60_PART_1_OF_1_CHAL10_SB_1D2D8EFC.jpg,00172-4280-60,4280,TRUE,FALSE,FALSE,fcn_mix_weight/dr_224/00172-4280-60_PART_1_OF_1_CHAL10_SB_1D2D8EFC.jpg,00172-4280-60_1D2D8EFC,3908,TRUE,10/17/2017 05:29:37 PM,10/17/2017 05:29:37 PM,6cbb1f0d-8243-4455-96ac-b5553bb2820f-0172-4280-0,6cbb1f0d-8243-4455-96ac-b5553bb2820f,18,,C48345,OVAL,,2,,7300,,C48325,WHITE,,VERAPAMIL HYDROCHLORIDE 240 mg;,VERAPAMIL HYDROCHLORIDE[VERAPAMIL];,"MAGNESIUM STEARATE;CELLULOSE, MICROCRYSTALLINE;POVIDONES;SODIUM ALGINATE;D&C YELLOW NO. 10;ALUMINUM OXIDE;HYDROXYPROPYL CELLULOSE (TYPE H);HYPROMELLOSES;POLYETHYLENE GLYCOLS;TITANIUM DIOXIDE;",HRX,,Verapamil hydrochloride 240 MG Extended Release Oral Tablet,897649,,0172-4280,0,,1724280,172,4280,Verapamil Hydrochloride,completed,20140714,3e922492-1a9c-4cae-bd70-cb26616291e4.xml,,C42930,34391-3,,,LABELER,"IVAX Pharmaceuticals, Inc.",C73584,NLM,TRUE,,13,,,FALSE,TRUE,FALSE,TRUE,TRUE
00172-4280-60_PART_1_OF_1_CHAL10_SB_8F21C7EE.jpg,00172-4280-60,4280,TRUE,FALSE,FALSE,fcn_mix_weight/dr_224/00172-4280-60_PART_1_OF_1_CHAL10_SB_8F21C7EE.jpg,00172-4280-60_8F21C7EE,3908,TRUE,10/17/2017 05:29:37 PM,10/17/2017 05:29:37 PM,6cbb1f0d-8243-4455-96ac-b5553bb2820f-0172-4280-0,6cbb1f0d-8243-4455-96ac-b5553bb2820f,18,,C48345,OVAL,,2,,7300,,C48325,WHITE,,VERAPAMIL HYDROCHLORIDE 240 mg;,VERAPAMIL HYDROCHLORIDE[VERAPAMIL];,"MAGNESIUM STEARATE;CELLULOSE, MICROCRYSTALLINE;POVIDONES;SODIUM ALGINATE;D&C YELLOW NO. 10;ALUMINUM OXIDE;HYDROXYPROPYL CELLULOSE (TYPE H);HYPROMELLOSES;POLYETHYLENE GLYCOLS;TITANIUM DIOXIDE;",HRX,,Verapamil hydrochloride 240 MG Extended Release Oral Tablet,897649,,0172-4280,0,,1724280,172,4280,Verapamil Hydrochloride,completed,20140714,3e922492-1a9c-4cae-bd70-cb26616291e4.xml,,C42930,34391-3,,,LABELER,"IVAX Pharmaceuticals, Inc.",C73584,NLM,TRUE,,13,,,FALSE,TRUE,FALSE,TRUE,TRUE
00172-4280-60_PART_1_OF_1_CHAL10_SF_1D2D8EFC.jpg,00172-4280-60,4280,TRUE,TRUE,FALSE,fcn_mix_weight/dr_224/00172-4280-60_PART_1_OF_1_CHAL10_SF_1D2D8EFC.jpg,00172-4280-60_1D2D8EFC,3908,TRUE,10/17/2017 05:29:37 PM,10/17/2017 05:29:37 PM,6cbb1f0d-8243-4455-96ac-b5553bb2820f-0172-4280-0,6cbb1f0d-8243-4455-96ac-b5553bb2820f,18,,C48345,OVAL,,2,,7300,,C48325,WHITE,,VERAPAMIL HYDROCHLORIDE 240 mg;,VERAPAMIL HYDROCHLORIDE[VERAPAMIL];,"MAGNESIUM STEARATE;CELLULOSE, MICROCRYSTALLINE;POVIDONES;SODIUM ALGINATE;D&C YELLOW NO. 10;ALUMINUM OXIDE;HYDROXYPROPYL CELLULOSE (TYPE H);HYPROMELLOSES;POLYETHYLENE GLYCOLS;TITANIUM DIOXIDE;",HRX,,Verapamil hydrochloride 240 MG Extended Release Oral Tablet,897649,,0172-4280,0,,1724280,172,4280,Verapamil Hydrochloride,completed,20140714,3e922492-1a9c-4cae-bd70-cb26616291e4.xml,,C42930,34391-3,,,LABELER,"IVAX Pharmaceuticals, Inc.",C73584,NLM,TRUE,,13,,,FALSE,TRUE,FALSE,TRUE,TRUE
00172-4280-60_PART_1_OF_1_CHAL10_SF_8F21C7EE.jpg,00172-4280-60,4280,TRUE,TRUE,FALSE,fcn_mix_weight/dr_224/00172-4280-60_PART_1_OF_1_CHAL10_SF_8F21C7EE.jpg,00172-4280-60_8F21C7EE,3908,TRUE,10/17/2017 05:29:37 PM,10/17/2017 05:29:37 PM,6cbb1f0d-8243-4455-96ac-b5553bb2820f-0172-4280-0,6cbb1f0d-8243-4455-96ac-b5553bb2820f,18,,C48345,OVAL,,2,,7300,,C48325,WHITE,,VERAPAMIL HYDROCHLORIDE 240 mg;,VERAPAMIL HYDROCHLORIDE[VERAPAMIL];,"MAGNESIUM STEARATE;CELLULOSE, MICROCRYSTALLINE;POVIDONES;SODIUM ALGINATE;D&C YELLOW NO. 10;ALUMINUM OXIDE;HYDROXYPROPYL CELLULOSE (TYPE H);HYPROMELLOSES;POLYETHYLENE GLYCOLS;TITANIUM DIOXIDE;",HRX,,Verapamil hydrochloride 240 MG Extended Release Oral Tablet,897649,,0172-4280,0,,1724280,172,4280,Verapamil Hydrochloride,completed,20140714,3e922492-1a9c-4cae-bd70-cb26616291e4.xml,,C42930,34391-3,,,LABELER,"IVAX Pharmaceuticals, Inc.",C73584,NLM,TRUE,,13,,,FALSE,TRUE,FALSE,TRUE,TRUE
00172-4285-60_PART_1_OF_1_CHAL10_SB_672DB38D.jpg,00172-4285-60,4285,TRUE,FALSE,FALSE,fcn_mix_weight/dr_224/00172-4285-60_PART_1_OF_1_CHAL10_SB_672DB38D.jpg,00172-4285-60_672DB38D,46877,TRUE,10/17/2017 05:32:46 PM,10/17/2017 05:32:46 PM,6cbb1f0d-8243-4455-96ac-b5553bb2820f-0172-4285-0,6cbb1f0d-8243-4455-96ac-b5553bb2820f,10,,C48348,ROUND,,1,,120,,C48325,WHITE,,VERAPAMIL HYDROCHLORIDE 120 mg;,VERAPAMIL HYDROCHLORIDE[VERAPAMIL];,"MAGNESIUM STEARATE;CELLULOSE, MICROCRYSTALLINE;POVIDONES;SODIUM ALGINATE;HYPROMELLOSES;POLYDEXTROSE;POLYETHYLENE GLYCOLS;TITANIUM DIOXIDE;TRIACETIN;FERRIC OXIDE YELLOW;",HRX,,Verapamil hydrochloride 120 MG Extended Release Oral Tablet,897659,,0172-4285,0,,1724285,172,4285,Verapamil Hydrochloride,completed,20140714,3e922492-1a9c-4cae-bd70-cb26616291e4.xml,,C42930,34391-3,,,LABELER,"IVAX Pharmaceuticals, Inc.",C73584,NLM,TRUE,,13,,,FALSE,TRUE,FALSE,TRUE,TRUE
00172-4285-60_PART_1_OF_1_CHAL10_SF_672DB38D.jpg,00172-4285-60,4285,TRUE,TRUE,FALSE,fcn_mix_weight/dr_224/00172-4285-60_PART_1_OF_1_CHAL10_SF_672DB38D.jpg,00172-4285-60_672DB38D,46877,TRUE,10/17/2017 05:32:46 PM,10/17/2017 05:32:46 PM,6cbb1f0d-8243-4455-96ac-b5553bb2820f-0172-4285-0,6cbb1f0d-8243-4455-96ac-b5553bb2820f,10,,C48348,ROUND,,1,,120,,C48325,WHITE,,VERAPAMIL HYDROCHLORIDE 120 mg;,VERAPAMIL HYDROCHLORIDE[VERAPAMIL];,"MAGNESIUM STEARATE;CELLULOSE, MICROCRYSTALLINE;POVIDONES;SODIUM ALGINATE;HYPROMELLOSES;POLYDEXTROSE;POLYETHYLENE GLYCOLS;TITANIUM DIOXIDE;TRIACETIN;FERRIC OXIDE YELLOW;",HRX,,Verapamil hydrochloride 120 MG Extended Release Oral Tablet,897659,,0172-4285,0,,1724285,172,4285,Verapamil Hydrochloride,completed,20140714,3e922492-1a9c-4cae-bd70-cb26616291e4.xml,,C42930,34391-3,,,LABELER,"IVAX Pharmaceuticals, Inc.",C73584,NLM,TRUE,,13,,,FALSE,TRUE,FALSE,TRUE,TRUE
00172-4286-60_PART_1_OF_1_CHAL10_SB_142D8A7C.jpg,00172-4286-60,4286,TRUE,FALSE,FALSE,fcn_mix_weight/dr_224/00172-4286-60_PART_1_OF_1_CHAL10_SB_142D8A7C.jpg,00172-4286-60_142D8A7C,21489,TRUE,10/17/2017 05:30:53 PM,10/17/2017 05:30:53 PM,6cbb1f0d-8243-4455-96ac-b5553bb2820f-0172-4286-0,6cbb1f0d-8243-4455-96ac-b5553bb2820f,16,,C48345,OVAL,,2,,7301,,C48331,ORANGE,,VERAPAMIL HYDROCHLORIDE 180 mg;,VERAPAMIL HYDROCHLORIDE[VERAPAMIL];,"MAGNESIUM STEARATE;CELLULOSE, MICROCRYSTALLINE;POVIDONES;SODIUM ALGINATE;FD&C YELLOW NO. 6;ALUMINUM OXIDE;HYPROMELLOSES;POLYETHYLENE GLYCOLS;POLYSORBATE 80;TITANIUM DIOXIDE;",HRX,,Verapamil hydrochloride 180 MG Extended Release Oral Tablet,897640,,0172-4286,0,,1724286,172,4286,Verapamil Hydrochloride,completed,20140714,3e922492-1a9c-4cae-bd70-cb26616291e4.xml,,C42930,34391-3,,,LABELER,"IVAX Pharmaceuticals, Inc.",C73584,NLM,TRUE,,13,,,FALSE,TRUE,FALSE,TRUE,TRUE
00172-4286-60_PART_1_OF_1_CHAL10_SF_142D8A7C.jpg,00172-4286-60,4286,TRUE,TRUE,FALSE,fcn_mix_weight/dr_224/00172-4286-60_PART_1_OF_1_CHAL10_SF_142D8A7C.jpg,00172-4286-60_142D8A7C,21489,TRUE,10/17/2017 05:30:53 PM,10/17/2017 05:30:53 PM,6cbb1f0d-8243-4455-96ac-b5553bb2820f-0172-4286-0,6cbb1f0d-8243-4455-96ac-b5553bb2820f,16,,C48345,OVAL,,2,,7301,,C48331,ORANGE,,VERAPAMIL HYDROCHLORIDE 180 mg;,VERAPAMIL HYDROCHLORIDE[VERAPAMIL];,"MAGNESIUM STEARATE;CELLULOSE, MICROCRYSTALLINE;POVIDONES;SODIUM ALGINATE;FD&C YELLOW NO. 6;ALUMINUM OXIDE;HYPROMELLOSES;POLYETHYLENE GLYCOLS;POLYSORBATE 80;TITANIUM DIOXIDE;",HRX,,Verapamil hydrochloride 180 MG Extended Release Oral Tablet,897640,,0172-4286,0,,1724286,172,4286,Verapamil Hydrochloride,completed,20140714,3e922492-1a9c-4cae-bd70-cb26616291e4.xml,,C42930,34391-3,,,LABELER,"IVAX Pharmaceuticals, Inc.",C73584,NLM,TRUE,,13,,,FALSE,TRUE,FALSE,TRUE,TRUE
00172-4357-49_PART_1_OF_1_CHAL10_SB_622DB11D.jpg,00172-4357-49,4357,TRUE,FALSE,FALSE,fcn_mix_weight/dr_224/00172-4357-49_PART_1_OF_1_CHAL10_SB_622DB11D.jpg,00172-4357-49_622DB11D,27337,TRUE,10/17/2017 05:31:18 PM,2020-02-10 17:13:28,91fb6442-1059-4aeb-b562-62ded3932433-0172-4357-0,91fb6442-1059-4aeb-b562-62ded3932433,9,,C48348,ROUND,,1,,4357;150,,C48332,BROWN,,RANITIDINE HYDROCHLORIDE 150 mg;,RANITIDINE HYDROCHLORIDE[RANITIDINE];,"CROSCARMELLOSE SODIUM;HYPROMELLOSES;LACTOSE MONOHYDRATE;MAGNESIUM STEARATE;CELLULOSE, MICROCRYSTALLINE;FERRIC OXIDE RED;TITANIUM DIOXIDE;TRIETHYL CITRATE;FERRIC OXIDE YELLOW;",HRX,,,,2020-02-10 16:18:00,0172-4357,0,,1724357,172,4357,Ranitidine,active,20120830,e7ffa0e4-b087-4398-977a-57347f89b470.xml,,C42931,34391-3,,,LABELER,"Teva Pharmaceuticals USA, Inc.",C73584,NLM,TRUE,,7,,,TRUE,FALSE,FALSE,TRUE,TRUE
00172-4357-49_PART_1_OF_1_CHAL10_SF_622DB11D.jpg,00172-4357-49,4357,TRUE,TRUE,FALSE,fcn_mix_weight/dr_224/00172-4357-49_PART_1_OF_1_CHAL10_SF_622DB11D.jpg,00172-4357-49_622DB11D,27337,TRUE,10/17/2017 05:31:18 PM,2020-02-10 17:13:28,91fb6442-1059-4aeb-b562-62ded3932433-0172-4357-0,91fb6442-1059-4aeb-b562-62ded3932433,9,,C48348,ROUND,,1,,4357;150,,C48332,BROWN,,RANITIDINE HYDROCHLORIDE 150 mg;,RANITIDINE HYDROCHLORIDE[RANITIDINE];,"CROSCARMELLOSE SODIUM;HYPROMELLOSES;LACTOSE MONOHYDRATE;MAGNESIUM STEARATE;CELLULOSE, MICROCRYSTALLINE;FERRIC OXIDE RED;TITANIUM DIOXIDE;TRIETHYL CITRATE;FERRIC OXIDE YELLOW;",HRX,,,,2020-02-10 16:18:00,0172-4357,0,,1724357,172,4357,Ranitidine,active,20120830,e7ffa0e4-b087-4398-977a-57347f89b470.xml,,C42931,34391-3,,,LABELER,"Teva Pharmaceuticals USA, Inc.",C73584,NLM,TRUE,,7,,,TRUE,FALSE,FALSE,TRUE,TRUE
00172-4358-46_PART_1_OF_1_CHAL10_SB_172D8B9C.jpg,00172-4358-46,4358,TRUE,FALSE,FALSE,fcn_mix_weight/dr_224/00172-4358-46_PART_1_OF_1_CHAL10_SB_172D8B9C.jpg,00172-4358-46_172D8B9C,41071,TRUE,10/17/2017 05:32:19 PM,2020-02-10 17:10:38,91fb6442-1059-4aeb-b562-62ded3932433-0172-4358-0,91fb6442-1059-4aeb-b562-62ded3932433,16,,C48345,OVAL,,1,,4358;300,,C48332,BROWN,,RANITIDINE HYDROCHLORIDE 300 mg;,RANITIDINE HYDROCHLORIDE[RANITIDINE];,"CROSCARMELLOSE SODIUM;HYPROMELLOSES;LACTOSE MONOHYDRATE;MAGNESIUM STEARATE;CELLULOSE, MICROCRYSTALLINE;FERRIC OXIDE RED;TITANIUM DIOXIDE;TRIETHYL CITRATE;FERRIC OXIDE YELLOW;",HRX,,,,2020-02-10 16:02:27,0172-4358,0,,1724358,172,4358,Ranitidine,active,20120830,e7ffa0e4-b087-4398-977a-57347f89b470.xml,,C42931,34391-3,,,LABELER,"Teva Pharmaceuticals USA, Inc.",C73584,NLM,TRUE,,7,,,TRUE,FALSE,FALSE,TRUE,TRUE
00172-4358-46_PART_1_OF_1_CHAL10_SF_172D8B9C.jpg,00172-4358-46,4358,TRUE,TRUE,FALSE,fcn_mix_weight/dr_224/00172-4358-46_PART_1_OF_1_CHAL10_SF_172D8B9C.jpg,00172-4358-46_172D8B9C,41071,TRUE,10/17/2017 05:32:19 PM,2020-02-10 17:10:38,91fb6442-1059-4aeb-b562-62ded3932433-0172-4358-0,91fb6442-1059-4aeb-b562-62ded3932433,16,,C48345,OVAL,,1,,4358;300,,C48332,BROWN,,RANITIDINE HYDROCHLORIDE 300 mg;,RANITIDINE HYDROCHLORIDE[RANITIDINE];,"CROSCARMELLOSE SODIUM;HYPROMELLOSES;LACTOSE MONOHYDRATE;MAGNESIUM STEARATE;CELLULOSE, MICROCRYSTALLINE;FERRIC OXIDE RED;TITANIUM DIOXIDE;TRIETHYL CITRATE;FERRIC OXIDE YELLOW;",HRX,,,,2020-02-10 16:02:27,0172-4358,0,,1724358,172,4358,Ranitidine,active,20120830,e7ffa0e4-b087-4398-977a-57347f89b470.xml,,C42931,34391-3,,,LABELER,"Teva Pharmaceuticals USA, Inc.",C73584,NLM,TRUE,,7,,,TRUE,FALSE,FALSE,TRUE,TRUE
00172-4364-60_PART_1_OF_1_CHAL10_SB_66243311.jpg,00172-4364-60,4364,TRUE,FALSE,FALSE,fcn_mix_weight/dr_224/00172-4364-60_PART_1_OF_1_CHAL10_SB_66243311.jpg,00172-4364-60_66243311,47480,TRUE,10/17/2017 05:32:49 PM,2020-02-10 17:02:13,fb7ddd5f-946b-4ceb-a59f-6c6b2e5679a8-0172-4364-0,fb7ddd5f-946b-4ceb-a59f-6c6b2e5679a8,8,,C48348,ROUND,,2,,4364;TEVA,,C48330,YELLOW,,LABETALOL HYDROCHLORIDE 100 mg;,LABETALOL HYDROCHLORIDE[LABETALOL];,"STARCH, CORN;HYPROMELLOSE 2910 (5 MPA.S);LACTOSE MONOHYDRATE;MAGNESIUM STEARATE;POLYSORBATE 80;SODIUM STARCH GLYCOLATE TYPE A POTATO;TITANIUM DIOXIDE;D&C YELLOW NO. 10;FD&C YELLOW NO. 6;ALUMINUM OXIDE;POLYETHYLENE GLYCOL 400;",HRX,SCD,labetalol hydrochloride 100 MG Oral Tablet,896758,2020-02-10 15:19:26,0172-4364,0,,1724364,172,4364,Labetalol Hydrochloride,active,20171229,e0b7456a-b2d3-4cc6-b85e-bb6de9e93e69.xml,,C42931,34391-3,,,LABELER,"Teva Pharmaceuticals USA, Inc.",C73584,NLM,TRUE,,8,,,TRUE,FALSE,FALSE,TRUE,TRUE
00172-4364-60_PART_1_OF_1_CHAL10_SB_C527E2FF.jpg,00172-4364-60,4364,TRUE,FALSE,FALSE,fcn_mix_weight/dr_224/00172-4364-60_PART_1_OF_1_CHAL10_SB_C527E2FF.jpg,00172-4364-60_C527E2FF,47480,TRUE,10/17/2017 05:32:49 PM,2020-02-10 17:02:13,fb7ddd5f-946b-4ceb-a59f-6c6b2e5679a8-0172-4364-0,fb7ddd5f-946b-4ceb-a59f-6c6b2e5679a8,8,,C48348,ROUND,,2,,4364;TEVA,,C48330,YELLOW,,LABETALOL HYDROCHLORIDE 100 mg;,LABETALOL HYDROCHLORIDE[LABETALOL];,"STARCH, CORN;HYPROMELLOSE 2910 (5 MPA.S);LACTOSE MONOHYDRATE;MAGNESIUM STEARATE;POLYSORBATE 80;SODIUM STARCH GLYCOLATE TYPE A POTATO;TITANIUM DIOXIDE;D&C YELLOW NO. 10;FD&C YELLOW NO. 6;ALUMINUM OXIDE;POLYETHYLENE GLYCOL 400;",HRX,SCD,labetalol hydrochloride 100 MG Oral Tablet,896758,2020-02-10 15:19:26,0172-4364,0,,1724364,172,4364,Labetalol Hydrochloride,active,20171229,e0b7456a-b2d3-4cc6-b85e-bb6de9e93e69.xml,,C42931,34391-3,,,LABELER,"Teva Pharmaceuticals USA, Inc.",C73584,NLM,TRUE,,8,,,TRUE,FALSE,FALSE,TRUE,TRUE
00172-4364-60_PART_1_OF_1_CHAL10_SF_66243311.jpg,00172-4364-60,4364,TRUE,TRUE,FALSE,fcn_mix_weight/dr_224/00172-4364-60_PART_1_OF_1_CHAL10_SF_66243311.jpg,00172-4364-60_66243311,47480,TRUE,10/17/2017 05:32:49 PM,2020-02-10 17:02:13,fb7ddd5f-946b-4ceb-a59f-6c6b2e5679a8-0172-4364-0,fb7ddd5f-946b-4ceb-a59f-6c6b2e5679a8,8,,C48348,ROUND,,2,,4364;TEVA,,C48330,YELLOW,,LABETALOL HYDROCHLORIDE 100 mg;,LABETALOL HYDROCHLORIDE[LABETALOL];,"STARCH, CORN;HYPROMELLOSE 2910 (5 MPA.S);LACTOSE MONOHYDRATE;MAGNESIUM STEARATE;POLYSORBATE 80;SODIUM STARCH GLYCOLATE TYPE A POTATO;TITANIUM DIOXIDE;D&C YELLOW NO. 10;FD&C YELLOW NO. 6;ALUMINUM OXIDE;POLYETHYLENE GLYCOL 400;",HRX,SCD,labetalol hydrochloride 100 MG Oral Tablet,896758,2020-02-10 15:19:26,0172-4364,0,,1724364,172,4364,Labetalol Hydrochloride,active,20171229,e0b7456a-b2d3-4cc6-b85e-bb6de9e93e69.xml,,C42931,34391-3,,,LABELER,"Teva Pharmaceuticals USA, Inc.",C73584,NLM,TRUE,,8,,,TRUE,FALSE,FALSE,TRUE,TRUE
00172-4364-60_PART_1_OF_1_CHAL10_SF_C527E2FF.jpg,00172-4364-60,4364,TRUE,TRUE,FALSE,fcn_mix_weight/dr_224/00172-4364-60_PART_1_OF_1_CHAL10_SF_C527E2FF.jpg,00172-4364-60_C527E2FF,47480,TRUE,10/17/2017 05:32:49 PM,2020-02-10 17:02:13,fb7ddd5f-946b-4ceb-a59f-6c6b2e5679a8-0172-4364-0,fb7ddd5f-946b-4ceb-a59f-6c6b2e5679a8,8,,C48348,ROUND,,2,,4364;TEVA,,C48330,YELLOW,,LABETALOL HYDROCHLORIDE 100 mg;,LABETALOL HYDROCHLORIDE[LABETALOL];,"STARCH, CORN;HYPROMELLOSE 2910 (5 MPA.S);LACTOSE MONOHYDRATE;MAGNESIUM STEARATE;POLYSORBATE 80;SODIUM STARCH GLYCOLATE TYPE A POTATO;TITANIUM DIOXIDE;D&C YELLOW NO. 10;FD&C YELLOW NO. 6;ALUMINUM OXIDE;POLYETHYLENE GLYCOL 400;",HRX,SCD,labetalol hydrochloride 100 MG Oral Tablet,896758,2020-02-10 15:19:26,0172-4364,0,,1724364,172,4364,Labetalol Hydrochloride,active,20171229,e0b7456a-b2d3-4cc6-b85e-bb6de9e93e69.xml,,C42931,34391-3,,,LABELER,"Teva Pharmaceuticals USA, Inc.",C73584,NLM,TRUE,,8,,,TRUE,FALSE,FALSE,TRUE,TRUE
00172-4365-60_PART_1_OF_1_CHAL10_SB_1C280E70.jpg,00172-4365-60,4365,TRUE,FALSE,FALSE,fcn_mix_weight/dr_224/00172-4365-60_PART_1_OF_1_CHAL10_SB_1C280E70.jpg,00172-4365-60_1C280E70,41934,TRUE,10/17/2017 05:32:23 PM,2020-02-10 17:10:43,fb7ddd5f-946b-4ceb-a59f-6c6b2e5679a8-0172-4365-0,fb7ddd5f-946b-4ceb-a59f-6c6b2e5679a8,10,,C48348,ROUND,,2,,4365;TEVA,,C48325,WHITE,,LABETALOL HYDROCHLORIDE 200 mg;,LABETALOL HYDROCHLORIDE[LABETALOL];,"STARCH, CORN;HYPROMELLOSE 2910 (3 MPA.S);HYPROMELLOSE 2910 (5 MPA.S);HYPROMELLOSE 2910 (6 MPA.S);LACTOSE MONOHYDRATE;MAGNESIUM STEARATE;POLYSORBATE 80;SODIUM STARCH GLYCOLATE TYPE A POTATO;TITANIUM DIOXIDE;POLYETHYLENE GLYCOL 400;",HRX,SCD,labetalol hydrochloride 200 MG Oral Tablet,896762,2020-02-10 16:02:50,0172-4365,0,,1724365,172,4365,Labetalol Hydrochloride,active,20171229,e0b7456a-b2d3-4cc6-b85e-bb6de9e93e69.xml,,C42931,34391-3,,,LABELER,"Teva Pharmaceuticals USA, Inc.",C73584,NLM,TRUE,,8,,,TRUE,FALSE,FALSE,TRUE,TRUE
00172-4365-60_PART_1_OF_1_CHAL10_SF_1C280E70.jpg,00172-4365-60,4365,TRUE,TRUE,FALSE,fcn_mix_weight/dr_224/00172-4365-60_PART_1_OF_1_CHAL10_SF_1C280E70.jpg,00172-4365-60_1C280E70,41934,TRUE,10/17/2017 05:32:23 PM,2020-02-10 17:10:43,fb7ddd5f-946b-4ceb-a59f-6c6b2e5679a8-0172-4365-0,fb7ddd5f-946b-4ceb-a59f-6c6b2e5679a8,10,,C48348,ROUND,,2,,4365;TEVA,,C48325,WHITE,,LABETALOL HYDROCHLORIDE 200 mg;,LABETALOL HYDROCHLORIDE[LABETALOL];,"STARCH, CORN;HYPROMELLOSE 2910 (3 MPA.S);HYPROMELLOSE 2910 (5 MPA.S);HYPROMELLOSE 2910 (6 MPA.S);LACTOSE MONOHYDRATE;MAGNESIUM STEARATE;POLYSORBATE 80;SODIUM STARCH GLYCOLATE TYPE A POTATO;TITANIUM DIOXIDE;POLYETHYLENE GLYCOL 400;",HRX,SCD,labetalol hydrochloride 200 MG Oral Tablet,896762,2020-02-10 16:02:50,0172-4365,0,,1724365,172,4365,Labetalol Hydrochloride,active,20171229,e0b7456a-b2d3-4cc6-b85e-bb6de9e93e69.xml,,C42931,34391-3,,,LABELER,"Teva Pharmaceuticals USA, Inc.",C73584,NLM,TRUE,,8,,,TRUE,FALSE,FALSE,TRUE,TRUE
00172-4366-60_PART_1_OF_1_CHAL10_SB_7F26BFF5.jpg,00172-4366-60,4366,TRUE,FALSE,FALSE,fcn_mix_weight/dr_224/00172-4366-60_PART_1_OF_1_CHAL10_SB_7F26BFF5.jpg,00172-4366-60_7F26BFF5,39656,TRUE,10/17/2017 05:32:13 PM,2020-02-10 17:12:39,fb7ddd5f-946b-4ceb-a59f-6c6b2e5679a8-0172-4366-0,fb7ddd5f-946b-4ceb-a59f-6c6b2e5679a8,11,,C48348,ROUND,,1,,4366;TEVA,,C48329,GREEN,,LABETALOL HYDROCHLORIDE 300 mg;,LABETALOL HYDROCHLORIDE[LABETALOL];,"STARCH, CORN;HYPROMELLOSE 2910 (5 MPA.S);LACTOSE MONOHYDRATE;MAGNESIUM STEARATE;POLYSORBATE 80;SODIUM STARCH GLYCOLATE TYPE A POTATO;TITANIUM DIOXIDE;D&C YELLOW NO. 10;FD&C YELLOW NO. 6;FD&C BLUE NO. 1;ALUMINUM OXIDE;POLYETHYLENE GLYCOL 400;",HRX,SCD,labetalol hydrochloride 300 MG Oral Tablet,896766,2020-02-10 16:13:49,0172-4366,0,,1724366,172,4366,Labetalol Hydrochloride,active,20171229,e0b7456a-b2d3-4cc6-b85e-bb6de9e93e69.xml,,C42931,34391-3,,,LABELER,"Teva Pharmaceuticals USA, Inc.",C73584,NLM,TRUE,,8,,,TRUE,FALSE,FALSE,TRUE,TRUE
00172-4366-60_PART_1_OF_1_CHAL10_SF_7F26BFF5.jpg,00172-4366-60,4366,TRUE,TRUE,FALSE,fcn_mix_weight/dr_224/00172-4366-60_PART_1_OF_1_CHAL10_SF_7F26BFF5.jpg,00172-4366-60_7F26BFF5,39656,TRUE,10/17/2017 05:32:13 PM,2020-02-10 17:12:39,fb7ddd5f-946b-4ceb-a59f-6c6b2e5679a8-0172-4366-0,fb7ddd5f-946b-4ceb-a59f-6c6b2e5679a8,11,,C48348,ROUND,,1,,4366;TEVA,,C48329,GREEN,,LABETALOL HYDROCHLORIDE 300 mg;,LABETALOL HYDROCHLORIDE[LABETALOL];,"STARCH, CORN;HYPROMELLOSE 2910 (5 MPA.S);LACTOSE MONOHYDRATE;MAGNESIUM STEARATE;POLYSORBATE 80;SODIUM STARCH GLYCOLATE TYPE A POTATO;TITANIUM DIOXIDE;D&C YELLOW NO. 10;FD&C YELLOW NO. 6;FD&C BLUE NO. 1;ALUMINUM OXIDE;POLYETHYLENE GLYCOL 400;",HRX,SCD,labetalol hydrochloride 300 MG Oral Tablet,896766,2020-02-10 16:13:49,0172-4366,0,,1724366,172,4366,Labetalol Hydrochloride,active,20171229,e0b7456a-b2d3-4cc6-b85e-bb6de9e93e69.xml,,C42931,34391-3,,,LABELER,"Teva Pharmaceuticals USA, Inc.",C73584,NLM,TRUE,,8,,,TRUE,FALSE,FALSE,TRUE,TRUE
00172-4626-60_PART_1_OF_1_CHAL10_SB_6B2DB59D.jpg,00172-4626-60,4626,TRUE,FALSE,FALSE,fcn_mix_weight/dr_224/00172-4626-60_PART_1_OF_1_CHAL10_SB_6B2DB59D.jpg,00172-4626-60_6B2DB59D,40884,TRUE,10/17/2017 05:32:19 PM,10/17/2017 05:32:19 PM,0c7f3ff6-5132-4dc1-be60-5247b5384bc4-0172-4626-0,0c7f3ff6-5132-4dc1-be60-5247b5384bc4,8,,C48348,ROUND,,1,,20;4626,,C48325,WHITE,,DOXYCYCLINE ANHYDROUS 20 mg,DOXYCYCLINE HYCLATE[DOXYCYCLINE ANHYDROUS],"ANHYDROUS LACTOSE / SILICON DIOXIDE / HYPROMELLOSE 2910 (3 MPA.S) / HYPROMELLOSE 2910 (6 MPA.S) / MAGNESIUM STEARATE / METHYLCELLULOSE (400 MPA.S) / CELLULOSE, MICROCRYSTALLINE / POLYETHYLENE GLYCOL 400 / POLYETHYLENE GLYCOL 8000 / POLYSORBATE 80 / SODIUM STARCH GLYCOLATE TYPE A POTATO / STEARIC ACID / TITANIUM DIOXIDE",HRX,,doxycycline 20 MG (doxycycline hyclate 23 MG) Oral Tablet,283535,,0172-4626,0,,1724626,172,4626,Doxycycline Hyclate,completed,20130906,a72b41b8-f400-4c84-ab92-bc8ee40b906b.xml,,C42931,34391-3,,,LABELER,"IVAX Pharmaceuticals, Inc.",C73584,NLM,TRUE,,6,,,FALSE,TRUE,FALSE,TRUE,TRUE
00172-4626-60_PART_1_OF_1_CHAL10_SF_6B2DB59D.jpg,00172-4626-60,4626,TRUE,TRUE,FALSE,fcn_mix_weight/dr_224/00172-4626-60_PART_1_OF_1_CHAL10_SF_6B2DB59D.jpg,00172-4626-60_6B2DB59D,40884,TRUE,10/17/2017 05:32:19 PM,10/17/2017 05:32:19 PM,0c7f3ff6-5132-4dc1-be60-5247b5384bc4-0172-4626-0,0c7f3ff6-5132-4dc1-be60-5247b5384bc4,8,,C48348,ROUND,,1,,20;4626,,C48325,WHITE,,DOXYCYCLINE ANHYDROUS 20 mg,DOXYCYCLINE HYCLATE[DOXYCYCLINE ANHYDROUS],"ANHYDROUS LACTOSE / SILICON DIOXIDE / HYPROMELLOSE 2910 (3 MPA.S) / HYPROMELLOSE 2910 (6 MPA.S) / MAGNESIUM STEARATE / METHYLCELLULOSE (400 MPA.S) / CELLULOSE, MICROCRYSTALLINE / POLYETHYLENE GLYCOL 400 / POLYETHYLENE GLYCOL 8000 / POLYSORBATE 80 / SODIUM STARCH GLYCOLATE TYPE A POTATO / STEARIC ACID / TITANIUM DIOXIDE",HRX,,doxycycline 20 MG (doxycycline hyclate 23 MG) Oral Tablet,283535,,0172-4626,0,,1724626,172,4626,Doxycycline Hyclate,completed,20130906,a72b41b8-f400-4c84-ab92-bc8ee40b906b.xml,,C42931,34391-3,,,LABELER,"IVAX Pharmaceuticals, Inc.",C73584,NLM,TRUE,,6,,,FALSE,TRUE,FALSE,TRUE,TRUE
00172-5032-60_PART_1_OF_1_CHAL10_SB_002D0078.jpg,00172-5032-60,5032,TRUE,FALSE,FALSE,fcn_mix_weight/dr_224/00172-5032-60_PART_1_OF_1_CHAL10_SB_002D0078.jpg,00172-5032-60_002D0078,48200,TRUE,10/17/2017 05:32:52 PM,2020-02-10 17:12:58,40a5d859-a506-4aef-890d-6071ca53dd8c-0172-5032-0,40a5d859-a506-4aef-890d-6071ca53dd8c,8,,C48348,ROUND,,1,,5032;20;25,,C48328,PINK,,LISINOPRIL 20 mg;HYDROCHLOROTHIAZIDE 25 mg;,LISINOPRIL[LISINOPRIL ANHYDROUS];HYDROCHLOROTHIAZIDE[HYDROCHLOROTHIAZIDE];,"CALCIUM PHOSPHATE, DIBASIC, ANHYDROUS;MAGNESIUM STEARATE;MANNITOL;STARCH, CORN;TALC;FD&C YELLOW NO. 6;ALUMINUM OXIDE;",HRX,SCD,hydrochlorothiazide 25 MG / lisinopril 20 MG Oral Tablet,197887,2020-02-10 16:15:31,0172-5032,0,,1725032,172,5032,Lisinopril and Hydrochlorothiazide,active,20150928,cd38c443-8102-4e07-b672-4be1685b0be3.xml,,C42998,34391-3,,,LABELER,"Teva Pharmaceuticals USA, Inc.",C73584,NLM,TRUE,,25,,,TRUE,FALSE,FALSE,TRUE,TRUE
00172-5032-60_PART_1_OF_1_CHAL10_SF_002D0078.jpg,00172-5032-60,5032,TRUE,TRUE,FALSE,fcn_mix_weight/dr_224/00172-5032-60_PART_1_OF_1_CHAL10_SF_002D0078.jpg,00172-5032-60_002D0078,48200,TRUE,10/17/2017 05:32:52 PM,2020-02-10 17:12:58,40a5d859-a506-4aef-890d-6071ca53dd8c-0172-5032-0,40a5d859-a506-4aef-890d-6071ca53dd8c,8,,C48348,ROUND,,1,,5032;20;25,,C48328,PINK,,LISINOPRIL 20 mg;HYDROCHLOROTHIAZIDE 25 mg;,LISINOPRIL[LISINOPRIL ANHYDROUS];HYDROCHLOROTHIAZIDE[HYDROCHLOROTHIAZIDE];,"CALCIUM PHOSPHATE, DIBASIC, ANHYDROUS;MAGNESIUM STEARATE;MANNITOL;STARCH, CORN;TALC;FD&C YELLOW NO. 6;ALUMINUM OXIDE;",HRX,SCD,hydrochlorothiazide 25 MG / lisinopril 20 MG Oral Tablet,197887,2020-02-10 16:15:31,0172-5032,0,,1725032,172,5032,Lisinopril and Hydrochlorothiazide,active,20150928,cd38c443-8102-4e07-b672-4be1685b0be3.xml,,C42998,34391-3,,,LABELER,"Teva Pharmaceuticals USA, Inc.",C73584,NLM,TRUE,,25,,,TRUE,FALSE,FALSE,TRUE,TRUE
00172-5033-60_PART_1_OF_1_CHAL10_SB_BD2D5E9A.jpg,00172-5033-60,5033,TRUE,FALSE,FALSE,fcn_mix_weight/dr_224/00172-5033-60_PART_1_OF_1_CHAL10_SB_BD2D5E9A.jpg,00172-5033-60_BD2D5E9A,3937,TRUE,10/17/2017 05:29:37 PM,2020-02-10 17:00:28,40a5d859-a506-4aef-890d-6071ca53dd8c-0172-5033-0,40a5d859-a506-4aef-890d-6071ca53dd8c,6,,C48348,ROUND,,1,,5033;10;12;5,,C48333,BLUE,,LISINOPRIL 10 mg;HYDROCHLOROTHIAZIDE 12.5 mg;,LISINOPRIL[LISINOPRIL ANHYDROUS];HYDROCHLOROTHIAZIDE[HYDROCHLOROTHIAZIDE];,"CALCIUM PHOSPHATE, DIBASIC, ANHYDROUS;MAGNESIUM STEARATE;MANNITOL;STARCH, CORN;TALC;FD&C BLUE NO. 1;ALUMINUM OXIDE;",HRX,SCD,hydrochlorothiazide 12.5 MG / lisinopril 10 MG Oral Tablet,197885,2020-02-10 15:11:24,0172-5033,0,,1725033,172,5033,Lisinopril and Hydrochlorothiazide,active,20150928,cd38c443-8102-4e07-b672-4be1685b0be3.xml,,C42998,34391-3,,,LABELER,"Teva Pharmaceuticals USA, Inc.",C73584,NLM,TRUE,,25,,,TRUE,FALSE,FALSE,TRUE,TRUE
00172-5033-60_PART_1_OF_1_CHAL10_SF_BD2D5E9A.jpg,00172-5033-60,5033,TRUE,TRUE,FALSE,fcn_mix_weight/dr_224/00172-5033-60_PART_1_OF_1_CHAL10_SF_BD2D5E9A.jpg,00172-5033-60_BD2D5E9A,3937,TRUE,10/17/2017 05:29:37 PM,2020-02-10 17:00:28,40a5d859-a506-4aef-890d-6071ca53dd8c-0172-5033-0,40a5d859-a506-4aef-890d-6071ca53dd8c,6,,C48348,ROUND,,1,,5033;10;12;5,,C48333,BLUE,,LISINOPRIL 10 mg;HYDROCHLOROTHIAZIDE 12.5 mg;,LISINOPRIL[LISINOPRIL ANHYDROUS];HYDROCHLOROTHIAZIDE[HYDROCHLOROTHIAZIDE];,"CALCIUM PHOSPHATE, DIBASIC, ANHYDROUS;MAGNESIUM STEARATE;MANNITOL;STARCH, CORN;TALC;FD&C BLUE NO. 1;ALUMINUM OXIDE;",HRX,SCD,hydrochlorothiazide 12.5 MG / lisinopril 10 MG Oral Tablet,197885,2020-02-10 15:11:24,0172-5033,0,,1725033,172,5033,Lisinopril and Hydrochlorothiazide,active,20150928,cd38c443-8102-4e07-b672-4be1685b0be3.xml,,C42998,34391-3,,,LABELER,"Teva Pharmaceuticals USA, Inc.",C73584,NLM,TRUE,,25,,,TRUE,FALSE,FALSE,TRUE,TRUE
00172-5034-60_PART_1_OF_1_CHAL10_SB_052D0288.jpg,00172-5034-60,5034,TRUE,FALSE,FALSE,fcn_mix_weight/dr_224/00172-5034-60_PART_1_OF_1_CHAL10_SB_052D0288.jpg,00172-5034-60_052D0288,46813,TRUE,10/17/2017 05:32:45 PM,2020-02-10 17:06:01,40a5d859-a506-4aef-890d-6071ca53dd8c-0172-5034-0,40a5d859-a506-4aef-890d-6071ca53dd8c,8,,C48348,ROUND,,1,,5034;20;12;5,,C48330,YELLOW,,LISINOPRIL 20 mg;HYDROCHLOROTHIAZIDE 12.5 mg;,LISINOPRIL[LISINOPRIL ANHYDROUS];HYDROCHLOROTHIAZIDE[HYDROCHLOROTHIAZIDE];,"CALCIUM PHOSPHATE, DIBASIC, ANHYDROUS;MAGNESIUM STEARATE;MANNITOL;STARCH, CORN;TALC;FERRIC OXIDE RED;FERRIC OXIDE YELLOW;",HRX,SCD,hydrochlorothiazide 12.5 MG / lisinopril 20 MG Oral Tablet,197886,2020-02-10 15:37:26,0172-5034,0,,1725034,172,5034,Lisinopril and Hydrochlorothiazide,active,20150928,cd38c443-8102-4e07-b672-4be1685b0be3.xml,,C42998,34391-3,,,LABELER,"Teva Pharmaceuticals USA, Inc.",C73584,NLM,TRUE,,25,,,TRUE,FALSE,FALSE,TRUE,TRUE
00172-5034-60_PART_1_OF_1_CHAL10_SF_052D0288.jpg,00172-5034-60,5034,TRUE,TRUE,FALSE,fcn_mix_weight/dr_224/00172-5034-60_PART_1_OF_1_CHAL10_SF_052D0288.jpg,00172-5034-60_052D0288,46813,TRUE,10/17/2017 05:32:45 PM,2020-02-10 17:06:01,40a5d859-a506-4aef-890d-6071ca53dd8c-0172-5034-0,40a5d859-a506-4aef-890d-6071ca53dd8c,8,,C48348,ROUND,,1,,5034;20;12;5,,C48330,YELLOW,,LISINOPRIL 20 mg;HYDROCHLOROTHIAZIDE 12.5 mg;,LISINOPRIL[LISINOPRIL ANHYDROUS];HYDROCHLOROTHIAZIDE[HYDROCHLOROTHIAZIDE];,"CALCIUM PHOSPHATE, DIBASIC, ANHYDROUS;MAGNESIUM STEARATE;MANNITOL;STARCH, CORN;TALC;FERRIC OXIDE RED;FERRIC OXIDE YELLOW;",HRX,SCD,hydrochlorothiazide 12.5 MG / lisinopril 20 MG Oral Tablet,197886,2020-02-10 15:37:26,0172-5034,0,,1725034,172,5034,Lisinopril and Hydrochlorothiazide,active,20150928,cd38c443-8102-4e07-b672-4be1685b0be3.xml,,C42998,34391-3,,,LABELER,"Teva Pharmaceuticals USA, Inc.",C73584,NLM,TRUE,,25,,,TRUE,FALSE,FALSE,TRUE,TRUE
00172-5311-60_PART_1_OF_1_CHAL10_SB_04280270.jpg,00172-5311-60,5311,TRUE,FALSE,FALSE,fcn_mix_weight/dr_224/00172-5311-60_PART_1_OF_1_CHAL10_SB_04280270.jpg,00172-5311-60_04280270,28237,TRUE,10/17/2017 05:31:22 PM,2020-02-10 17:16:31,bf5e6bcd-e935-40c2-870a-b097e7a2ef7f-0172-5311-0,bf5e6bcd-e935-40c2-870a-b097e7a2ef7f,13,,C48345,OVAL,,1,,TEVA;5311,,C48325,WHITE,,CIPROFLOXACIN HYDROCHLORIDE 250 mg;,CIPROFLOXACIN HYDROCHLORIDE[CIPROFLOXACIN];,"SILICON DIOXIDE;HYPROMELLOSE 2910 (3 MPA.S);HYPROMELLOSE 2910 (6 MPA.S);HYPROMELLOSE 2910 (50 MPA.S);MAGNESIUM STEARATE;MICROCRYSTALLINE CELLULOSE;POLYDEXTROSE;POLYETHYLENE GLYCOL 8000;STARCH, CORN;SODIUM STARCH GLYCOLATE TYPE A POTATO;TALC;TITANIUM DIOXIDE;TRIACETIN;",HRX,SCD,ciprofloxacin 250 MG Oral Tablet,197511,2020-02-10 16:34:00,0172-5311,0,,1725311,172,5311,Ciprofloxacin,active,20180712,83be2808-03eb-4bcc-9bf6-6b00cb75252a.xml,,C42931,34391-3,,,LABELER,"Teva Pharmaceuticals USA, Inc.",C73584,NLM,TRUE,,19,,,TRUE,FALSE,FALSE,TRUE,TRUE
00172-5311-60_PART_1_OF_1_CHAL10_SF_04280270.jpg,00172-5311-60,5311,TRUE,TRUE,FALSE,fcn_mix_weight/dr_224/00172-5311-60_PART_1_OF_1_CHAL10_SF_04280270.jpg,00172-5311-60_04280270,28237,TRUE,10/17/2017 05:31:22 PM,2020-02-10 17:16:31,bf5e6bcd-e935-40c2-870a-b097e7a2ef7f-0172-5311-0,bf5e6bcd-e935-40c2-870a-b097e7a2ef7f,13,,C48345,OVAL,,1,,TEVA;5311,,C48325,WHITE,,CIPROFLOXACIN HYDROCHLORIDE 250 mg;,CIPROFLOXACIN HYDROCHLORIDE[CIPROFLOXACIN];,"SILICON DIOXIDE;HYPROMELLOSE 2910 (3 MPA.S);HYPROMELLOSE 2910 (6 MPA.S);HYPROMELLOSE 2910 (50 MPA.S);MAGNESIUM STEARATE;MICROCRYSTALLINE CELLULOSE;POLYDEXTROSE;POLYETHYLENE GLYCOL 8000;STARCH, CORN;SODIUM STARCH GLYCOLATE TYPE A POTATO;TALC;TITANIUM DIOXIDE;TRIACETIN;",HRX,SCD,ciprofloxacin 250 MG Oral Tablet,197511,2020-02-10 16:34:00,0172-5311,0,,1725311,172,5311,Ciprofloxacin,active,20180712,83be2808-03eb-4bcc-9bf6-6b00cb75252a.xml,,C42931,34391-3,,,LABELER,"Teva Pharmaceuticals USA, Inc.",C73584,NLM,TRUE,,19,,,TRUE,FALSE,FALSE,TRUE,TRUE
00172-5313-60_PART_1_OF_1_CHAL10_SB_BC27DE7E.jpg,00172-5313-60,5313,TRUE,FALSE,FALSE,fcn_mix_weight/dr_224/00172-5313-60_PART_1_OF_1_CHAL10_SB_BC27DE7E.jpg,00172-5313-60_BC27DE7E,8593,TRUE,10/17/2017 05:29:58 PM,2020-02-10 17:11:41,bf5e6bcd-e935-40c2-870a-b097e7a2ef7f-0172-5313-0,bf5e6bcd-e935-40c2-870a-b097e7a2ef7f,18,,C48345,OVAL,,1,,TEVA;5313,,C48325,WHITE,,CIPROFLOXACIN HYDROCHLORIDE 750 mg;,CIPROFLOXACIN HYDROCHLORIDE[CIPROFLOXACIN];,"SILICON DIOXIDE;HYPROMELLOSE 2910 (3 MPA.S);HYPROMELLOSE 2910 (6 MPA.S);HYPROMELLOSE 2910 (50 MPA.S);MAGNESIUM STEARATE;MICROCRYSTALLINE CELLULOSE;POLYDEXTROSE;POLYETHYLENE GLYCOL 8000;STARCH, CORN;SODIUM STARCH GLYCOLATE TYPE A POTATO;TALC;TITANIUM DIOXIDE;TRIACETIN;",HRX,SCD,ciprofloxacin 750 MG Oral Tablet,197512,2020-02-10 16:08:05,0172-5313,0,,1725313,172,5313,Ciprofloxacin,active,20180712,83be2808-03eb-4bcc-9bf6-6b00cb75252a.xml,,C42931,34391-3,,,LABELER,"Teva Pharmaceuticals USA, Inc.",C73584,NLM,TRUE,,19,,,TRUE,FALSE,FALSE,TRUE,TRUE
00172-5313-60_PART_1_OF_1_CHAL10_SF_BC27DE7E.jpg,00172-5313-60,5313,TRUE,TRUE,FALSE,fcn_mix_weight/dr_224/00172-5313-60_PART_1_OF_1_CHAL10_SF_BC27DE7E.jpg,00172-5313-60_BC27DE7E,8593,TRUE,10/17/2017 05:29:58 PM,2020-02-10 17:11:41,bf5e6bcd-e935-40c2-870a-b097e7a2ef7f-0172-5313-0,bf5e6bcd-e935-40c2-870a-b097e7a2ef7f,18,,C48345,OVAL,,1,,TEVA;5313,,C48325,WHITE,,CIPROFLOXACIN HYDROCHLORIDE 750 mg;,CIPROFLOXACIN HYDROCHLORIDE[CIPROFLOXACIN];,"SILICON DIOXIDE;HYPROMELLOSE 2910 (3 MPA.S);HYPROMELLOSE 2910 (6 MPA.S);HYPROMELLOSE 2910 (50 MPA.S);MAGNESIUM STEARATE;MICROCRYSTALLINE CELLULOSE;POLYDEXTROSE;POLYETHYLENE GLYCOL 8000;STARCH, CORN;SODIUM STARCH GLYCOLATE TYPE A POTATO;TALC;TITANIUM DIOXIDE;TRIACETIN;",HRX,SCD,ciprofloxacin 750 MG Oral Tablet,197512,2020-02-10 16:08:05,0172-5313,0,,1725313,172,5313,Ciprofloxacin,active,20180712,83be2808-03eb-4bcc-9bf6-6b00cb75252a.xml,,C42931,34391-3,,,LABELER,"Teva Pharmaceuticals USA, Inc.",C73584,NLM,TRUE,,19,,,TRUE,FALSE,FALSE,TRUE,TRUE
00172-5410-46_PART_1_OF_1_CHAL10_SB_502DA81D.jpg,00172-5410-46,5410,TRUE,FALSE,FALSE,fcn_mix_weight/dr_224/00172-5410-46_PART_1_OF_1_CHAL10_SB_502DA81D.jpg,00172-5410-46_502DA81D,29466,TRUE,10/17/2017 05:31:27 PM,2020-02-10 17:16:18,f1991013-5fdf-4a5b-940a-0ae68a2462d1-0172-5410-0,f1991013-5fdf-4a5b-940a-0ae68a2462d1,8,,C48345,OVAL,,1,,5410;50,,C48328,PINK,,FLUCONAZOLE 50 mg;,FLUCONAZOLE[FLUCONAZOLE];,"SILICON DIOXIDE;STARCH, CORN;CROSCARMELLOSE SODIUM;FD&C RED NO. 40;LACTOSE MONOHYDRATE;MAGNESIUM STEARATE;MICROCRYSTALLINE CELLULOSE;TALC;",HRX,SCD,fluconazole 50 MG Oral Tablet,197701,2020-02-10 16:32:55,0172-5410,0,,1725410,172,5410,Fluconazole,active,20190331,565ea517-41df-4c53-82b8-31c88c2daaf1.xml,,C42998,34391-3,,,LABELER,"Teva Pharmaceuticals USA, Inc.",C73584,NLM,TRUE,,15,,,TRUE,FALSE,FALSE,TRUE,TRUE
00172-5410-46_PART_1_OF_1_CHAL10_SF_502DA81D.jpg,00172-5410-46,5410,TRUE,TRUE,FALSE,fcn_mix_weight/dr_224/00172-5410-46_PART_1_OF_1_CHAL10_SF_502DA81D.jpg,00172-5410-46_502DA81D,29466,TRUE,10/17/2017 05:31:27 PM,2020-02-10 17:16:18,f1991013-5fdf-4a5b-940a-0ae68a2462d1-0172-5410-0,f1991013-5fdf-4a5b-940a-0ae68a2462d1,8,,C48345,OVAL,,1,,5410;50,,C48328,PINK,,FLUCONAZOLE 50 mg;,FLUCONAZOLE[FLUCONAZOLE];,"SILICON DIOXIDE;STARCH, CORN;CROSCARMELLOSE SODIUM;FD&C RED NO. 40;LACTOSE MONOHYDRATE;MAGNESIUM STEARATE;MICROCRYSTALLINE CELLULOSE;TALC;",HRX,SCD,fluconazole 50 MG Oral Tablet,197701,2020-02-10 16:32:55,0172-5410,0,,1725410,172,5410,Fluconazole,active,20190331,565ea517-41df-4c53-82b8-31c88c2daaf1.xml,,C42998,34391-3,,,LABELER,"Teva Pharmaceuticals USA, Inc.",C73584,NLM,TRUE,,15,,,TRUE,FALSE,FALSE,TRUE,TRUE
00172-5412-79_PART_1_OF_1_CHAL10_SB_862DC31E.jpg,00172-5412-79,5412,TRUE,FALSE,FALSE,fcn_mix_weight/dr_224/00172-5412-79_PART_1_OF_1_CHAL10_SB_862DC31E.jpg,00172-5412-79_862DC31E,14828,TRUE,10/17/2017 05:30:24 PM,2020-02-10 17:11:55,f1991013-5fdf-4a5b-940a-0ae68a2462d1-0172-5412-0,f1991013-5fdf-4a5b-940a-0ae68a2462d1,11,,C48345,OVAL,,1,,5412;150,,C48328,PINK,,FLUCONAZOLE 150 mg;,FLUCONAZOLE[FLUCONAZOLE];,"SILICON DIOXIDE;STARCH, CORN;CROSCARMELLOSE SODIUM;FD&C RED NO. 40;LACTOSE MONOHYDRATE;MAGNESIUM STEARATE;MICROCRYSTALLINE CELLULOSE;TALC;",HRX,SCD,fluconazole 150 MG Oral Tablet,197699,2020-02-10 16:09:25,0172-5412,0,,1725412,172,5412,Fluconazole,active,20190331,565ea517-41df-4c53-82b8-31c88c2daaf1.xml,,C42998,34391-3,,,LABELER,"Teva Pharmaceuticals USA, Inc.",C73584,NLM,TRUE,,15,,,TRUE,FALSE,FALSE,TRUE,TRUE
00172-5412-79_PART_1_OF_1_CHAL10_SF_862DC31E.jpg,00172-5412-79,5412,TRUE,TRUE,FALSE,fcn_mix_weight/dr_224/00172-5412-79_PART_1_OF_1_CHAL10_SF_862DC31E.jpg,00172-5412-79_862DC31E,14828,TRUE,10/17/2017 05:30:24 PM,2020-02-10 17:11:55,f1991013-5fdf-4a5b-940a-0ae68a2462d1-0172-5412-0,f1991013-5fdf-4a5b-940a-0ae68a2462d1,11,,C48345,OVAL,,1,,5412;150,,C48328,PINK,,FLUCONAZOLE 150 mg;,FLUCONAZOLE[FLUCONAZOLE];,"SILICON DIOXIDE;STARCH, CORN;CROSCARMELLOSE SODIUM;FD&C RED NO. 40;LACTOSE MONOHYDRATE;MAGNESIUM STEARATE;MICROCRYSTALLINE CELLULOSE;TALC;",HRX,SCD,fluconazole 150 MG Oral Tablet,197699,2020-02-10 16:09:25,0172-5412,0,,1725412,172,5412,Fluconazole,active,20190331,565ea517-41df-4c53-82b8-31c88c2daaf1.xml,,C42998,34391-3,,,LABELER,"Teva Pharmaceuticals USA, Inc.",C73584,NLM,TRUE,,15,,,TRUE,FALSE,FALSE,TRUE,TRUE
00172-5413-46_PART_1_OF_1_CHAL10_SB_5E2DAF0D.jpg,00172-5413-46,5413,TRUE,FALSE,FALSE,fcn_mix_weight/dr_224/00172-5413-46_PART_1_OF_1_CHAL10_SB_5E2DAF0D.jpg,00172-5413-46_5E2DAF0D,11108,TRUE,10/17/2017 05:30:09 PM,2020-02-10 17:14:09,f1991013-5fdf-4a5b-940a-0ae68a2462d1-0172-5413-0,f1991013-5fdf-4a5b-940a-0ae68a2462d1,12,,C48345,OVAL,,1,,5413;200,,C48328,PINK,,FLUCONAZOLE 200 mg;,FLUCONAZOLE[FLUCONAZOLE];,"SILICON DIOXIDE;STARCH, CORN;CROSCARMELLOSE SODIUM;FD&C RED NO. 40;LACTOSE MONOHYDRATE;MAGNESIUM STEARATE;MICROCRYSTALLINE CELLULOSE;TALC;",HRX,SCD,fluconazole 200 MG Oral Tablet,197700,2020-02-10 16:22:02,0172-5413,0,,1725413,172,5413,Fluconazole,active,20190331,565ea517-41df-4c53-82b8-31c88c2daaf1.xml,,C42998,34391-3,,,LABELER,"Teva Pharmaceuticals USA, Inc.",C73584,NLM,TRUE,,15,,,TRUE,FALSE,FALSE,TRUE,TRUE
00172-5413-46_PART_1_OF_1_CHAL10_SB_E923F4AF.jpg,00172-5413-46,5413,TRUE,FALSE,FALSE,fcn_mix_weight/dr_224/00172-5413-46_PART_1_OF_1_CHAL10_SB_E923F4AF.jpg,00172-5413-46_E923F4AF,11108,TRUE,10/17/2017 05:30:09 PM,2020-02-10 17:14:09,f1991013-5fdf-4a5b-940a-0ae68a2462d1-0172-5413-0,f1991013-5fdf-4a5b-940a-0ae68a2462d1,12,,C48345,OVAL,,1,,5413;200,,C48328,PINK,,FLUCONAZOLE 200 mg;,FLUCONAZOLE[FLUCONAZOLE];,"SILICON DIOXIDE;STARCH, CORN;CROSCARMELLOSE SODIUM;FD&C RED NO. 40;LACTOSE MONOHYDRATE;MAGNESIUM STEARATE;MICROCRYSTALLINE CELLULOSE;TALC;",HRX,SCD,fluconazole 200 MG Oral Tablet,197700,2020-02-10 16:22:02,0172-5413,0,,1725413,172,5413,Fluconazole,active,20190331,565ea517-41df-4c53-82b8-31c88c2daaf1.xml,,C42998,34391-3,,,LABELER,"Teva Pharmaceuticals USA, Inc.",C73584,NLM,TRUE,,15,,,TRUE,FALSE,FALSE,TRUE,TRUE
00172-5413-46_PART_1_OF_1_CHAL10_SF_5E2DAF0D.jpg,00172-5413-46,5413,TRUE,TRUE,FALSE,fcn_mix_weight/dr_224/00172-5413-46_PART_1_OF_1_CHAL10_SF_5E2DAF0D.jpg,00172-5413-46_5E2DAF0D,11108,TRUE,10/17/2017 05:30:09 PM,2020-02-10 17:14:09,f1991013-5fdf-4a5b-940a-0ae68a2462d1-0172-5413-0,f1991013-5fdf-4a5b-940a-0ae68a2462d1,12,,C48345,OVAL,,1,,5413;200,,C48328,PINK,,FLUCONAZOLE 200 mg;,FLUCONAZOLE[FLUCONAZOLE];,"SILICON DIOXIDE;STARCH, CORN;CROSCARMELLOSE SODIUM;FD&C RED NO. 40;LACTOSE MONOHYDRATE;MAGNESIUM STEARATE;MICROCRYSTALLINE CELLULOSE;TALC;",HRX,SCD,fluconazole 200 MG Oral Tablet,197700,2020-02-10 16:22:02,0172-5413,0,,1725413,172,5413,Fluconazole,active,20190331,565ea517-41df-4c53-82b8-31c88c2daaf1.xml,,C42998,34391-3,,,LABELER,"Teva Pharmaceuticals USA, Inc.",C73584,NLM,TRUE,,15,,,TRUE,FALSE,FALSE,TRUE,TRUE
00172-5413-46_PART_1_OF_1_CHAL10_SF_E923F4AF.jpg,00172-5413-46,5413,TRUE,TRUE,FALSE,fcn_mix_weight/dr_224/00172-5413-46_PART_1_OF_1_CHAL10_SF_E923F4AF.jpg,00172-5413-46_E923F4AF,11108,TRUE,10/17/2017 05:30:09 PM,2020-02-10 17:14:09,f1991013-5fdf-4a5b-940a-0ae68a2462d1-0172-5413-0,f1991013-5fdf-4a5b-940a-0ae68a2462d1,12,,C48345,OVAL,,1,,5413;200,,C48328,PINK,,FLUCONAZOLE 200 mg;,FLUCONAZOLE[FLUCONAZOLE];,"SILICON DIOXIDE;STARCH, CORN;CROSCARMELLOSE SODIUM;FD&C RED NO. 40;LACTOSE MONOHYDRATE;MAGNESIUM STEARATE;MICROCRYSTALLINE CELLULOSE;TALC;",HRX,SCD,fluconazole 200 MG Oral Tablet,197700,2020-02-10 16:22:02,0172-5413,0,,1725413,172,5413,Fluconazole,active,20190331,565ea517-41df-4c53-82b8-31c88c2daaf1.xml,,C42998,34391-3,,,LABELER,"Teva Pharmaceuticals USA, Inc.",C73584,NLM,TRUE,,15,,,TRUE,FALSE,FALSE,TRUE,TRUE
00172-5728-60_PART_1_OF_1_CHAL10_SB_5821AC5D.jpg,00172-5728-60,5728,TRUE,FALSE,FALSE,fcn_mix_weight/dr_224/00172-5728-60_PART_1_OF_1_CHAL10_SB_5821AC5D.jpg,00172-5728-60_5821AC5D,50897,TRUE,10/17/2017 05:33:04 PM,2020-02-10 17:03:46,ae7b5b4d-3b6a-45ae-b394-a4480d072715-68788-6399-0,ae7b5b4d-3b6a-45ae-b394-a4480d072715,9,,C48348,ROUND,,1,,TEVA;5728,,C48332,BROWN,,FAMOTIDINE 20 mg;,FAMOTIDINE[FAMOTIDINE];,"SILICON DIOXIDE;MAGNESIUM STEARATE;HYPROMELLOSE, UNSPECIFIED;POLYETHYLENE GLYCOL 3000;POLYETHYLENE GLYCOL 4000;STARCH, CORN;SODIUM STARCH GLYCOLATE TYPE A POTATO;TALC;TITANIUM DIOXIDE;FERRIC OXIDE YELLOW;LACTOSE MONOHYDRATE;FERRIC OXIDE RED;TRIACETIN;MICROCRYSTALLINE CELLULOSE;",HRX,SCD,famotidine 20 MG Oral Tablet,310273,2020-02-10 15:27:01,68788-6399,0,,687886399,68788,6399,Famotidine,active,20200519,db63835d-b0c9-4d89-a386-40d7b10c9dd5.xml,0172-5728,C42931,,,,LABELER,"Preferred Pharmaceuticals, Inc.",C73584,NLM,TRUE,1,7,,,TRUE,FALSE,FALSE,TRUE,TRUE
00172-5728-60_PART_1_OF_1_CHAL10_SB_5821AC5D.jpg,00172-5728-60,5728,TRUE,FALSE,FALSE,fcn_mix_weight/dr_224/00172-5728-60_PART_1_OF_1_CHAL10_SB_5821AC5D.jpg,00172-5728-60_5821AC5D,4557,TRUE,10/17/2017 05:29:40 PM,2020-02-10 17:09:45,9b77e03a-46d2-4d65-9126-01fc302e074c-69189-5728-0,9b77e03a-46d2-4d65-9126-01fc302e074c,9,,C48348,ROUND,,1,,TEVA;5728,,C48332,BROWN,,FAMOTIDINE 20 mg;,FAMOTIDINE[FAMOTIDINE];,"SILICON DIOXIDE;HYPROMELLOSES;MAGNESIUM STEARATE;CELLULOSE, MICROCRYSTALLINE;POLYETHYLENE GLYCOL 3000;POLYETHYLENE GLYCOL 4000;STARCH, CORN;SODIUM STARCH GLYCOLATE TYPE A POTATO;TALC;TITANIUM DIOXIDE;FERRIC OXIDE YELLOW;LACTOSE MONOHYDRATE;FERRIC OXIDE RED;TRIACETIN;",HRX,,,,2020-02-10 15:57:30,69189-5728,0,,691895728,69189,5728,Famotidine,active,20150701,e6fc3696-eed8-40e8-abc2-32b615ecc70c.xml,0172-5728,C42931,,,,LABELER,Avera McKennan Hospital,C73584,SPL,TRUE,1,1,,,TRUE,FALSE,FALSE,TRUE,TRUE
00172-5728-60_PART_1_OF_1_CHAL10_SB_9E27CF4E.jpg,00172-5728-60,5728,TRUE,FALSE,FALSE,fcn_mix_weight/dr_224/00172-5728-60_PART_1_OF_1_CHAL10_SB_9E27CF4E.jpg,00172-5728-60_9E27CF4E,50897,TRUE,10/17/2017 05:33:04 PM,2020-02-10 17:03:46,ae7b5b4d-3b6a-45ae-b394-a4480d072715-68788-6399-0,ae7b5b4d-3b6a-45ae-b394-a4480d072715,9,,C48348,ROUND,,1,,TEVA;5728,,C48332,BROWN,,FAMOTIDINE 20 mg;,FAMOTIDINE[FAMOTIDINE];,"SILICON DIOXIDE;MAGNESIUM STEARATE;HYPROMELLOSE, UNSPECIFIED;POLYETHYLENE GLYCOL 3000;POLYETHYLENE GLYCOL 4000;STARCH, CORN;SODIUM STARCH GLYCOLATE TYPE A POTATO;TALC;TITANIUM DIOXIDE;FERRIC OXIDE YELLOW;LACTOSE MONOHYDRATE;FERRIC OXIDE RED;TRIACETIN;MICROCRYSTALLINE CELLULOSE;",HRX,SCD,famotidine 20 MG Oral Tablet,310273,2020-02-10 15:27:01,68788-6399,0,,687886399,68788,6399,Famotidine,active,20200519,db63835d-b0c9-4d89-a386-40d7b10c9dd5.xml,0172-5728,C42931,,,,LABELER,"Preferred Pharmaceuticals, Inc.",C73584,NLM,TRUE,1,7,,,TRUE,FALSE,FALSE,TRUE,TRUE
00172-5728-60_PART_1_OF_1_CHAL10_SB_9E27CF4E.jpg,00172-5728-60,5728,TRUE,FALSE,FALSE,fcn_mix_weight/dr_224/00172-5728-60_PART_1_OF_1_CHAL10_SB_9E27CF4E.jpg,00172-5728-60_9E27CF4E,4557,TRUE,10/17/2017 05:29:40 PM,2020-02-10 17:09:45,9b77e03a-46d2-4d65-9126-01fc302e074c-69189-5728-0,9b77e03a-46d2-4d65-9126-01fc302e074c,9,,C48348,ROUND,,1,,TEVA;5728,,C48332,BROWN,,FAMOTIDINE 20 mg;,FAMOTIDINE[FAMOTIDINE];,"SILICON DIOXIDE;HYPROMELLOSES;MAGNESIUM STEARATE;CELLULOSE, MICROCRYSTALLINE;POLYETHYLENE GLYCOL 3000;POLYETHYLENE GLYCOL 4000;STARCH, CORN;SODIUM STARCH GLYCOLATE TYPE A POTATO;TALC;TITANIUM DIOXIDE;FERRIC OXIDE YELLOW;LACTOSE MONOHYDRATE;FERRIC OXIDE RED;TRIACETIN;",HRX,,,,2020-02-10 15:57:30,69189-5728,0,,691895728,69189,5728,Famotidine,active,20150701,e6fc3696-eed8-40e8-abc2-32b615ecc70c.xml,0172-5728,C42931,,,,LABELER,Avera McKennan Hospital,C73584,SPL,TRUE,1,1,,,TRUE,FALSE,FALSE,TRUE,TRUE
00172-5728-60_PART_1_OF_1_CHAL10_SF_5821AC5D.jpg,00172-5728-60,5728,TRUE,TRUE,FALSE,fcn_mix_weight/dr_224/00172-5728-60_PART_1_OF_1_CHAL10_SF_5821AC5D.jpg,00172-5728-60_5821AC5D,50897,TRUE,10/17/2017 05:33:04 PM,2020-02-10 17:03:46,ae7b5b4d-3b6a-45ae-b394-a4480d072715-68788-6399-0,ae7b5b4d-3b6a-45ae-b394-a4480d072715,9,,C48348,ROUND,,1,,TEVA;5728,,C48332,BROWN,,FAMOTIDINE 20 mg;,FAMOTIDINE[FAMOTIDINE];,"SILICON DIOXIDE;MAGNESIUM STEARATE;HYPROMELLOSE, UNSPECIFIED;POLYETHYLENE GLYCOL 3000;POLYETHYLENE GLYCOL 4000;STARCH, CORN;SODIUM STARCH GLYCOLATE TYPE A POTATO;TALC;TITANIUM DIOXIDE;FERRIC OXIDE YELLOW;LACTOSE MONOHYDRATE;FERRIC OXIDE RED;TRIACETIN;MICROCRYSTALLINE CELLULOSE;",HRX,SCD,famotidine 20 MG Oral Tablet,310273,2020-02-10 15:27:01,68788-6399,0,,687886399,68788,6399,Famotidine,active,20200519,db63835d-b0c9-4d89-a386-40d7b10c9dd5.xml,0172-5728,C42931,,,,LABELER,"Preferred Pharmaceuticals, Inc.",C73584,NLM,TRUE,1,7,,,TRUE,FALSE,FALSE,TRUE,TRUE
00172-5728-60_PART_1_OF_1_CHAL10_SF_5821AC5D.jpg,00172-5728-60,5728,TRUE,TRUE,FALSE,fcn_mix_weight/dr_224/00172-5728-60_PART_1_OF_1_CHAL10_SF_5821AC5D.jpg,00172-5728-60_5821AC5D,4557,TRUE,10/17/2017 05:29:40 PM,2020-02-10 17:09:45,9b77e03a-46d2-4d65-9126-01fc302e074c-69189-5728-0,9b77e03a-46d2-4d65-9126-01fc302e074c,9,,C48348,ROUND,,1,,TEVA;5728,,C48332,BROWN,,FAMOTIDINE 20 mg;,FAMOTIDINE[FAMOTIDINE];,"SILICON DIOXIDE;HYPROMELLOSES;MAGNESIUM STEARATE;CELLULOSE, MICROCRYSTALLINE;POLYETHYLENE GLYCOL 3000;POLYETHYLENE GLYCOL 4000;STARCH, CORN;SODIUM STARCH GLYCOLATE TYPE A POTATO;TALC;TITANIUM DIOXIDE;FERRIC OXIDE YELLOW;LACTOSE MONOHYDRATE;FERRIC OXIDE RED;TRIACETIN;",HRX,,,,2020-02-10 15:57:30,69189-5728,0,,691895728,69189,5728,Famotidine,active,20150701,e6fc3696-eed8-40e8-abc2-32b615ecc70c.xml,0172-5728,C42931,,,,LABELER,Avera McKennan Hospital,C73584,SPL,TRUE,1,1,,,TRUE,FALSE,FALSE,TRUE,TRUE
00172-5728-60_PART_1_OF_1_CHAL10_SF_9E27CF4E.jpg,00172-5728-60,5728,TRUE,TRUE,FALSE,fcn_mix_weight/dr_224/00172-5728-60_PART_1_OF_1_CHAL10_SF_9E27CF4E.jpg,00172-5728-60_9E27CF4E,50897,TRUE,10/17/2017 05:33:04 PM,2020-02-10 17:03:46,ae7b5b4d-3b6a-45ae-b394-a4480d072715-68788-6399-0,ae7b5b4d-3b6a-45ae-b394-a4480d072715,9,,C48348,ROUND,,1,,TEVA;5728,,C48332,BROWN,,FAMOTIDINE 20 mg;,FAMOTIDINE[FAMOTIDINE];,"SILICON DIOXIDE;MAGNESIUM STEARATE;HYPROMELLOSE, UNSPECIFIED;POLYETHYLENE GLYCOL 3000;POLYETHYLENE GLYCOL 4000;STARCH, CORN;SODIUM STARCH GLYCOLATE TYPE A POTATO;TALC;TITANIUM DIOXIDE;FERRIC OXIDE YELLOW;LACTOSE MONOHYDRATE;FERRIC OXIDE RED;TRIACETIN;MICROCRYSTALLINE CELLULOSE;",HRX,SCD,famotidine 20 MG Oral Tablet,310273,2020-02-10 15:27:01,68788-6399,0,,687886399,68788,6399,Famotidine,active,20200519,db63835d-b0c9-4d89-a386-40d7b10c9dd5.xml,0172-5728,C42931,,,,LABELER,"Preferred Pharmaceuticals, Inc.",C73584,NLM,TRUE,1,7,,,TRUE,FALSE,FALSE,TRUE,TRUE
00172-5728-60_PART_1_OF_1_CHAL10_SF_9E27CF4E.jpg,00172-5728-60,5728,TRUE,TRUE,FALSE,fcn_mix_weight/dr_224/00172-5728-60_PART_1_OF_1_CHAL10_SF_9E27CF4E.jpg,00172-5728-60_9E27CF4E,4557,TRUE,10/17/2017 05:29:40 PM,2020-02-10 17:09:45,9b77e03a-46d2-4d65-9126-01fc302e074c-69189-5728-0,9b77e03a-46d2-4d65-9126-01fc302e074c,9,,C48348,ROUND,,1,,TEVA;5728,,C48332,BROWN,,FAMOTIDINE 20 mg;,FAMOTIDINE[FAMOTIDINE];,"SILICON DIOXIDE;HYPROMELLOSES;MAGNESIUM STEARATE;CELLULOSE, MICROCRYSTALLINE;POLYETHYLENE GLYCOL 3000;POLYETHYLENE GLYCOL 4000;STARCH, CORN;SODIUM STARCH GLYCOLATE TYPE A POTATO;TALC;TITANIUM DIOXIDE;FERRIC OXIDE YELLOW;LACTOSE MONOHYDRATE;FERRIC OXIDE RED;TRIACETIN;",HRX,,,,2020-02-10 15:57:30,69189-5728,0,,691895728,69189,5728,Famotidine,active,20150701,e6fc3696-eed8-40e8-abc2-32b615ecc70c.xml,0172-5728,C42931,,,,LABELER,Avera McKennan Hospital,C73584,SPL,TRUE,1,1,,,TRUE,FALSE,FALSE,TRUE,TRUE
00172-6359-60_PART_1_OF_1_CHAL10_SB_CB2D658B.jpg,00172-6359-60,6359,TRUE,FALSE,FALSE,fcn_mix_weight/dr_224/00172-6359-60_PART_1_OF_1_CHAL10_SB_CB2D658B.jpg,00172-6359-60_CB2D658B,33746,TRUE,10/17/2017 05:31:46 PM,10/17/2017 05:31:46 PM,f16063e2-3f28-4701-99e3-4e6d05a519b9-0172-6359-0,f16063e2-3f28-4701-99e3-4e6d05a519b9,15,,C48345,OVAL,,1,,O;M;650,,C48330,YELLOW,,tramadol hydrochloride 37.5 mg / acetaminophen 325 mg,tramadol hydrochloride[tramadol] / acetaminophen[acetaminophen],"powdered cellulose / starch, corn / SODIUM STARCH GLYCOLATE TYPE A POTATO / magnesium stearate / hypromelloses / polyethylene glycols / polysorbate 80 / titanium dioxide / FERROSOFERRIC OXIDE / carnauba wax",HRX,,APAP 325 MG / tramadol hydrochloride 37.5 MG Oral Tablet,836395,,0172-6359,0,,1726359,172,6359,Tramadol Hydrochloride and Acetaminophen,active,20131114,3164e956-70b8-42a5-abe5-5ec98a69999a.xml,,C42897,34391-3,,,LABELER,"IVAX Pharmaceuticals, Inc.",C73594,NLM,TRUE,,7,,,FALSE,TRUE,FALSE,TRUE,TRUE
00172-6359-60_PART_1_OF_1_CHAL10_SF_CB2D658B.jpg,00172-6359-60,6359,TRUE,TRUE,FALSE,fcn_mix_weight/dr_224/00172-6359-60_PART_1_OF_1_CHAL10_SF_CB2D658B.jpg,00172-6359-60_CB2D658B,33746,TRUE,10/17/2017 05:31:46 PM,10/17/2017 05:31:46 PM,f16063e2-3f28-4701-99e3-4e6d05a519b9-0172-6359-0,f16063e2-3f28-4701-99e3-4e6d05a519b9,15,,C48345,OVAL,,1,,O;M;650,,C48330,YELLOW,,tramadol hydrochloride 37.5 mg / acetaminophen 325 mg,tramadol hydrochloride[tramadol] / acetaminophen[acetaminophen],"powdered cellulose / starch, corn / SODIUM STARCH GLYCOLATE TYPE A POTATO / magnesium stearate / hypromelloses / polyethylene glycols / polysorbate 80 / titanium dioxide / FERROSOFERRIC OXIDE / carnauba wax",HRX,,APAP 325 MG / tramadol hydrochloride 37.5 MG Oral Tablet,836395,,0172-6359,0,,1726359,172,6359,Tramadol Hydrochloride and Acetaminophen,active,20131114,3164e956-70b8-42a5-abe5-5ec98a69999a.xml,,C42897,34391-3,,,LABELER,"IVAX Pharmaceuticals, Inc.",C73594,NLM,TRUE,,7,,,FALSE,TRUE,FALSE,TRUE,TRUE
00172-7310-46_PART_1_OF_1_CHAL10_SB_9B2BCDEE.jpg,00172-7310-46,7310,TRUE,FALSE,FALSE,fcn_mix_weight/dr_224/00172-7310-46_PART_1_OF_1_CHAL10_SB_9B2BCDEE.jpg,00172-7310-46_9B2BCDEE,40241,TRUE,10/17/2017 05:32:16 PM,10/17/2017 05:32:16 PM,9ef47270-a20d-417c-9c26-d5ea1b542b8a-0172-7310-0,9ef47270-a20d-417c-9c26-d5ea1b542b8a,13,,C48345,OVAL,,1,,25;mg,,C48330,YELLOW,,CYCLOSPORINE 25 mg;,CYCLOSPORINE[CYCLOSPORINE];,"ALCOHOL;.ALPHA.-TOCOPHEROL, DL-;FD&C BLUE NO. 2;ALUMINUM OXIDE;GELATIN;GLYCINE;GLYCERIN;POLYOXYL 40 HYDROGENATED CASTOR OIL;POLYGLYCERYL-3 OLEATE;POLYGLYCERYL-10 OLEATE;PROPYLENE GLYCOL;SHELLAC;SORBITOL;TITANIUM DIOXIDE;FERRIC OXIDE YELLOW;",HRX,,"cyclosporine, modified 25 MG Oral Capsule",835894,,0172-7310,0,,1727310,172,7310,Cyclosporine,completed,20150707,dc5b6a50-4d6d-4cba-8ad3-8821bc7f0be9.xml,,C42954,34391-3,,,LABELER,"IVAX Pharmaceuticals, Inc.",C73584,NLM,TRUE,,13,,,FALSE,TRUE,FALSE,TRUE,TRUE
00172-7310-46_PART_1_OF_1_CHAL10_SF_9B2BCDEE.jpg,00172-7310-46,7310,TRUE,TRUE,FALSE,fcn_mix_weight/dr_224/00172-7310-46_PART_1_OF_1_CHAL10_SF_9B2BCDEE.jpg,00172-7310-46_9B2BCDEE,40241,TRUE,10/17/2017 05:32:16 PM,10/17/2017 05:32:16 PM,9ef47270-a20d-417c-9c26-d5ea1b542b8a-0172-7310-0,9ef47270-a20d-417c-9c26-d5ea1b542b8a,13,,C48345,OVAL,,1,,25;mg,,C48330,YELLOW,,CYCLOSPORINE 25 mg;,CYCLOSPORINE[CYCLOSPORINE];,"ALCOHOL;.ALPHA.-TOCOPHEROL, DL-;FD&C BLUE NO. 2;ALUMINUM OXIDE;GELATIN;GLYCINE;GLYCERIN;POLYOXYL 40 HYDROGENATED CASTOR OIL;POLYGLYCERYL-3 OLEATE;POLYGLYCERYL-10 OLEATE;PROPYLENE GLYCOL;SHELLAC;SORBITOL;TITANIUM DIOXIDE;FERRIC OXIDE YELLOW;",HRX,,"cyclosporine, modified 25 MG Oral Capsule",835894,,0172-7310,0,,1727310,172,7310,Cyclosporine,completed,20150707,dc5b6a50-4d6d-4cba-8ad3-8821bc7f0be9.xml,,C42954,34391-3,,,LABELER,"IVAX Pharmaceuticals, Inc.",C73584,NLM,TRUE,,13,,,FALSE,TRUE,FALSE,TRUE,TRUE
00172-7311-46_PART_1_OF_1_CHAL10_SB_922BC96E.jpg,00172-7311-46,7311,TRUE,FALSE,FALSE,fcn_mix_weight/dr_224/00172-7311-46_PART_1_OF_1_CHAL10_SB_922BC96E.jpg,00172-7311-46_922BC96E,5072,TRUE,10/17/2017 05:29:43 PM,10/17/2017 05:29:43 PM,9ef47270-a20d-417c-9c26-d5ea1b542b8a-0172-7311-0,9ef47270-a20d-417c-9c26-d5ea1b542b8a,21,,C48345,OVAL,,1,,50;mg,,C48330,YELLOW,,CYCLOSPORINE 50 mg;,CYCLOSPORINE[CYCLOSPORINE];,"ALCOHOL;.ALPHA.-TOCOPHEROL, DL-;FD&C BLUE NO. 2;ALUMINUM OXIDE;GELATIN;GLYCINE;GLYCERIN;POLYOXYL 40 HYDROGENATED CASTOR OIL;POLYGLYCERYL-3 OLEATE;POLYGLYCERYL-10 OLEATE;PROPYLENE GLYCOL;SHELLAC;SORBITOL;TITANIUM DIOXIDE;FERRIC OXIDE YELLOW;",HRX,,"cyclosporine, modified 50 MG Oral Capsule",835925,,0172-7311,0,,1727311,172,7311,Cyclosporine,completed,20150707,dc5b6a50-4d6d-4cba-8ad3-8821bc7f0be9.xml,,C42954,34391-3,,,LABELER,"IVAX Pharmaceuticals, Inc.",C73584,NLM,TRUE,,13,,,FALSE,TRUE,FALSE,TRUE,TRUE
00172-7311-46_PART_1_OF_1_CHAL10_SF_922BC96E.jpg,00172-7311-46,7311,TRUE,TRUE,FALSE,fcn_mix_weight/dr_224/00172-7311-46_PART_1_OF_1_CHAL10_SF_922BC96E.jpg,00172-7311-46_922BC96E,5072,TRUE,10/17/2017 05:29:43 PM,10/17/2017 05:29:43 PM,9ef47270-a20d-417c-9c26-d5ea1b542b8a-0172-7311-0,9ef47270-a20d-417c-9c26-d5ea1b542b8a,21,,C48345,OVAL,,1,,50;mg,,C48330,YELLOW,,CYCLOSPORINE 50 mg;,CYCLOSPORINE[CYCLOSPORINE];,"ALCOHOL;.ALPHA.-TOCOPHEROL, DL-;FD&C BLUE NO. 2;ALUMINUM OXIDE;GELATIN;GLYCINE;GLYCERIN;POLYOXYL 40 HYDROGENATED CASTOR OIL;POLYGLYCERYL-3 OLEATE;POLYGLYCERYL-10 OLEATE;PROPYLENE GLYCOL;SHELLAC;SORBITOL;TITANIUM DIOXIDE;FERRIC OXIDE YELLOW;",HRX,,"cyclosporine, modified 50 MG Oral Capsule",835925,,0172-7311,0,,1727311,172,7311,Cyclosporine,completed,20150707,dc5b6a50-4d6d-4cba-8ad3-8821bc7f0be9.xml,,C42954,34391-3,,,LABELER,"IVAX Pharmaceuticals, Inc.",C73584,NLM,TRUE,,13,,,FALSE,TRUE,FALSE,TRUE,TRUE
00172-7312-46_PART_1_OF_1_CHAL10_SB_972BCBDE.jpg,00172-7312-46,7312,TRUE,FALSE,FALSE,fcn_mix_weight/dr_224/00172-7312-46_PART_1_OF_1_CHAL10_SB_972BCBDE.jpg,00172-7312-46_972BCBDE,5534,TRUE,10/17/2017 05:29:45 PM,10/17/2017 05:29:45 PM,9ef47270-a20d-417c-9c26-d5ea1b542b8a-0172-7312-0,9ef47270-a20d-417c-9c26-d5ea1b542b8a,25,,C48345,OVAL,,1,,100;mg,,C48332,BROWN,,CYCLOSPORINE 100 mg;,CYCLOSPORINE[CYCLOSPORINE];,"ALCOHOL;.ALPHA.-TOCOPHEROL, DL-;FD&C BLUE NO. 2;ALUMINUM OXIDE;GELATIN;GLYCINE;GLYCERIN;POLYOXYL 40 HYDROGENATED CASTOR OIL;POLYGLYCERYL-3 OLEATE;POLYGLYCERYL-10 OLEATE;PROPYLENE GLYCOL;SHELLAC;SORBITOL;TITANIUM DIOXIDE;BROWN IRON OXIDE;",HRX,,"cyclosporine, modified 100 MG Oral Capsule",241834,,0172-7312,0,,1727312,172,7312,Cyclosporine,completed,20150707,dc5b6a50-4d6d-4cba-8ad3-8821bc7f0be9.xml,,C42954,34391-3,,,LABELER,"IVAX Pharmaceuticals, Inc.",C73584,NLM,TRUE,,13,,,FALSE,TRUE,FALSE,TRUE,TRUE
00172-7312-46_PART_1_OF_1_CHAL10_SF_972BCBDE.jpg,00172-7312-46,7312,TRUE,TRUE,FALSE,fcn_mix_weight/dr_224/00172-7312-46_PART_1_OF_1_CHAL10_SF_972BCBDE.jpg,00172-7312-46_972BCBDE,5534,TRUE,10/17/2017 05:29:45 PM,10/17/2017 05:29:45 PM,9ef47270-a20d-417c-9c26-d5ea1b542b8a-0172-7312-0,9ef47270-a20d-417c-9c26-d5ea1b542b8a,25,,C48345,OVAL,,1,,100;mg,,C48332,BROWN,,CYCLOSPORINE 100 mg;,CYCLOSPORINE[CYCLOSPORINE];,"ALCOHOL;.ALPHA.-TOCOPHEROL, DL-;FD&C BLUE NO. 2;ALUMINUM OXIDE;GELATIN;GLYCINE;GLYCERIN;POLYOXYL 40 HYDROGENATED CASTOR OIL;POLYGLYCERYL-3 OLEATE;POLYGLYCERYL-10 OLEATE;PROPYLENE GLYCOL;SHELLAC;SORBITOL;TITANIUM DIOXIDE;BROWN IRON OXIDE;",HRX,,"cyclosporine, modified 100 MG Oral Capsule",241834,,0172-7312,0,,1727312,172,7312,Cyclosporine,completed,20150707,dc5b6a50-4d6d-4cba-8ad3-8821bc7f0be9.xml,,C42954,34391-3,,,LABELER,"IVAX Pharmaceuticals, Inc.",C73584,NLM,TRUE,,13,,,FALSE,TRUE,FALSE,TRUE,TRUE
00173-0556-02_PART_1_OF_1_CHAL10_SB_251912B8.jpg,00173-0556-02,556,TRUE,FALSE,FALSE,fcn_mix_weight/dr_224/00173-0556-02_PART_1_OF_1_CHAL10_SB_251912B8.jpg,00173-0556-02_251912B8,22742,TRUE,10/17/2017 05:30:58 PM,2020-02-10 17:09:15,a3327c31-d987-40ec-b3b5-097bbf2f4f8c-0173-0556-0,a3327c31-d987-40ec-b3b5-097bbf2f4f8c,11,,C48348,ROUND,,1,,ZYBAN;150,,C48327,PURPLE,,BUPROPION HYDROCHLORIDE 150 mg;,BUPROPION HYDROCHLORIDE[BUPROPION];,"CARNAUBA WAX;CYSTEINE HYDROCHLORIDE;HYPROMELLOSE, UNSPECIFIED;MAGNESIUM STEARATE;MICROCRYSTALLINE CELLULOSE;POLYETHYLENE GLYCOL, UNSPECIFIED;POLYSORBATE 80;TITANIUM DIOXIDE;FD&C BLUE NO. 2;FD&C RED NO. 40;",HRX,SBD,Smoking Cessation 12 HR bupropion hydrochloride 150 MG Extended Release Oral Tablet [Zyban],993954,2020-02-10 15:54:28,0173-0556,0,,1730556,173,556,ZYBAN,active,20190719,72435712-b707-4d63-a9a4-697a3bfa2bc6.xml,,C42931,34391-3,,,LABELER,GlaxoSmithKline LLC,C73594,NLM,TRUE,,26,,,TRUE,FALSE,FALSE,TRUE,TRUE
00173-0556-02_PART_1_OF_1_CHAL10_SF_251912B8.jpg,00173-0556-02,556,TRUE,TRUE,FALSE,fcn_mix_weight/dr_224/00173-0556-02_PART_1_OF_1_CHAL10_SF_251912B8.jpg,00173-0556-02_251912B8,22742,TRUE,10/17/2017 05:30:58 PM,2020-02-10 17:09:15,a3327c31-d987-40ec-b3b5-097bbf2f4f8c-0173-0556-0,a3327c31-d987-40ec-b3b5-097bbf2f4f8c,11,,C48348,ROUND,,1,,ZYBAN;150,,C48327,PURPLE,,BUPROPION HYDROCHLORIDE 150 mg;,BUPROPION HYDROCHLORIDE[BUPROPION];,"CARNAUBA WAX;CYSTEINE HYDROCHLORIDE;HYPROMELLOSE, UNSPECIFIED;MAGNESIUM STEARATE;MICROCRYSTALLINE CELLULOSE;POLYETHYLENE GLYCOL, UNSPECIFIED;POLYSORBATE 80;TITANIUM DIOXIDE;FD&C BLUE NO. 2;FD&C RED NO. 40;",HRX,SBD,Smoking Cessation 12 HR bupropion hydrochloride 150 MG Extended Release Oral Tablet [Zyban],993954,2020-02-10 15:54:28,0173-0556,0,,1730556,173,556,ZYBAN,active,20190719,72435712-b707-4d63-a9a4-697a3bfa2bc6.xml,,C42931,34391-3,,,LABELER,GlaxoSmithKline LLC,C73594,NLM,TRUE,,26,,,TRUE,FALSE,FALSE,TRUE,TRUE
00173-0561-00_PART_1_OF_1_CHAL10_SB_97194BBA.jpg,00173-0561-00,561,TRUE,FALSE,FALSE,fcn_mix_weight/dr_224/00173-0561-00_PART_1_OF_1_CHAL10_SB_97194BBA.jpg,00173-0561-00_97194BBA,31011,TRUE,10/17/2017 05:31:34 PM,2020-02-10 17:10:02,13f4a8ec-75a3-4c51-b3bc-6244f3c79e95-0173-0561-0,13f4a8ec-75a3-4c51-b3bc-6244f3c79e95,13,,C48345,OVAL,SEMI-CIRCLE,1,,GX;CE3,,C48325,WHITE,,NARATRIPTAN HYDROCHLORIDE 1 mg;,NARATRIPTAN HYDROCHLORIDE[NARATRIPTAN];,"CROSCARMELLOSE SODIUM;HYPROMELLOSE, UNSPECIFIED;LACTOSE, UNSPECIFIED FORM;MAGNESIUM STEARATE;MICROCRYSTALLINE CELLULOSE;TRIACETIN;TITANIUM DIOXIDE;",HRX,SBD,naratriptan 1 MG Oral Tablet [Amerge],213211,2020-02-10 15:59:01,0173-0561,0,,1730561,173,561,AMERGE,active,20161205,9aeb2a84-1907-478d-adc3-2982cc880625.xml,,C42931,34391-3,,,LABELER,GlaxoSmithKline LLC,C73594,NLM,TRUE,,18,,,TRUE,FALSE,FALSE,TRUE,TRUE
00173-0561-00_PART_1_OF_1_CHAL10_SF_97194BBA.jpg,00173-0561-00,561,TRUE,TRUE,FALSE,fcn_mix_weight/dr_224/00173-0561-00_PART_1_OF_1_CHAL10_SF_97194BBA.jpg,00173-0561-00_97194BBA,31011,TRUE,10/17/2017 05:31:34 PM,2020-02-10 17:10:02,13f4a8ec-75a3-4c51-b3bc-6244f3c79e95-0173-0561-0,13f4a8ec-75a3-4c51-b3bc-6244f3c79e95,13,,C48345,OVAL,SEMI-CIRCLE,1,,GX;CE3,,C48325,WHITE,,NARATRIPTAN HYDROCHLORIDE 1 mg;,NARATRIPTAN HYDROCHLORIDE[NARATRIPTAN];,"CROSCARMELLOSE SODIUM;HYPROMELLOSE, UNSPECIFIED;LACTOSE, UNSPECIFIED FORM;MAGNESIUM STEARATE;MICROCRYSTALLINE CELLULOSE;TRIACETIN;TITANIUM DIOXIDE;",HRX,SBD,naratriptan 1 MG Oral Tablet [Amerge],213211,2020-02-10 15:59:01,0173-0561,0,,1730561,173,561,AMERGE,active,20161205,9aeb2a84-1907-478d-adc3-2982cc880625.xml,,C42931,34391-3,,,LABELER,GlaxoSmithKline LLC,C73594,NLM,TRUE,,18,,,TRUE,FALSE,FALSE,TRUE,TRUE
00173-0565-04_PART_1_OF_1_CHAL10_SB_461DA30D.jpg,00173-0565-04,565,TRUE,FALSE,FALSE,fcn_mix_weight/dr_224/00173-0565-04_PART_1_OF_1_CHAL10_SB_461DA30D.jpg,00173-0565-04_461DA30D,19023,TRUE,10/17/2017 05:30:42 PM,2020-02-10 17:02:56,f8e0d8f8-cb73-4206-a484-88f5c4fbd719-0173-0565-0,f8e0d8f8-cb73-4206-a484-88f5c4fbd719,23,,C48345,OVAL,,2,,VALTREX;1;gram,,C48333,BLUE,,VALACYCLOVIR HYDROCHLORIDE 1 g;,VALACYCLOVIR HYDROCHLORIDE[ACYCLOVIR];,"CARNAUBA WAX;SILICON DIOXIDE;CROSPOVIDONE (15 MPA.S AT 5%);FD&C BLUE NO. 2;HYPROMELLOSE, UNSPECIFIED;MAGNESIUM STEARATE;MICROCRYSTALLINE CELLULOSE;POLYETHYLENE GLYCOL, UNSPECIFIED;POLYSORBATE 80;POVIDONE, UNSPECIFIED;TITANIUM DIOXIDE;",HRX,SBD,valacyclovir 1000 MG Oral Tablet [Valtrex],212448,2020-02-10 15:23:01,0173-0565,0,,1730565,173,565,VALTREX,active,20191210,3fb62f36-1199-4149-ada7-ba70b852ce4c.xml,,C42931,34391-3,,,LABELER,GlaxoSmithKline LLC,C73594,NLM,TRUE,,23,,,TRUE,FALSE,FALSE,TRUE,TRUE
00173-0565-04_PART_1_OF_1_CHAL10_SF_461DA30D.jpg,00173-0565-04,565,TRUE,TRUE,FALSE,fcn_mix_weight/dr_224/00173-0565-04_PART_1_OF_1_CHAL10_SF_461DA30D.jpg,00173-0565-04_461DA30D,19023,TRUE,10/17/2017 05:30:42 PM,2020-02-10 17:02:56,f8e0d8f8-cb73-4206-a484-88f5c4fbd719-0173-0565-0,f8e0d8f8-cb73-4206-a484-88f5c4fbd719,23,,C48345,OVAL,,2,,VALTREX;1;gram,,C48333,BLUE,,VALACYCLOVIR HYDROCHLORIDE 1 g;,VALACYCLOVIR HYDROCHLORIDE[ACYCLOVIR];,"CARNAUBA WAX;SILICON DIOXIDE;CROSPOVIDONE (15 MPA.S AT 5%);FD&C BLUE NO. 2;HYPROMELLOSE, UNSPECIFIED;MAGNESIUM STEARATE;MICROCRYSTALLINE CELLULOSE;POLYETHYLENE GLYCOL, UNSPECIFIED;POLYSORBATE 80;POVIDONE, UNSPECIFIED;TITANIUM DIOXIDE;",HRX,SBD,valacyclovir 1000 MG Oral Tablet [Valtrex],212448,2020-02-10 15:23:01,0173-0565,0,,1730565,173,565,VALTREX,active,20191210,3fb62f36-1199-4149-ada7-ba70b852ce4c.xml,,C42931,34391-3,,,LABELER,GlaxoSmithKline LLC,C73594,NLM,TRUE,,23,,,TRUE,FALSE,FALSE,TRUE,TRUE
00173-0595-00_PART_1_OF_1_CHAL10_SB_10230838.jpg,00173-0595-00,595,TRUE,FALSE,FALSE,fcn_mix_weight/dr_224/00173-0595-00_PART_1_OF_1_CHAL10_SB_10230838.jpg,00173-0595-00_10230838,33467,TRUE,10/17/2017 05:31:45 PM,10/17/2017 05:31:45 PM,6697518c-136b-49f7-c187-81501a2f3c3e-0173-0595-0,6697518c-136b-49f7-c187-81501a2f3c3e,17,,C48345,OVAL,,1,,GXFC3,,C48325,WHITE,,LAMIVUDINE 150 mg / ZIDOVUDINE 300 mg,LAMIVUDINE[LAMIVUDINE] / ZIDOVUDINE[ZIDOVUDINE],"COLLOIDAL SILICON DIOXIDE / HYPROMELLOSES / MAGNESIUM STEARATE / CELLULOSE, MICROCRYSTALLINE / POLYETHYLENE GLYCOL / POLYSORBATE 80 / SODIUM STARCH GLYCOLATE TYPE A POTATO / TITANIUM DIOXIDE",HRX,,Combivir (lamivudine 150 MG / zidovudine 300 MG) Oral Tablet,213088,,0173-0595,0,,1730595,173,595,COMBIVIR,completed,20110314,6364e408-5c24-4b17-ace0-fb9f6686654d.xml,,C42931,34391-3,,,LABELER,GlaxoSmithKline LLC,C73594,NLM,TRUE,,5,,,FALSE,TRUE,FALSE,TRUE,TRUE
00173-0595-00_PART_1_OF_1_CHAL10_SF_10230838.jpg,00173-0595-00,595,TRUE,TRUE,FALSE,fcn_mix_weight/dr_224/00173-0595-00_PART_1_OF_1_CHAL10_SF_10230838.jpg,00173-0595-00_10230838,33467,TRUE,10/17/2017 05:31:45 PM,10/17/2017 05:31:45 PM,6697518c-136b-49f7-c187-81501a2f3c3e-0173-0595-0,6697518c-136b-49f7-c187-81501a2f3c3e,17,,C48345,OVAL,,1,,GXFC3,,C48325,WHITE,,LAMIVUDINE 150 mg / ZIDOVUDINE 300 mg,LAMIVUDINE[LAMIVUDINE] / ZIDOVUDINE[ZIDOVUDINE],"COLLOIDAL SILICON DIOXIDE / HYPROMELLOSES / MAGNESIUM STEARATE / CELLULOSE, MICROCRYSTALLINE / POLYETHYLENE GLYCOL / POLYSORBATE 80 / SODIUM STARCH GLYCOLATE TYPE A POTATO / TITANIUM DIOXIDE",HRX,,Combivir (lamivudine 150 MG / zidovudine 300 MG) Oral Tablet,213088,,0173-0595,0,,1730595,173,595,COMBIVIR,completed,20110314,6364e408-5c24-4b17-ace0-fb9f6686654d.xml,,C42931,34391-3,,,LABELER,GlaxoSmithKline LLC,C73594,NLM,TRUE,,5,,,FALSE,TRUE,FALSE,TRUE,TRUE
00173-0755-00_PART_1_OF_1_CHAL10_SB_BC15DE0E.jpg,00173-0755-00,755,TRUE,FALSE,FALSE,fcn_mix_weight/dr_224/00173-0755-00_PART_1_OF_1_CHAL10_SB_BC15DE0E.jpg,00173-0755-00_BC15DE0E,12226,TRUE,10/17/2017 05:30:14 PM,2020-02-10 17:03:06,3e2c9a35-6a39-41d7-ad84-3c0bb8894b09-0173-0755-0,3e2c9a35-6a39-41d7-ad84-3c0bb8894b09,9,,C48348,ROUND,,1,,LAMICTAL;XR;50,,C48329,GREEN,WHITE,LAMOTRIGINE 50 mg;,LAMOTRIGINE[LAMOTRIGINE];,"GLYCERYL MONOSTEARATE;HYPROMELLOSE, UNSPECIFIED;LACTOSE MONOHYDRATE;MAGNESIUM STEARATE;METHACRYLIC ACID;Polyethylene glycol 400;POLYSORBATE 80;TITANIUM DIOXIDE;TRIETHYL CITRATE;SILICON DIOXIDE;FERROSOFERRIC OXIDE;FERRIC OXIDE YELLOW;",HRX,SBD,24 HR lamotrigine 50 MG Extended Release Oral Tablet [Lamictal],900169,2020-02-10 15:23:54,0173-0755,0,,1730755,173,755,LAMICTAL,active,20190925,e5b68a27-2eb6-4c34-8c71-b4a007436305.xml,,C42930,34391-3,,,LABELER,GlaxoSmithKline LLC,C73594,NLM,TRUE,,33,,,TRUE,FALSE,FALSE,TRUE,TRUE
00173-0755-00_PART_1_OF_1_CHAL10_SF_BC15DE0E.jpg,00173-0755-00,755,TRUE,TRUE,FALSE,fcn_mix_weight/dr_224/00173-0755-00_PART_1_OF_1_CHAL10_SF_BC15DE0E.jpg,00173-0755-00_BC15DE0E,12226,TRUE,10/17/2017 05:30:14 PM,2020-02-10 17:03:06,3e2c9a35-6a39-41d7-ad84-3c0bb8894b09-0173-0755-0,3e2c9a35-6a39-41d7-ad84-3c0bb8894b09,9,,C48348,ROUND,,1,,LAMICTAL;XR;50,,C48329,GREEN,WHITE,LAMOTRIGINE 50 mg;,LAMOTRIGINE[LAMOTRIGINE];,"GLYCERYL MONOSTEARATE;HYPROMELLOSE, UNSPECIFIED;LACTOSE MONOHYDRATE;MAGNESIUM STEARATE;METHACRYLIC ACID;Polyethylene glycol 400;POLYSORBATE 80;TITANIUM DIOXIDE;TRIETHYL CITRATE;SILICON DIOXIDE;FERROSOFERRIC OXIDE;FERRIC OXIDE YELLOW;",HRX,SBD,24 HR lamotrigine 50 MG Extended Release Oral Tablet [Lamictal],900169,2020-02-10 15:23:54,0173-0755,0,,1730755,173,755,LAMICTAL,active,20190925,e5b68a27-2eb6-4c34-8c71-b4a007436305.xml,,C42930,34391-3,,,LABELER,GlaxoSmithKline LLC,C73594,NLM,TRUE,,33,,,TRUE,FALSE,FALSE,TRUE,TRUE
00173-0758-60_PART_1_OF_2_CHAL10_SB_E019704B.jpg,00173-0758-60,758,TRUE,FALSE,FALSE,fcn_mix_weight/dr_224/00173-0758-60_PART_1_OF_2_CHAL10_SB_E019704B.jpg,00173-0758-60_E019704B,4925,TRUE,10/17/2017 05:29:42 PM,2020-02-10 17:10:36,3e2c9a35-6a39-41d7-ad84-3c0bb8894b09-0173-0758-2,3e2c9a35-6a39-41d7-ad84-3c0bb8894b09,9,,C48348,ROUND,,1,,LAMICTAL;XR;50,,C48329,GREEN,WHITE,LAMOTRIGINE 50 mg;,LAMOTRIGINE[LAMOTRIGINE];,"GLYCERYL MONOSTEARATE;HYPROMELLOSE, UNSPECIFIED;LACTOSE MONOHYDRATE;MAGNESIUM STEARATE;METHACRYLIC ACID;polyethylene glycol 400;POLYSORBATE 80;SILICON DIOXIDE;TITANIUM DIOXIDE;TRIETHYL CITRATE;FERROSOFERRIC OXIDE;FERRIC OXIDE YELLOW;",HRX,BPCK,{21 (24 HR lamotrigine 25 MG Extended Release Oral Tablet [Lamictal]) / 7 (24 HR lamotrigine 50 MG Extended Release Oral Tablet [Lamictal]) } Pack [Lamictal XR Blue Patient Titration Kit (for Patients Taking Valproate)],900984,2020-02-10 16:02:18,0173-0758,2,LAMICTAL,1730758,173,758,LAMICTAL,active,20190925,e5b68a27-2eb6-4c34-8c71-b4a007436305.xml,,C42930,34391-3,,,LABELER,GlaxoSmithKline LLC,C73594,NLM,TRUE,,33,,,TRUE,FALSE,FALSE,TRUE,TRUE
00173-0758-60_PART_1_OF_2_CHAL10_SB_E019704B.jpg,00173-0758-60,758,TRUE,FALSE,FALSE,fcn_mix_weight/dr_224/00173-0758-60_PART_1_OF_2_CHAL10_SB_E019704B.jpg,00173-0758-60_E019704B,24035,TRUE,10/17/2017 05:31:04 PM,2020-02-10 17:12:47,3e2c9a35-6a39-41d7-ad84-3c0bb8894b09-0173-0758-1,3e2c9a35-6a39-41d7-ad84-3c0bb8894b09,9,,C48348,ROUND,,1,,LAMICTAL;XR;25,,C48330,YELLOW,WHITE,LAMOTRIGINE 25 mg;,LAMOTRIGINE[LAMOTRIGINE];,"GLYCERYL MONOSTEARATE;HYPROMELLOSE, UNSPECIFIED;LACTOSE MONOHYDRATE;MAGNESIUM STEARATE;METHACRYLIC ACID;polyethylene glycol 400;POLYSORBATE 80;TITANIUM DIOXIDE;TRIETHYL CITRATE;SILICON DIOXIDE;FERRIC OXIDE YELLOW;",HRX,BPCK,{21 (24 HR lamotrigine 25 MG Extended Release Oral Tablet [Lamictal]) / 7 (24 HR lamotrigine 50 MG Extended Release Oral Tablet [Lamictal]) } Pack [Lamictal XR Blue Patient Titration Kit (for Patients Taking Valproate)],900984,2020-02-10 16:14:33,0173-0758,1,LAMITCAL,1730758,173,758,LAMICTAL,active,20190925,e5b68a27-2eb6-4c34-8c71-b4a007436305.xml,,C42930,34391-3,,,LABELER,GlaxoSmithKline LLC,C73594,NLM,TRUE,,33,,,TRUE,FALSE,FALSE,TRUE,TRUE
00173-0758-60_PART_1_OF_2_CHAL10_SF_E019704B.jpg,00173-0758-60,758,TRUE,TRUE,FALSE,fcn_mix_weight/dr_224/00173-0758-60_PART_1_OF_2_CHAL10_SF_E019704B.jpg,00173-0758-60_E019704B,4925,TRUE,10/17/2017 05:29:42 PM,2020-02-10 17:10:36,3e2c9a35-6a39-41d7-ad84-3c0bb8894b09-0173-0758-2,3e2c9a35-6a39-41d7-ad84-3c0bb8894b09,9,,C48348,ROUND,,1,,LAMICTAL;XR;50,,C48329,GREEN,WHITE,LAMOTRIGINE 50 mg;,LAMOTRIGINE[LAMOTRIGINE];,"GLYCERYL MONOSTEARATE;HYPROMELLOSE, UNSPECIFIED;LACTOSE MONOHYDRATE;MAGNESIUM STEARATE;METHACRYLIC ACID;polyethylene glycol 400;POLYSORBATE 80;SILICON DIOXIDE;TITANIUM DIOXIDE;TRIETHYL CITRATE;FERROSOFERRIC OXIDE;FERRIC OXIDE YELLOW;",HRX,BPCK,{21 (24 HR lamotrigine 25 MG Extended Release Oral Tablet [Lamictal]) / 7 (24 HR lamotrigine 50 MG Extended Release Oral Tablet [Lamictal]) } Pack [Lamictal XR Blue Patient Titration Kit (for Patients Taking Valproate)],900984,2020-02-10 16:02:18,0173-0758,2,LAMICTAL,1730758,173,758,LAMICTAL,active,20190925,e5b68a27-2eb6-4c34-8c71-b4a007436305.xml,,C42930,34391-3,,,LABELER,GlaxoSmithKline LLC,C73594,NLM,TRUE,,33,,,TRUE,FALSE,FALSE,TRUE,TRUE
00173-0758-60_PART_1_OF_2_CHAL10_SF_E019704B.jpg,00173-0758-60,758,TRUE,TRUE,FALSE,fcn_mix_weight/dr_224/00173-0758-60_PART_1_OF_2_CHAL10_SF_E019704B.jpg,00173-0758-60_E019704B,24035,TRUE,10/17/2017 05:31:04 PM,2020-02-10 17:12:47,3e2c9a35-6a39-41d7-ad84-3c0bb8894b09-0173-0758-1,3e2c9a35-6a39-41d7-ad84-3c0bb8894b09,9,,C48348,ROUND,,1,,LAMICTAL;XR;25,,C48330,YELLOW,WHITE,LAMOTRIGINE 25 mg;,LAMOTRIGINE[LAMOTRIGINE];,"GLYCERYL MONOSTEARATE;HYPROMELLOSE, UNSPECIFIED;LACTOSE MONOHYDRATE;MAGNESIUM STEARATE;METHACRYLIC ACID;polyethylene glycol 400;POLYSORBATE 80;TITANIUM DIOXIDE;TRIETHYL CITRATE;SILICON DIOXIDE;FERRIC OXIDE YELLOW;",HRX,BPCK,{21 (24 HR lamotrigine 25 MG Extended Release Oral Tablet [Lamictal]) / 7 (24 HR lamotrigine 50 MG Extended Release Oral Tablet [Lamictal]) } Pack [Lamictal XR Blue Patient Titration Kit (for Patients Taking Valproate)],900984,2020-02-10 16:14:33,0173-0758,1,LAMITCAL,1730758,173,758,LAMICTAL,active,20190925,e5b68a27-2eb6-4c34-8c71-b4a007436305.xml,,C42930,34391-3,,,LABELER,GlaxoSmithKline LLC,C73594,NLM,TRUE,,33,,,TRUE,FALSE,FALSE,TRUE,TRUE
00173-0759-60_PART_2_OF_3_CHAL10_SB_F219797B.jpg,00173-0759-60,759,TRUE,FALSE,FALSE,fcn_mix_weight/dr_224/00173-0759-60_PART_2_OF_3_CHAL10_SB_F219797B.jpg,00173-0759-60_F219797B,28554,TRUE,10/17/2017 05:31:23 PM,2020-02-10 17:15:41,3e2c9a35-6a39-41d7-ad84-3c0bb8894b09-0173-0759-3,3e2c9a35-6a39-41d7-ad84-3c0bb8894b09,10,,C48348,ROUND,,1,,LAMICTAL;XR;100,,C48331,ORANGE,WHITE,LAMOTRIGINE 100 mg;,LAMOTRIGINE[LAMOTRIGINE];,"GLYCERYL MONOSTEARATE;HYPROMELLOSE, UNSPECIFIED;LACTOSE MONOHYDRATE;MAGNESIUM STEARATE;METHACRYLIC ACID;polyethylene glycol 400;POLYSORBATE 80;TITANIUM DIOXIDE;TRIETHYL CITRATE;FERRIC OXIDE YELLOW;FERRIC OXIDE RED;",HRX,BPCK,"{14 (24 HR lamotrigine 100 MG Extended Release Oral Tablet [Lamictal]) / 7 (24 HR lamotrigine 200 MG Extended Release Oral Tablet [Lamictal]) / 14 (24 HR lamotrigine 50 MG Extended Release Oral Tablet [Lamictal]) } Pack [Lamictal XR Green Patient Titration Kit (for Patients Taking Carbamazepine, Phenytoin, Phenobarbital, or Primidone, and Not Taking Valproate)]",900866,2020-02-10 16:29:57,0173-0759,3,LAMICTAL,1730759,173,759,LAMICTAL,active,20190925,e5b68a27-2eb6-4c34-8c71-b4a007436305.xml,,C42930,34391-3,,,LABELER,GlaxoSmithKline LLC,C73594,NLM,TRUE,,33,,,TRUE,FALSE,FALSE,TRUE,TRUE
00173-0759-60_PART_2_OF_3_CHAL10_SB_F219797B.jpg,00173-0759-60,759,TRUE,FALSE,FALSE,fcn_mix_weight/dr_224/00173-0759-60_PART_2_OF_3_CHAL10_SB_F219797B.jpg,00173-0759-60_F219797B,21115,TRUE,10/17/2017 05:30:51 PM,2020-02-10 17:09:04,3e2c9a35-6a39-41d7-ad84-3c0bb8894b09-0173-0759-1,3e2c9a35-6a39-41d7-ad84-3c0bb8894b09,10,,C48348,ROUND,,1,,LAMICTAL;XR;200,,C48333,BLUE,WHITE,LAMOTRIGINE 200 mg;,LAMOTRIGINE[LAMOTRIGINE];,"GLYCERYL MONOSTEARATE;HYPROMELLOSE, UNSPECIFIED;LACTOSE MONOHYDRATE;MAGNESIUM STEARATE;METHACRYLIC ACID;polyethylene glycol 400;POLYSORBATE 80;TITANIUM DIOXIDE;TRIETHYL CITRATE;FD&C BLUE NO. 2;",HRX,BPCK,"{14 (24 HR lamotrigine 100 MG Extended Release Oral Tablet [Lamictal]) / 7 (24 HR lamotrigine 200 MG Extended Release Oral Tablet [Lamictal]) / 14 (24 HR lamotrigine 50 MG Extended Release Oral Tablet [Lamictal]) } Pack [Lamictal XR Green Patient Titration Kit (for Patients Taking Carbamazepine, Phenytoin, Phenobarbital, or Primidone, and Not Taking Valproate)]",900866,2020-02-10 15:53:30,0173-0759,1,LAMITCAL,1730759,173,759,LAMICTAL,active,20190925,e5b68a27-2eb6-4c34-8c71-b4a007436305.xml,,C42930,34391-3,,,LABELER,GlaxoSmithKline LLC,C73594,NLM,TRUE,,33,,,TRUE,FALSE,FALSE,TRUE,TRUE
00173-0759-60_PART_2_OF_3_CHAL10_SB_F219797B.jpg,00173-0759-60,759,TRUE,FALSE,FALSE,fcn_mix_weight/dr_224/00173-0759-60_PART_2_OF_3_CHAL10_SB_F219797B.jpg,00173-0759-60_F219797B,11486,TRUE,10/17/2017 05:30:10 PM,2020-02-10 17:16:12,3e2c9a35-6a39-41d7-ad84-3c0bb8894b09-0173-0759-2,3e2c9a35-6a39-41d7-ad84-3c0bb8894b09,9,,C48348,ROUND,,1,,LAMICTAL;XR;50,,C48329,GREEN,WHITE,LAMOTRIGINE 50 mg;,LAMOTRIGINE[LAMOTRIGINE];,"GLYCERYL MONOSTEARATE;HYPROMELLOSE, UNSPECIFIED;LACTOSE MONOHYDRATE;MAGNESIUM STEARATE;METHACRYLIC ACID;polyethylene glycol 400;POLYSORBATE 80;SILICON DIOXIDE;TITANIUM DIOXIDE;TRIETHYL CITRATE;FERROSOFERRIC OXIDE;FERRIC OXIDE YELLOW;",HRX,BPCK,"{14 (24 HR lamotrigine 100 MG Extended Release Oral Tablet [Lamictal]) / 7 (24 HR lamotrigine 200 MG Extended Release Oral Tablet [Lamictal]) / 14 (24 HR lamotrigine 50 MG Extended Release Oral Tablet [Lamictal]) } Pack [Lamictal XR Green Patient Titration Kit (for Patients Taking Carbamazepine, Phenytoin, Phenobarbital, or Primidone, and Not Taking Valproate)]",900866,2020-02-10 15:56:17,0173-0759,2,LAMICTAL,1730759,173,759,LAMICTAL,active,20190925,e5b68a27-2eb6-4c34-8c71-b4a007436305.xml,,C42930,34391-3,,,LABELER,GlaxoSmithKline LLC,C73594,NLM,TRUE,,33,,,TRUE,FALSE,FALSE,TRUE,TRUE
00173-0759-60_PART_2_OF_3_CHAL10_SF_F219797B.jpg,00173-0759-60,759,TRUE,TRUE,FALSE,fcn_mix_weight/dr_224/00173-0759-60_PART_2_OF_3_CHAL10_SF_F219797B.jpg,00173-0759-60_F219797B,28554,TRUE,10/17/2017 05:31:23 PM,2020-02-10 17:15:41,3e2c9a35-6a39-41d7-ad84-3c0bb8894b09-0173-0759-3,3e2c9a35-6a39-41d7-ad84-3c0bb8894b09,10,,C48348,ROUND,,1,,LAMICTAL;XR;100,,C48331,ORANGE,WHITE,LAMOTRIGINE 100 mg;,LAMOTRIGINE[LAMOTRIGINE];,"GLYCERYL MONOSTEARATE;HYPROMELLOSE, UNSPECIFIED;LACTOSE MONOHYDRATE;MAGNESIUM STEARATE;METHACRYLIC ACID;polyethylene glycol 400;POLYSORBATE 80;TITANIUM DIOXIDE;TRIETHYL CITRATE;FERRIC OXIDE YELLOW;FERRIC OXIDE RED;",HRX,BPCK,"{14 (24 HR lamotrigine 100 MG Extended Release Oral Tablet [Lamictal]) / 7 (24 HR lamotrigine 200 MG Extended Release Oral Tablet [Lamictal]) / 14 (24 HR lamotrigine 50 MG Extended Release Oral Tablet [Lamictal]) } Pack [Lamictal XR Green Patient Titration Kit (for Patients Taking Carbamazepine, Phenytoin, Phenobarbital, or Primidone, and Not Taking Valproate)]",900866,2020-02-10 16:29:57,0173-0759,3,LAMICTAL,1730759,173,759,LAMICTAL,active,20190925,e5b68a27-2eb6-4c34-8c71-b4a007436305.xml,,C42930,34391-3,,,LABELER,GlaxoSmithKline LLC,C73594,NLM,TRUE,,33,,,TRUE,FALSE,FALSE,TRUE,TRUE
00173-0759-60_PART_2_OF_3_CHAL10_SF_F219797B.jpg,00173-0759-60,759,TRUE,TRUE,FALSE,fcn_mix_weight/dr_224/00173-0759-60_PART_2_OF_3_CHAL10_SF_F219797B.jpg,00173-0759-60_F219797B,21115,TRUE,10/17/2017 05:30:51 PM,2020-02-10 17:09:04,3e2c9a35-6a39-41d7-ad84-3c0bb8894b09-0173-0759-1,3e2c9a35-6a39-41d7-ad84-3c0bb8894b09,10,,C48348,ROUND,,1,,LAMICTAL;XR;200,,C48333,BLUE,WHITE,LAMOTRIGINE 200 mg;,LAMOTRIGINE[LAMOTRIGINE];,"GLYCERYL MONOSTEARATE;HYPROMELLOSE, UNSPECIFIED;LACTOSE MONOHYDRATE;MAGNESIUM STEARATE;METHACRYLIC ACID;polyethylene glycol 400;POLYSORBATE 80;TITANIUM DIOXIDE;TRIETHYL CITRATE;FD&C BLUE NO. 2;",HRX,BPCK,"{14 (24 HR lamotrigine 100 MG Extended Release Oral Tablet [Lamictal]) / 7 (24 HR lamotrigine 200 MG Extended Release Oral Tablet [Lamictal]) / 14 (24 HR lamotrigine 50 MG Extended Release Oral Tablet [Lamictal]) } Pack [Lamictal XR Green Patient Titration Kit (for Patients Taking Carbamazepine, Phenytoin, Phenobarbital, or Primidone, and Not Taking Valproate)]",900866,2020-02-10 15:53:30,0173-0759,1,LAMITCAL,1730759,173,759,LAMICTAL,active,20190925,e5b68a27-2eb6-4c34-8c71-b4a007436305.xml,,C42930,34391-3,,,LABELER,GlaxoSmithKline LLC,C73594,NLM,TRUE,,33,,,TRUE,FALSE,FALSE,TRUE,TRUE
00173-0759-60_PART_2_OF_3_CHAL10_SF_F219797B.jpg,00173-0759-60,759,TRUE,TRUE,FALSE,fcn_mix_weight/dr_224/00173-0759-60_PART_2_OF_3_CHAL10_SF_F219797B.jpg,00173-0759-60_F219797B,11486,TRUE,10/17/2017 05:30:10 PM,2020-02-10 17:16:12,3e2c9a35-6a39-41d7-ad84-3c0bb8894b09-0173-0759-2,3e2c9a35-6a39-41d7-ad84-3c0bb8894b09,9,,C48348,ROUND,,1,,LAMICTAL;XR;50,,C48329,GREEN,WHITE,LAMOTRIGINE 50 mg;,LAMOTRIGINE[LAMOTRIGINE];,"GLYCERYL MONOSTEARATE;HYPROMELLOSE, UNSPECIFIED;LACTOSE MONOHYDRATE;MAGNESIUM STEARATE;METHACRYLIC ACID;polyethylene glycol 400;POLYSORBATE 80;SILICON DIOXIDE;TITANIUM DIOXIDE;TRIETHYL CITRATE;FERROSOFERRIC OXIDE;FERRIC OXIDE YELLOW;",HRX,BPCK,"{14 (24 HR lamotrigine 100 MG Extended Release Oral Tablet [Lamictal]) / 7 (24 HR lamotrigine 200 MG Extended Release Oral Tablet [Lamictal]) / 14 (24 HR lamotrigine 50 MG Extended Release Oral Tablet [Lamictal]) } Pack [Lamictal XR Green Patient Titration Kit (for Patients Taking Carbamazepine, Phenytoin, Phenobarbital, or Primidone, and Not Taking Valproate)]",900866,2020-02-10 15:56:17,0173-0759,2,LAMICTAL,1730759,173,759,LAMICTAL,active,20190925,e5b68a27-2eb6-4c34-8c71-b4a007436305.xml,,C42930,34391-3,,,LABELER,GlaxoSmithKline LLC,C73594,NLM,TRUE,,33,,,TRUE,FALSE,FALSE,TRUE,TRUE
00173-0760-60_PART_1_OF_3_CHAL10_SB_FB197DCB.jpg,00173-0760-60,760,TRUE,FALSE,FALSE,fcn_mix_weight/dr_224/00173-0760-60_PART_1_OF_3_CHAL10_SB_FB197DCB.jpg,00173-0760-60_FB197DCB,13788,TRUE,10/17/2017 05:30:20 PM,2020-02-10 17:09:04,3e2c9a35-6a39-41d7-ad84-3c0bb8894b09-0173-0760-1,3e2c9a35-6a39-41d7-ad84-3c0bb8894b09,9,,C48348,ROUND,,1,,LAMICTAL;XR;25,,C48330,YELLOW,WHITE,LAMOTRIGINE 25 mg;,LAMOTRIGINE[LAMOTRIGINE];,"GLYCERYL MONOSTEARATE;HYPROMELLOSE, UNSPECIFIED;LACTOSE MONOHYDRATE;MAGNESIUM STEARATE;METHACRYLIC ACID;polyethylene glycol 400;POLYSORBATE 80;TITANIUM DIOXIDE;TRIETHYL CITRATE;SILICON DIOXIDE;FERRIC OXIDE YELLOW;",HRX,BPCK,"{7 (24 HR lamotrigine 100 MG Extended Release Oral Tablet [Lamictal]) / 14 (24 HR lamotrigine 25 MG Extended Release Oral Tablet [Lamictal]) / 14 (24 HR lamotrigine 50 MG Extended Release Oral Tablet [Lamictal]) } Pack [Lamictal XR Orange Patient Titration Kit (for Patients Not Taking Carbamazepine, Phenytoin, Phenobarbital, Primidone, or Valproate)]",900891,2020-02-10 15:53:30,0173-0760,1,LAMITCAL,1730760,173,760,LAMICTAL,active,20190925,e5b68a27-2eb6-4c34-8c71-b4a007436305.xml,,C42930,34391-3,,,LABELER,GlaxoSmithKline LLC,C73594,NLM,TRUE,,33,,,TRUE,FALSE,FALSE,TRUE,TRUE
00173-0760-60_PART_1_OF_3_CHAL10_SB_FB197DCB.jpg,00173-0760-60,760,TRUE,FALSE,FALSE,fcn_mix_weight/dr_224/00173-0760-60_PART_1_OF_3_CHAL10_SB_FB197DCB.jpg,00173-0760-60_FB197DCB,22952,TRUE,10/17/2017 05:30:59 PM,2020-02-10 17:16:58,3e2c9a35-6a39-41d7-ad84-3c0bb8894b09-0173-0760-2,3e2c9a35-6a39-41d7-ad84-3c0bb8894b09,9,,C48348,ROUND,,1,,LAMICTAL;XR;50,,C48329,GREEN,WHITE,LAMOTRIGINE 50 mg;,LAMOTRIGINE[LAMOTRIGINE];,"GLYCERYL MONOSTEARATE;HYPROMELLOSE, UNSPECIFIED;LACTOSE MONOHYDRATE;MAGNESIUM STEARATE;METHACRYLIC ACID;polyethylene glycol 400;POLYSORBATE 80;SILICON DIOXIDE;TITANIUM DIOXIDE;TRIETHYL CITRATE;FERROSOFERRIC OXIDE;FERRIC OXIDE YELLOW;",HRX,BPCK,"{7 (24 HR lamotrigine 100 MG Extended Release Oral Tablet [Lamictal]) / 14 (24 HR lamotrigine 25 MG Extended Release Oral Tablet [Lamictal]) / 14 (24 HR lamotrigine 50 MG Extended Release Oral Tablet [Lamictal]) } Pack [Lamictal XR Orange Patient Titration Kit (for Patients Not Taking Carbamazepine, Phenytoin, Phenobarbital, Primidone, or Valproate)]",900891,2020-02-10 16:18:42,0173-0760,2,LAMICTAL,1730760,173,760,LAMICTAL,active,20190925,e5b68a27-2eb6-4c34-8c71-b4a007436305.xml,,C42930,34391-3,,,LABELER,GlaxoSmithKline LLC,C73594,NLM,TRUE,,33,,,TRUE,FALSE,FALSE,TRUE,TRUE
00173-0760-60_PART_1_OF_3_CHAL10_SB_FB197DCB.jpg,00173-0760-60,760,TRUE,FALSE,FALSE,fcn_mix_weight/dr_224/00173-0760-60_PART_1_OF_3_CHAL10_SB_FB197DCB.jpg,00173-0760-60_FB197DCB,34495,TRUE,10/17/2017 05:31:50 PM,2020-02-10 17:00:19,3e2c9a35-6a39-41d7-ad84-3c0bb8894b09-0173-0760-3,3e2c9a35-6a39-41d7-ad84-3c0bb8894b09,10,,C48348,ROUND,,1,,LAMICTAL;XR;100,,C48331,ORANGE,WHITE,LAMOTRIGINE 100 mg;,LAMOTRIGINE[LAMOTRIGINE];,"GLYCERYL MONOSTEARATE;HYPROMELLOSE, UNSPECIFIED;LACTOSE MONOHYDRATE;MAGNESIUM STEARATE;METHACRYLIC ACID;polyethylene glycol 400;POLYSORBATE 80;TITANIUM DIOXIDE;TRIETHYL CITRATE;FERRIC OXIDE YELLOW;FERRIC OXIDE RED;",HRX,BPCK,"{7 (24 HR lamotrigine 100 MG Extended Release Oral Tablet [Lamictal]) / 14 (24 HR lamotrigine 25 MG Extended Release Oral Tablet [Lamictal]) / 14 (24 HR lamotrigine 50 MG Extended Release Oral Tablet [Lamictal]) } Pack [Lamictal XR Orange Patient Titration Kit (for Patients Not Taking Carbamazepine, Phenytoin, Phenobarbital, Primidone, or Valproate)]",900891,2020-02-10 15:10:51,0173-0760,3,LAMICTAL,1730760,173,760,LAMICTAL,active,20190925,e5b68a27-2eb6-4c34-8c71-b4a007436305.xml,,C42930,34391-3,,,LABELER,GlaxoSmithKline LLC,C73594,NLM,TRUE,,33,,,TRUE,FALSE,FALSE,TRUE,TRUE
00173-0760-60_PART_1_OF_3_CHAL10_SF_FB197DCB.jpg,00173-0760-60,760,TRUE,TRUE,FALSE,fcn_mix_weight/dr_224/00173-0760-60_PART_1_OF_3_CHAL10_SF_FB197DCB.jpg,00173-0760-60_FB197DCB,13788,TRUE,10/17/2017 05:30:20 PM,2020-02-10 17:09:04,3e2c9a35-6a39-41d7-ad84-3c0bb8894b09-0173-0760-1,3e2c9a35-6a39-41d7-ad84-3c0bb8894b09,9,,C48348,ROUND,,1,,LAMICTAL;XR;25,,C48330,YELLOW,WHITE,LAMOTRIGINE 25 mg;,LAMOTRIGINE[LAMOTRIGINE];,"GLYCERYL MONOSTEARATE;HYPROMELLOSE, UNSPECIFIED;LACTOSE MONOHYDRATE;MAGNESIUM STEARATE;METHACRYLIC ACID;polyethylene glycol 400;POLYSORBATE 80;TITANIUM DIOXIDE;TRIETHYL CITRATE;SILICON DIOXIDE;FERRIC OXIDE YELLOW;",HRX,BPCK,"{7 (24 HR lamotrigine 100 MG Extended Release Oral Tablet [Lamictal]) / 14 (24 HR lamotrigine 25 MG Extended Release Oral Tablet [Lamictal]) / 14 (24 HR lamotrigine 50 MG Extended Release Oral Tablet [Lamictal]) } Pack [Lamictal XR Orange Patient Titration Kit (for Patients Not Taking Carbamazepine, Phenytoin, Phenobarbital, Primidone, or Valproate)]",900891,2020-02-10 15:53:30,0173-0760,1,LAMITCAL,1730760,173,760,LAMICTAL,active,20190925,e5b68a27-2eb6-4c34-8c71-b4a007436305.xml,,C42930,34391-3,,,LABELER,GlaxoSmithKline LLC,C73594,NLM,TRUE,,33,,,TRUE,FALSE,FALSE,TRUE,TRUE
00173-0760-60_PART_1_OF_3_CHAL10_SF_FB197DCB.jpg,00173-0760-60,760,TRUE,TRUE,FALSE,fcn_mix_weight/dr_224/00173-0760-60_PART_1_OF_3_CHAL10_SF_FB197DCB.jpg,00173-0760-60_FB197DCB,22952,TRUE,10/17/2017 05:30:59 PM,2020-02-10 17:16:58,3e2c9a35-6a39-41d7-ad84-3c0bb8894b09-0173-0760-2,3e2c9a35-6a39-41d7-ad84-3c0bb8894b09,9,,C48348,ROUND,,1,,LAMICTAL;XR;50,,C48329,GREEN,WHITE,LAMOTRIGINE 50 mg;,LAMOTRIGINE[LAMOTRIGINE];,"GLYCERYL MONOSTEARATE;HYPROMELLOSE, UNSPECIFIED;LACTOSE MONOHYDRATE;MAGNESIUM STEARATE;METHACRYLIC ACID;polyethylene glycol 400;POLYSORBATE 80;SILICON DIOXIDE;TITANIUM DIOXIDE;TRIETHYL CITRATE;FERROSOFERRIC OXIDE;FERRIC OXIDE YELLOW;",HRX,BPCK,"{7 (24 HR lamotrigine 100 MG Extended Release Oral Tablet [Lamictal]) / 14 (24 HR lamotrigine 25 MG Extended Release Oral Tablet [Lamictal]) / 14 (24 HR lamotrigine 50 MG Extended Release Oral Tablet [Lamictal]) } Pack [Lamictal XR Orange Patient Titration Kit (for Patients Not Taking Carbamazepine, Phenytoin, Phenobarbital, Primidone, or Valproate)]",900891,2020-02-10 16:18:42,0173-0760,2,LAMICTAL,1730760,173,760,LAMICTAL,active,20190925,e5b68a27-2eb6-4c34-8c71-b4a007436305.xml,,C42930,34391-3,,,LABELER,GlaxoSmithKline LLC,C73594,NLM,TRUE,,33,,,TRUE,FALSE,FALSE,TRUE,TRUE
00173-0760-60_PART_1_OF_3_CHAL10_SF_FB197DCB.jpg,00173-0760-60,760,TRUE,TRUE,FALSE,fcn_mix_weight/dr_224/00173-0760-60_PART_1_OF_3_CHAL10_SF_FB197DCB.jpg,00173-0760-60_FB197DCB,34495,TRUE,10/17/2017 05:31:50 PM,2020-02-10 17:00:19,3e2c9a35-6a39-41d7-ad84-3c0bb8894b09-0173-0760-3,3e2c9a35-6a39-41d7-ad84-3c0bb8894b09,10,,C48348,ROUND,,1,,LAMICTAL;XR;100,,C48331,ORANGE,WHITE,LAMOTRIGINE 100 mg;,LAMOTRIGINE[LAMOTRIGINE];,"GLYCERYL MONOSTEARATE;HYPROMELLOSE, UNSPECIFIED;LACTOSE MONOHYDRATE;MAGNESIUM STEARATE;METHACRYLIC ACID;polyethylene glycol 400;POLYSORBATE 80;TITANIUM DIOXIDE;TRIETHYL CITRATE;FERRIC OXIDE YELLOW;FERRIC OXIDE RED;",HRX,BPCK,"{7 (24 HR lamotrigine 100 MG Extended Release Oral Tablet [Lamictal]) / 14 (24 HR lamotrigine 25 MG Extended Release Oral Tablet [Lamictal]) / 14 (24 HR lamotrigine 50 MG Extended Release Oral Tablet [Lamictal]) } Pack [Lamictal XR Orange Patient Titration Kit (for Patients Not Taking Carbamazepine, Phenytoin, Phenobarbital, Primidone, or Valproate)]",900891,2020-02-10 15:10:51,0173-0760,3,LAMICTAL,1730760,173,760,LAMICTAL,active,20190925,e5b68a27-2eb6-4c34-8c71-b4a007436305.xml,,C42930,34391-3,,,LABELER,GlaxoSmithKline LLC,C73594,NLM,TRUE,,33,,,TRUE,FALSE,FALSE,TRUE,TRUE
00173-0933-08_PART_1_OF_1_CHAL10_SB_2E1D970C.jpg,00173-0933-08,933,TRUE,FALSE,FALSE,fcn_mix_weight/dr_224/00173-0933-08_PART_1_OF_1_CHAL10_SB_2E1D970C.jpg,00173-0933-08_2E1D970C,15248,TRUE,10/17/2017 05:30:26 PM,2020-02-10 17:15:20,f8e0d8f8-cb73-4206-a484-88f5c4fbd719-0173-0933-0,f8e0d8f8-cb73-4206-a484-88f5c4fbd719,18,,C48345,OVAL,,1,,VALTREX;500;mg,,C48333,BLUE,,VALACYCLOVIR HYDROCHLORIDE 500 mg;,VALACYCLOVIR HYDROCHLORIDE[ACYCLOVIR];,"CARNAUBA WAX;SILICON DIOXIDE;CROSPOVIDONE (15 MPA.S AT 5%);FD&C BLUE NO. 2;HYPROMELLOSE, UNSPECIFIED;MAGNESIUM STEARATE;MICROCRYSTALLINE CELLULOSE;POLYETHYLENE GLYCOL, UNSPECIFIED;POLYSORBATE 80;POVIDONE, UNSPECIFIED;TITANIUM DIOXIDE;",HRX,SBD,valacyclovir 500 MG Oral Tablet [Valtrex],108780,2020-02-10 16:28:01,0173-0933,0,,1730933,173,933,VALTREX,active,20191210,3fb62f36-1199-4149-ada7-ba70b852ce4c.xml,,C42931,34391-3,,,LABELER,GlaxoSmithKline LLC,C73594,NLM,TRUE,,23,,,TRUE,FALSE,FALSE,TRUE,TRUE
00173-0933-08_PART_1_OF_1_CHAL10_SF_2E1D970C.jpg,00173-0933-08,933,TRUE,TRUE,FALSE,fcn_mix_weight/dr_224/00173-0933-08_PART_1_OF_1_CHAL10_SF_2E1D970C.jpg,00173-0933-08_2E1D970C,15248,TRUE,10/17/2017 05:30:26 PM,2020-02-10 17:15:20,f8e0d8f8-cb73-4206-a484-88f5c4fbd719-0173-0933-0,f8e0d8f8-cb73-4206-a484-88f5c4fbd719,18,,C48345,OVAL,,1,,VALTREX;500;mg,,C48333,BLUE,,VALACYCLOVIR HYDROCHLORIDE 500 mg;,VALACYCLOVIR HYDROCHLORIDE[ACYCLOVIR];,"CARNAUBA WAX;SILICON DIOXIDE;CROSPOVIDONE (15 MPA.S AT 5%);FD&C BLUE NO. 2;HYPROMELLOSE, UNSPECIFIED;MAGNESIUM STEARATE;MICROCRYSTALLINE CELLULOSE;POLYETHYLENE GLYCOL, UNSPECIFIED;POLYSORBATE 80;POVIDONE, UNSPECIFIED;TITANIUM DIOXIDE;",HRX,SBD,valacyclovir 500 MG Oral Tablet [Valtrex],108780,2020-02-10 16:28:01,0173-0933,0,,1730933,173,933,VALTREX,active,20191210,3fb62f36-1199-4149-ada7-ba70b852ce4c.xml,,C42931,34391-3,,,LABELER,GlaxoSmithKline LLC,C73594,NLM,TRUE,,23,,,TRUE,FALSE,FALSE,TRUE,TRUE
00178-0615-01_PART_1_OF_1_CHAL10_SB_581DAC0D.jpg,00178-0615-01,615,TRUE,FALSE,FALSE,fcn_mix_weight/dr_224/00178-0615-01_PART_1_OF_1_CHAL10_SB_581DAC0D.jpg,00178-0615-01_581DAC0D,33587,TRUE,10/17/2017 05:31:45 PM,2020-02-10 17:07:10,72cdea1b-2240-41db-987d-86d5c6aaa978-0178-0615-0,72cdea1b-2240-41db-987d-86d5c6aaa978,20,,C48347,RECTANGLE,OVAL,1,,M15,,C48330,YELLOW,,POTASSIUM CITRATE 15 meq;,POTASSIUM CITRATE[ANHYDROUS CITRIC ACID];,CARNAUBA WAX;MAGNESIUM STEARATE;,HRX,SBD,potassium citrate 15 MEQ Extended Release Oral Tablet [Urocit-K],898517,2020-02-10 15:43:01,0178-0615,0,,1780615,178,615,UROCIT-K,active,20181022,78d3539f-c333-932e-e053-2a91aa0aafba.xml,,C42927,34391-3,,,LABELER,Mission Pharmacal Company,C73594,NLM,TRUE,,6,,,TRUE,FALSE,FALSE,TRUE,TRUE
00178-0615-01_PART_1_OF_1_CHAL10_SF_581DAC0D.jpg,00178-0615-01,615,TRUE,TRUE,FALSE,fcn_mix_weight/dr_224/00178-0615-01_PART_1_OF_1_CHAL10_SF_581DAC0D.jpg,00178-0615-01_581DAC0D,33587,TRUE,10/17/2017 05:31:45 PM,2020-02-10 17:07:10,72cdea1b-2240-41db-987d-86d5c6aaa978-0178-0615-0,72cdea1b-2240-41db-987d-86d5c6aaa978,20,,C48347,RECTANGLE,OVAL,1,,M15,,C48330,YELLOW,,POTASSIUM CITRATE 15 meq;,POTASSIUM CITRATE[ANHYDROUS CITRIC ACID];,CARNAUBA WAX;MAGNESIUM STEARATE;,HRX,SBD,potassium citrate 15 MEQ Extended Release Oral Tablet [Urocit-K],898517,2020-02-10 15:43:01,0178-0615,0,,1780615,178,615,UROCIT-K,active,20181022,78d3539f-c333-932e-e053-2a91aa0aafba.xml,,C42927,34391-3,,,LABELER,Mission Pharmacal Company,C73594,NLM,TRUE,,6,,,TRUE,FALSE,FALSE,TRUE,TRUE
00185-0048-01_PART_1_OF_1_CHAL10_SB_94234A0A.jpg,00185-0048-01,48,TRUE,FALSE,FALSE,fcn_mix_weight/dr_224/00185-0048-01_PART_1_OF_1_CHAL10_SB_94234A0A.jpg,00185-0048-01_94234A0A,3897,TRUE,10/17/2017 05:29:37 PM,2020-02-10 17:06:40,11b3ea2b-02dd-40dc-b073-f8f25bf1a2d2-0185-0048-0,11b3ea2b-02dd-40dc-b073-f8f25bf1a2d2,8,,C48348,ROUND,,1,,E;48,,C48326,RED,,BENAZEPRIL HYDROCHLORIDE 40 mg;,BENAZEPRIL HYDROCHLORIDE[BENAZEPRILAT];,"SILICON DIOXIDE;CROSPOVIDONE (15 MPA.S AT 5%);FD&C RED NO. 40;HYDROGENATED CASTOR OIL;HYPROMELLOSE, UNSPECIFIED;LACTOSE MONOHYDRATE;MICROCRYSTALLINE CELLULOSE;POLYETHYLENE GLYCOL 400;POLYSORBATE 80;STARCH, CORN;TITANIUM DIOXIDE;ZINC STEARATE;",HRX,SCD,benazepril hydrochloride 40 MG Oral Tablet,898719,2020-02-10 15:40:36,0185-0048,0,,1850048,185,48,Benazepril Hydrochloride,completed,20190124,0d6a5892-753f-4b12-bb9a-a2a99937b6e3.xml,,C42931,34391-3,,,LABELER,"Eon Labs, Inc.",C73584,NLM,TRUE,,16,,,TRUE,FALSE,FALSE,TRUE,TRUE
00185-0048-01_PART_1_OF_1_CHAL10_SF_94234A0A.jpg,00185-0048-01,48,TRUE,TRUE,FALSE,fcn_mix_weight/dr_224/00185-0048-01_PART_1_OF_1_CHAL10_SF_94234A0A.jpg,00185-0048-01_94234A0A,3897,TRUE,10/17/2017 05:29:37 PM,2020-02-10 17:06:40,11b3ea2b-02dd-40dc-b073-f8f25bf1a2d2-0185-0048-0,11b3ea2b-02dd-40dc-b073-f8f25bf1a2d2,8,,C48348,ROUND,,1,,E;48,,C48326,RED,,BENAZEPRIL HYDROCHLORIDE 40 mg;,BENAZEPRIL HYDROCHLORIDE[BENAZEPRILAT];,"SILICON DIOXIDE;CROSPOVIDONE (15 MPA.S AT 5%);FD&C RED NO. 40;HYDROGENATED CASTOR OIL;HYPROMELLOSE, UNSPECIFIED;LACTOSE MONOHYDRATE;MICROCRYSTALLINE CELLULOSE;POLYETHYLENE GLYCOL 400;POLYSORBATE 80;STARCH, CORN;TITANIUM DIOXIDE;ZINC STEARATE;",HRX,SCD,benazepril hydrochloride 40 MG Oral Tablet,898719,2020-02-10 15:40:36,0185-0048,0,,1850048,185,48,Benazepril Hydrochloride,completed,20190124,0d6a5892-753f-4b12-bb9a-a2a99937b6e3.xml,,C42931,34391-3,,,LABELER,"Eon Labs, Inc.",C73584,NLM,TRUE,,16,,,TRUE,FALSE,FALSE,TRUE,TRUE
00185-0053-01_PART_1_OF_1_CHAL10_SB_9D234E8A.jpg,00185-0053-01,53,TRUE,FALSE,FALSE,fcn_mix_weight/dr_224/00185-0053-01_PART_1_OF_1_CHAL10_SB_9D234E8A.jpg,00185-0053-01_9D234E8A,26702,TRUE,10/17/2017 05:31:15 PM,2020-02-10 17:06:40,11b3ea2b-02dd-40dc-b073-f8f25bf1a2d2-0185-0053-0,11b3ea2b-02dd-40dc-b073-f8f25bf1a2d2,8,,C48348,ROUND,,1,,E;53,,C48331,ORANGE,,BENAZEPRIL HYDROCHLORIDE 10 mg;,BENAZEPRIL HYDROCHLORIDE[BENAZEPRILAT];,"SILICON DIOXIDE;CROSPOVIDONE (15 MPA.S AT 5%);D&C YELLOW NO. 10;FD&C YELLOW NO. 6;HYDROGENATED CASTOR OIL;HYPROMELLOSE, UNSPECIFIED;LACTOSE MONOHYDRATE;MICROCRYSTALLINE CELLULOSE;POLYETHYLENE GLYCOL 400;POLYSORBATE 80;STARCH, CORN;TITANIUM DIOXIDE;ZINC STEARATE;",HRX,SCD,benazepril hydrochloride 10 MG Oral Tablet,898687,2020-02-10 15:40:36,0185-0053,0,,1850053,185,53,Benazepril Hydrochloride,completed,20190124,0d6a5892-753f-4b12-bb9a-a2a99937b6e3.xml,,C42931,34391-3,,,LABELER,"Eon Labs, Inc.",C73584,NLM,TRUE,,16,,,TRUE,FALSE,FALSE,TRUE,TRUE
00185-0053-01_PART_1_OF_1_CHAL10_SF_9D234E8A.jpg,00185-0053-01,53,TRUE,TRUE,FALSE,fcn_mix_weight/dr_224/00185-0053-01_PART_1_OF_1_CHAL10_SF_9D234E8A.jpg,00185-0053-01_9D234E8A,26702,TRUE,10/17/2017 05:31:15 PM,2020-02-10 17:06:40,11b3ea2b-02dd-40dc-b073-f8f25bf1a2d2-0185-0053-0,11b3ea2b-02dd-40dc-b073-f8f25bf1a2d2,8,,C48348,ROUND,,1,,E;53,,C48331,ORANGE,,BENAZEPRIL HYDROCHLORIDE 10 mg;,BENAZEPRIL HYDROCHLORIDE[BENAZEPRILAT];,"SILICON DIOXIDE;CROSPOVIDONE (15 MPA.S AT 5%);D&C YELLOW NO. 10;FD&C YELLOW NO. 6;HYDROGENATED CASTOR OIL;HYPROMELLOSE, UNSPECIFIED;LACTOSE MONOHYDRATE;MICROCRYSTALLINE CELLULOSE;POLYETHYLENE GLYCOL 400;POLYSORBATE 80;STARCH, CORN;TITANIUM DIOXIDE;ZINC STEARATE;",HRX,SCD,benazepril hydrochloride 10 MG Oral Tablet,898687,2020-02-10 15:40:36,0185-0053,0,,1850053,185,53,Benazepril Hydrochloride,completed,20190124,0d6a5892-753f-4b12-bb9a-a2a99937b6e3.xml,,C42931,34391-3,,,LABELER,"Eon Labs, Inc.",C73584,NLM,TRUE,,16,,,TRUE,FALSE,FALSE,TRUE,TRUE
00185-0117-01_PART_1_OF_1_CHAL10_SB_D520EAA7.jpg,00185-0117-01,117,TRUE,FALSE,FALSE,fcn_mix_weight/dr_224/00185-0117-01_PART_1_OF_1_CHAL10_SB_D520EAA7.jpg,00185-0117-01_D520EAA7,29890,TRUE,10/17/2017 05:31:29 PM,2020-02-10 17:10:31,1111acdb-1f6a-4b5e-955b-a50efe998914-0185-0117-0,1111acdb-1f6a-4b5e-955b-a50efe998914,10,,C48348,ROUND,,2,,E117,,C48325,WHITE,,LABETALOL HYDROCHLORIDE 200 mg;,LABETALOL HYDROCHLORIDE[LABETALOL];,"STARCH, CORN;HYPROMELLOSE, UNSPECIFIED;LACTOSE MONOHYDRATE;MAGNESIUM STEARATE;POLYETHYLENE GLYCOL, UNSPECIFIED;POLYSORBATE 80;SODIUM STARCH GLYCOLATE TYPE A POTATO;TITANIUM DIOXIDE;",HRX,SCD,labetalol hydrochloride 200 MG Oral Tablet,896762,2020-02-10 16:01:56,0185-0117,0,,1850117,185,117,Labetalol HCl,active,20181012,303007af-9fb1-447a-98a8-5f22b99f0249.xml,,C42931,34391-3,,,LABELER,"Eon Labs, Inc.",C73584,NLM,TRUE,,19,,,TRUE,FALSE,FALSE,TRUE,TRUE
00185-0117-01_PART_1_OF_1_CHAL10_SF_D520EAA7.jpg,00185-0117-01,117,TRUE,TRUE,FALSE,fcn_mix_weight/dr_224/00185-0117-01_PART_1_OF_1_CHAL10_SF_D520EAA7.jpg,00185-0117-01_D520EAA7,29890,TRUE,10/17/2017 05:31:29 PM,2020-02-10 17:10:31,1111acdb-1f6a-4b5e-955b-a50efe998914-0185-0117-0,1111acdb-1f6a-4b5e-955b-a50efe998914,10,,C48348,ROUND,,2,,E117,,C48325,WHITE,,LABETALOL HYDROCHLORIDE 200 mg;,LABETALOL HYDROCHLORIDE[LABETALOL];,"STARCH, CORN;HYPROMELLOSE, UNSPECIFIED;LACTOSE MONOHYDRATE;MAGNESIUM STEARATE;POLYETHYLENE GLYCOL, UNSPECIFIED;POLYSORBATE 80;SODIUM STARCH GLYCOLATE TYPE A POTATO;TITANIUM DIOXIDE;",HRX,SCD,labetalol hydrochloride 200 MG Oral Tablet,896762,2020-02-10 16:01:56,0185-0117,0,,1850117,185,117,Labetalol HCl,active,20181012,303007af-9fb1-447a-98a8-5f22b99f0249.xml,,C42931,34391-3,,,LABELER,"Eon Labs, Inc.",C73584,NLM,TRUE,,19,,,TRUE,FALSE,FALSE,TRUE,TRUE
00185-0124-01_PART_1_OF_1_CHAL10_SB_AA23551A.jpg,00185-0124-01,124,TRUE,FALSE,FALSE,fcn_mix_weight/dr_224/00185-0124-01_PART_1_OF_1_CHAL10_SB_AA23551A.jpg,00185-0124-01_AA23551A,20833,TRUE,10/17/2017 05:30:50 PM,2020-02-10 17:12:33,c9bdfbb4-87b6-4de4-bc1d-5025d3ef591f-0185-0124-0,c9bdfbb4-87b6-4de4-bc1d-5025d3ef591f,13,,C48345,OVAL,,2,,E124,,C48325,WHITE,,BENAZEPRIL HYDROCHLORIDE 5 mg;HYDROCHLOROTHIAZIDE 6.25 mg;,BENAZEPRIL HYDROCHLORIDE[BENAZEPRILAT];HYDROCHLOROTHIAZIDE[HYDROCHLOROTHIAZIDE];,"SILICON DIOXIDE;CROSPOVIDONE;HYDROGENATED CASTOR OIL;LACTOSE MONOHYDRATE;POLOXAMER 188;POLYETHYLENE GLYCOLS;HYPROMELLOSES;POLYSORBATE 80;STARCH, CORN;TITANIUM DIOXIDE;ZINC STEARATE;",HRX,,,,2020-02-10 16:13:06,0185-0124,0,,1850124,185,124,Benazepril Hydrochloride and Hydrochlorothiazide,completed,20181107,726aa539-9113-4e70-b05d-6775f2192795.xml,,C42931,34391-3,,,LABELER,"Eon Labs, Inc.",C73584,NLM,TRUE,,26,,,TRUE,FALSE,FALSE,TRUE,TRUE
00185-0124-01_PART_1_OF_1_CHAL10_SF_AA23551A.jpg,00185-0124-01,124,TRUE,TRUE,FALSE,fcn_mix_weight/dr_224/00185-0124-01_PART_1_OF_1_CHAL10_SF_AA23551A.jpg,00185-0124-01_AA23551A,20833,TRUE,10/17/2017 05:30:50 PM,2020-02-10 17:12:33,c9bdfbb4-87b6-4de4-bc1d-5025d3ef591f-0185-0124-0,c9bdfbb4-87b6-4de4-bc1d-5025d3ef591f,13,,C48345,OVAL,,2,,E124,,C48325,WHITE,,BENAZEPRIL HYDROCHLORIDE 5 mg;HYDROCHLOROTHIAZIDE 6.25 mg;,BENAZEPRIL HYDROCHLORIDE[BENAZEPRILAT];HYDROCHLOROTHIAZIDE[HYDROCHLOROTHIAZIDE];,"SILICON DIOXIDE;CROSPOVIDONE;HYDROGENATED CASTOR OIL;LACTOSE MONOHYDRATE;POLOXAMER 188;POLYETHYLENE GLYCOLS;HYPROMELLOSES;POLYSORBATE 80;STARCH, CORN;TITANIUM DIOXIDE;ZINC STEARATE;",HRX,,,,2020-02-10 16:13:06,0185-0124,0,,1850124,185,124,Benazepril Hydrochloride and Hydrochlorothiazide,completed,20181107,726aa539-9113-4e70-b05d-6775f2192795.xml,,C42931,34391-3,,,LABELER,"Eon Labs, Inc.",C73584,NLM,TRUE,,26,,,TRUE,FALSE,FALSE,TRUE,TRUE
00185-0149-01_PART_1_OF_1_CHAL10_SB_7608BB65.jpg,00185-0149-01,149,TRUE,FALSE,FALSE,fcn_mix_weight/dr_224/00185-0149-01_PART_1_OF_1_CHAL10_SB_7608BB65.jpg,00185-0149-01_7608BB65,2901,TRUE,10/17/2017 05:29:33 PM,2020-02-10 17:11:00,937e679e-1e86-48de-a69f-83ed7a98e76e-0185-0149-0,937e679e-1e86-48de-a69f-83ed7a98e76e,7,,C48348,ROUND,,2,,E;149,,C48324;C48333,GRAY;BLUE,,MIDODRINE HYDROCHLORIDE 10 mg;,MIDODRINE HYDROCHLORIDE[MIDODRINE];,"MICROCRYSTALLINE CELLULOSE;FD&C BLUE NO. 2;MAGNESIUM STEARATE;SILICON DIOXIDE;STARCH, CORN;",HRX,SCD,midodrine hydrochloride 10 MG Oral Tablet,993462,2020-02-10 15:18:46,0185-0149,0,,1850149,185,149,Midodrine HCl,completed,20190227,b82311c6-0dfa-4d39-9db1-33e03163a2b5.xml,,C42998,34391-3,,,LABELER,"Eon Labs, Inc.",C73584,NLM,TRUE,,21,,,TRUE,FALSE,FALSE,TRUE,TRUE
00185-0149-01_PART_1_OF_1_CHAL10_SF_7608BB65.jpg,00185-0149-01,149,TRUE,TRUE,FALSE,fcn_mix_weight/dr_224/00185-0149-01_PART_1_OF_1_CHAL10_SF_7608BB65.jpg,00185-0149-01_7608BB65,2901,TRUE,10/17/2017 05:29:33 PM,2020-02-10 17:11:00,937e679e-1e86-48de-a69f-83ed7a98e76e-0185-0149-0,937e679e-1e86-48de-a69f-83ed7a98e76e,7,,C48348,ROUND,,2,,E;149,,C48324;C48333,GRAY;BLUE,,MIDODRINE HYDROCHLORIDE 10 mg;,MIDODRINE HYDROCHLORIDE[MIDODRINE];,"MICROCRYSTALLINE CELLULOSE;FD&C BLUE NO. 2;MAGNESIUM STEARATE;SILICON DIOXIDE;STARCH, CORN;",HRX,SCD,midodrine hydrochloride 10 MG Oral Tablet,993462,2020-02-10 15:18:46,0185-0149,0,,1850149,185,149,Midodrine HCl,completed,20190227,b82311c6-0dfa-4d39-9db1-33e03163a2b5.xml,,C42998,34391-3,,,LABELER,"Eon Labs, Inc.",C73584,NLM,TRUE,,21,,,TRUE,FALSE,FALSE,TRUE,TRUE
00185-0505-01_PART_1_OF_1_CHAL10_SB_A623530A.jpg,00185-0505-01,505,TRUE,FALSE,FALSE,fcn_mix_weight/dr_224/00185-0505-01_PART_1_OF_1_CHAL10_SB_A623530A.jpg,00185-0505-01_A623530A,20743,TRUE,10/17/2017 05:30:50 PM,2020-02-10 17:15:14,11b3ea2b-02dd-40dc-b073-f8f25bf1a2d2-0185-0505-0,11b3ea2b-02dd-40dc-b073-f8f25bf1a2d2,8,,C48348,ROUND,,1,,E;5,,C48330,YELLOW,,BENAZEPRIL HYDROCHLORIDE 5 mg;,BENAZEPRIL HYDROCHLORIDE[BENAZEPRILAT];,"SILICON DIOXIDE;CROSPOVIDONE (15 MPA.S AT 5%);D&C YELLOW NO. 10;FD&C YELLOW NO. 6;HYDROGENATED CASTOR OIL;HYPROMELLOSE, UNSPECIFIED;LACTOSE MONOHYDRATE;MICROCRYSTALLINE CELLULOSE;POLYETHYLENE GLYCOL 400;POLYSORBATE 80;STARCH, CORN;TITANIUM DIOXIDE;ZINC STEARATE;",HRX,SCD,benazepril hydrochloride 5 MG Oral Tablet,898723,2020-02-10 16:27:33,0185-0505,0,,1850505,185,505,Benazepril Hydrochloride,completed,20190124,0d6a5892-753f-4b12-bb9a-a2a99937b6e3.xml,,C42931,34391-3,,,LABELER,"Eon Labs, Inc.",C73584,NLM,TRUE,,16,,,TRUE,FALSE,FALSE,TRUE,TRUE
00185-0505-01_PART_1_OF_1_CHAL10_SF_A623530A.jpg,00185-0505-01,505,TRUE,TRUE,FALSE,fcn_mix_weight/dr_224/00185-0505-01_PART_1_OF_1_CHAL10_SF_A623530A.jpg,00185-0505-01_A623530A,20743,TRUE,10/17/2017 05:30:50 PM,2020-02-10 17:15:14,11b3ea2b-02dd-40dc-b073-f8f25bf1a2d2-0185-0505-0,11b3ea2b-02dd-40dc-b073-f8f25bf1a2d2,8,,C48348,ROUND,,1,,E;5,,C48330,YELLOW,,BENAZEPRIL HYDROCHLORIDE 5 mg;,BENAZEPRIL HYDROCHLORIDE[BENAZEPRILAT];,"SILICON DIOXIDE;CROSPOVIDONE (15 MPA.S AT 5%);D&C YELLOW NO. 10;FD&C YELLOW NO. 6;HYDROGENATED CASTOR OIL;HYPROMELLOSE, UNSPECIFIED;LACTOSE MONOHYDRATE;MICROCRYSTALLINE CELLULOSE;POLYETHYLENE GLYCOL 400;POLYSORBATE 80;STARCH, CORN;TITANIUM DIOXIDE;ZINC STEARATE;",HRX,SCD,benazepril hydrochloride 5 MG Oral Tablet,898723,2020-02-10 16:27:33,0185-0505,0,,1850505,185,505,Benazepril Hydrochloride,completed,20190124,0d6a5892-753f-4b12-bb9a-a2a99937b6e3.xml,,C42931,34391-3,,,LABELER,"Eon Labs, Inc.",C73584,NLM,TRUE,,16,,,TRUE,FALSE,FALSE,TRUE,TRUE
00186-0520-60_PART_1_OF_1_CHAL10_SB_C41DE20F.jpg,00186-0520-60,520,TRUE,FALSE,FALSE,fcn_mix_weight/dr_224/00186-0520-60_PART_1_OF_1_CHAL10_SB_C41DE20F.jpg,00186-0520-60_C41DE20F,28752,TRUE,10/17/2017 05:31:24 PM,10/17/2017 05:31:24 PM,4d5e0add-dc33-4445-0ea0-ca07cd619ee9-0186-0520-0,4d5e0add-dc33-4445-0ea0-ca07cd619ee9,18,,C48345,OVAL,,1,,500;20,,C48330,YELLOW,,NAPROXEN 500 mg;ESOMEPRAZOLE MAGNESIUM 20 mg;,NAPROXEN[NAPROXEN];ESOMEPRAZOLE MAGNESIUM[ESOMEPRAZOLE];,CARNAUBA WAX;SILICON DIOXIDE;CROSCARMELLOSE SODIUM;FERRIC OXIDE YELLOW;GLYCERYL MONOSTEARATE;HYPROMELLOSES;MAGNESIUM STEARATE;METHACRYLIC ACID;METHYLPARABEN;POLYSORBATE 80;POLYETHYLENE GLYCOLS;POVIDONE;PROPYLPARABEN;TITANIUM DIOXIDE;TRIETHYL CITRATE;FERROSOFERRIC OXIDE;POLYDEXTROSE;,HRX,,Esomeprazole 20 MG / Naproxen 500 MG Delayed Release Oral Tablet [Vimovo],994010,,0186-0520,0,,1860520,186,520,VIMOVO,active,20121009,94e8108f-5c9d-4252-8c0a-95d196e6f784.xml,,C42905,34391-3,,,LABELER,AstraZeneca LP,C73594,NLM,TRUE,,15,,,FALSE,TRUE,FALSE,TRUE,TRUE
00186-0520-60_PART_1_OF_1_CHAL10_SF_C41DE20F.jpg,00186-0520-60,520,TRUE,TRUE,FALSE,fcn_mix_weight/dr_224/00186-0520-60_PART_1_OF_1_CHAL10_SF_C41DE20F.jpg,00186-0520-60_C41DE20F,28752,TRUE,10/17/2017 05:31:24 PM,10/17/2017 05:31:24 PM,4d5e0add-dc33-4445-0ea0-ca07cd619ee9-0186-0520-0,4d5e0add-dc33-4445-0ea0-ca07cd619ee9,18,,C48345,OVAL,,1,,500;20,,C48330,YELLOW,,NAPROXEN 500 mg;ESOMEPRAZOLE MAGNESIUM 20 mg;,NAPROXEN[NAPROXEN];ESOMEPRAZOLE MAGNESIUM[ESOMEPRAZOLE];,CARNAUBA WAX;SILICON DIOXIDE;CROSCARMELLOSE SODIUM;FERRIC OXIDE YELLOW;GLYCERYL MONOSTEARATE;HYPROMELLOSES;MAGNESIUM STEARATE;METHACRYLIC ACID;METHYLPARABEN;POLYSORBATE 80;POLYETHYLENE GLYCOLS;POVIDONE;PROPYLPARABEN;TITANIUM DIOXIDE;TRIETHYL CITRATE;FERROSOFERRIC OXIDE;POLYDEXTROSE;,HRX,,Esomeprazole 20 MG / Naproxen 500 MG Delayed Release Oral Tablet [Vimovo],994010,,0186-0520,0,,1860520,186,520,VIMOVO,active,20121009,94e8108f-5c9d-4252-8c0a-95d196e6f784.xml,,C42905,34391-3,,,LABELER,AstraZeneca LP,C73594,NLM,TRUE,,15,,,FALSE,TRUE,FALSE,TRUE,TRUE
00186-1088-05_PART_1_OF_1_CHAL10_SB_A61C5302.jpg,00186-1088-05,1088,TRUE,FALSE,FALSE,fcn_mix_weight/dr_224/00186-1088-05_PART_1_OF_1_CHAL10_SB_A61C5302.jpg,00186-1088-05_A61C5302,32412,TRUE,10/17/2017 05:31:40 PM,2020-02-10 17:02:39,4a5762c6-d7a2-4e4c-10b7-8832b36fa5f4-0186-1088-0,4a5762c6-d7a2-4e4c-10b7-8832b36fa5f4,10,,C48345,OVAL,,2,,AB,,C48325,WHITE,,METOPROLOL SUCCINATE 25 mg;,METOPROLOL SUCCINATE[METOPROLOL];,SILICON DIOXIDE;SODIUM STEARYL FUMARATE;TITANIUM DIOXIDE;POLYETHYLENE GLYCOL 6000;PARAFFIN;HYPROMELLOSES;,HRX,SBD,24 HR metoprolol succinate 25 MG Extended Release Oral Tablet [Toprol],866429,2020-02-10 15:21:27,0186-1088,0,,1861088,186,1088,TOPROL,completed,20160607,03b2ba2e-c4b7-449d-8e07-9c0e08171f66.xml,,C42927,34391-3,,,LABELER,AstraZeneca Pharmaceuticals LP,C73594,NLM,TRUE,,40,,,TRUE,FALSE,FALSE,TRUE,TRUE
00186-1088-05_PART_1_OF_1_CHAL10_SF_A61C5302.jpg,00186-1088-05,1088,TRUE,TRUE,FALSE,fcn_mix_weight/dr_224/00186-1088-05_PART_1_OF_1_CHAL10_SF_A61C5302.jpg,00186-1088-05_A61C5302,32412,TRUE,10/17/2017 05:31:40 PM,2020-02-10 17:02:39,4a5762c6-d7a2-4e4c-10b7-8832b36fa5f4-0186-1088-0,4a5762c6-d7a2-4e4c-10b7-8832b36fa5f4,10,,C48345,OVAL,,2,,AB,,C48325,WHITE,,METOPROLOL SUCCINATE 25 mg;,METOPROLOL SUCCINATE[METOPROLOL];,SILICON DIOXIDE;SODIUM STEARYL FUMARATE;TITANIUM DIOXIDE;POLYETHYLENE GLYCOL 6000;PARAFFIN;HYPROMELLOSES;,HRX,SBD,24 HR metoprolol succinate 25 MG Extended Release Oral Tablet [Toprol],866429,2020-02-10 15:21:27,0186-1088,0,,1861088,186,1088,TOPROL,completed,20160607,03b2ba2e-c4b7-449d-8e07-9c0e08171f66.xml,,C42927,34391-3,,,LABELER,AstraZeneca Pharmaceuticals LP,C73594,NLM,TRUE,,40,,,TRUE,FALSE,FALSE,TRUE,TRUE
00186-1090-05_PART_1_OF_1_CHAL10_SB_0D1D86EC.jpg,00186-1090-05,1090,TRUE,FALSE,FALSE,fcn_mix_weight/dr_224/00186-1090-05_PART_1_OF_1_CHAL10_SB_0D1D86EC.jpg,00186-1090-05_0D1D86EC,28791,TRUE,10/17/2017 05:31:24 PM,2020-02-10 17:13:39,4a5762c6-d7a2-4e4c-10b7-8832b36fa5f4-0186-1090-0,4a5762c6-d7a2-4e4c-10b7-8832b36fa5f4,9,,C48348,ROUND,,2,,A;mo,,C48325,WHITE,,METOPROLOL SUCCINATE 50 mg;,METOPROLOL SUCCINATE[METOPROLOL];,SILICON DIOXIDE;SODIUM STEARYL FUMARATE;POLYETHYLENE GLYCOL 6000;TITANIUM DIOXIDE;PARAFFIN;HYPROMELLOSES;,HRX,SBD,24 HR metoprolol succinate 50 MG Extended Release Oral Tablet [Toprol],866438,2020-02-10 16:19:09,0186-1090,0,,1861090,186,1090,TOPROL,completed,20160607,03b2ba2e-c4b7-449d-8e07-9c0e08171f66.xml,,C42927,34391-3,,,LABELER,AstraZeneca Pharmaceuticals LP,C73594,NLM,TRUE,,40,,,TRUE,FALSE,FALSE,TRUE,TRUE
00186-1090-05_PART_1_OF_1_CHAL10_SF_0D1D86EC.jpg,00186-1090-05,1090,TRUE,TRUE,FALSE,fcn_mix_weight/dr_224/00186-1090-05_PART_1_OF_1_CHAL10_SF_0D1D86EC.jpg,00186-1090-05_0D1D86EC,28791,TRUE,10/17/2017 05:31:24 PM,2020-02-10 17:13:39,4a5762c6-d7a2-4e4c-10b7-8832b36fa5f4-0186-1090-0,4a5762c6-d7a2-4e4c-10b7-8832b36fa5f4,9,,C48348,ROUND,,2,,A;mo,,C48325,WHITE,,METOPROLOL SUCCINATE 50 mg;,METOPROLOL SUCCINATE[METOPROLOL];,SILICON DIOXIDE;SODIUM STEARYL FUMARATE;POLYETHYLENE GLYCOL 6000;TITANIUM DIOXIDE;PARAFFIN;HYPROMELLOSES;,HRX,SBD,24 HR metoprolol succinate 50 MG Extended Release Oral Tablet [Toprol],866438,2020-02-10 16:19:09,0186-1090,0,,1861090,186,1090,TOPROL,completed,20160607,03b2ba2e-c4b7-449d-8e07-9c0e08171f66.xml,,C42927,34391-3,,,LABELER,AstraZeneca Pharmaceuticals LP,C73594,NLM,TRUE,,40,,,TRUE,FALSE,FALSE,TRUE,TRUE
00186-1092-05_PART_1_OF_1_CHAL10_SB_191D8CEC.jpg,00186-1092-05,1092,TRUE,FALSE,FALSE,fcn_mix_weight/dr_224/00186-1092-05_PART_1_OF_1_CHAL10_SB_191D8CEC.jpg,00186-1092-05_191D8CEC,45287,TRUE,10/17/2017 05:32:39 PM,2020-02-10 17:09:48,4a5762c6-d7a2-4e4c-10b7-8832b36fa5f4-0186-1092-0,4a5762c6-d7a2-4e4c-10b7-8832b36fa5f4,10,,C48348,ROUND,,2,,A;ms,,C48325,WHITE,,METOPROLOL SUCCINATE 100 mg;,METOPROLOL SUCCINATE[METOPROLOL];,SILICON DIOXIDE;SODIUM STEARYL FUMARATE;POLYETHYLENE GLYCOL 6000;TITANIUM DIOXIDE;PARAFFIN;HYPROMELLOSES;,HRX,SBD,24 HR metoprolol succinate 100 MG Extended Release Oral Tablet [Toprol],866414,2020-02-10 15:57:45,0186-1092,0,,1861092,186,1092,TOPROL,completed,20160607,03b2ba2e-c4b7-449d-8e07-9c0e08171f66.xml,,C42927,34391-3,,,LABELER,AstraZeneca Pharmaceuticals LP,C73594,NLM,TRUE,,40,,,TRUE,FALSE,FALSE,TRUE,TRUE
00186-1092-05_PART_1_OF_1_CHAL10_SF_191D8CEC.jpg,00186-1092-05,1092,TRUE,TRUE,FALSE,fcn_mix_weight/dr_224/00186-1092-05_PART_1_OF_1_CHAL10_SF_191D8CEC.jpg,00186-1092-05_191D8CEC,45287,TRUE,10/17/2017 05:32:39 PM,2020-02-10 17:09:48,4a5762c6-d7a2-4e4c-10b7-8832b36fa5f4-0186-1092-0,4a5762c6-d7a2-4e4c-10b7-8832b36fa5f4,10,,C48348,ROUND,,2,,A;ms,,C48325,WHITE,,METOPROLOL SUCCINATE 100 mg;,METOPROLOL SUCCINATE[METOPROLOL];,SILICON DIOXIDE;SODIUM STEARYL FUMARATE;POLYETHYLENE GLYCOL 6000;TITANIUM DIOXIDE;PARAFFIN;HYPROMELLOSES;,HRX,SBD,24 HR metoprolol succinate 100 MG Extended Release Oral Tablet [Toprol],866414,2020-02-10 15:57:45,0186-1092,0,,1861092,186,1092,TOPROL,completed,20160607,03b2ba2e-c4b7-449d-8e07-9c0e08171f66.xml,,C42927,34391-3,,,LABELER,AstraZeneca Pharmaceuticals LP,C73594,NLM,TRUE,,40,,,TRUE,FALSE,FALSE,TRUE,TRUE
00186-5040-31_PART_1_OF_1_CHAL10_SB_FE1D7F6B.jpg,00186-5040-31,5040,TRUE,FALSE,FALSE,fcn_mix_weight/dr_224/00186-5040-31_PART_1_OF_1_CHAL10_SB_FE1D7F6B.jpg,00186-5040-31_FE1D7F6B,9879,TRUE,10/17/2017 05:30:04 PM,2020-02-10 17:15:57,f4853677-1622-4037-688b-fdf533a11d96-0186-5040-0,f4853677-1622-4037-688b-fdf533a11d96,14,16,C48336,CAPSULE,,1,,NEXIUM40mg,,C48327,PURPLE,,ESOMEPRAZOLE MAGNESIUM 40 mg;,ESOMEPRAZOLE MAGNESIUM[ESOMEPRAZOLE];,"GLYCERYL MONOSTEARATE;HYDROXYPROPYL CELLULOSE (1600000 WAMW);HYPROMELLOSE, UNSPECIFIED;MAGNESIUM STEARATE;METHACRYLIC ACID;TALC;TRIETHYL CITRATE;POLYSORBATE 80;GELATIN, UNSPECIFIED;FD&C BLUE NO. 1;FD&C RED NO. 40;D&C RED NO. 28;TITANIUM DIOXIDE;ALCOHOL;ISOPROPYL ALCOHOL;BUTYL ALCOHOL;POLYETHYLENE GLYCOL, UNSPECIFIED;SODIUM HYDROXIDE;POVIDONE, UNSPECIFIED;D&C YELLOW NO. 10;",HRX,SBD,esomeprazole 40 MG Delayed Release Oral Capsule [Nexium],606731,2020-02-10 16:31:21,0186-5040,0,,1865040,186,5040,NEXIUM,active,20180607,9032f977-3b00-42b1-a477-edf04ffc3aa2.xml,,C42902,34391-3,,,LABELER,AstraZeneca Pharmaceuticals LP,C73594,NLM,TRUE,,59,,,TRUE,FALSE,FALSE,TRUE,TRUE
00186-5040-31_PART_1_OF_1_CHAL10_SF_FE1D7F6B.jpg,00186-5040-31,5040,TRUE,TRUE,FALSE,fcn_mix_weight/dr_224/00186-5040-31_PART_1_OF_1_CHAL10_SF_FE1D7F6B.jpg,00186-5040-31_FE1D7F6B,9879,TRUE,10/17/2017 05:30:04 PM,2020-02-10 17:15:57,f4853677-1622-4037-688b-fdf533a11d96-0186-5040-0,f4853677-1622-4037-688b-fdf533a11d96,14,16,C48336,CAPSULE,,1,,NEXIUM40mg,,C48327,PURPLE,,ESOMEPRAZOLE MAGNESIUM 40 mg;,ESOMEPRAZOLE MAGNESIUM[ESOMEPRAZOLE];,"GLYCERYL MONOSTEARATE;HYDROXYPROPYL CELLULOSE (1600000 WAMW);HYPROMELLOSE, UNSPECIFIED;MAGNESIUM STEARATE;METHACRYLIC ACID;TALC;TRIETHYL CITRATE;POLYSORBATE 80;GELATIN, UNSPECIFIED;FD&C BLUE NO. 1;FD&C RED NO. 40;D&C RED NO. 28;TITANIUM DIOXIDE;ALCOHOL;ISOPROPYL ALCOHOL;BUTYL ALCOHOL;POLYETHYLENE GLYCOL, UNSPECIFIED;SODIUM HYDROXIDE;POVIDONE, UNSPECIFIED;D&C YELLOW NO. 10;",HRX,SBD,esomeprazole 40 MG Delayed Release Oral Capsule [Nexium],606731,2020-02-10 16:31:21,0186-5040,0,,1865040,186,5040,NEXIUM,active,20180607,9032f977-3b00-42b1-a477-edf04ffc3aa2.xml,,C42902,34391-3,,,LABELER,AstraZeneca Pharmaceuticals LP,C73594,NLM,TRUE,,59,,,TRUE,FALSE,FALSE,TRUE,TRUE
00187-0844-01_PART_1_OF_1_CHAL10_SB_AF1C5782.jpg,00187-0844-01,844,TRUE,FALSE,FALSE,fcn_mix_weight/dr_224/00187-0844-01_PART_1_OF_1_CHAL10_SB_AF1C5782.jpg,00187-0844-01_AF1C5782,18847,TRUE,10/17/2017 05:30:42 PM,10/17/2017 05:30:42 PM,a81c62d2-8151-42db-bda7-e08578ac5089-0187-0844-0,a81c62d2-8151-42db-bda7-e08578ac5089,22,,C48336,CAPSULE,,1,,VALEANT;PF0844,,C48327,PURPLE,,Butalbital 50 mg;Acetaminophen 650 mg;,Butalbital[Butalbital];Acetaminophen[Acetaminophen];,Benzyl Alcohol;Butylparaben;D&C Red NO. 28;D&C Red NO. 33;Edetate Calcium Disodium;FD&C Blue NO. 1;FD&C Red NO. 40;Gelatin;Methylparaben;Propylparaben;Silicon Dioxide;Sodium Lauryl Sulfate;Sodium Propionate;Titanium Dioxide;,HRX,,Acetaminophen 650 MG / butalbital 50 MG Oral Capsule [Phrenilin],993948,,0187-0844,0,,1870844,187,844,Phrenilin Forte,completed,20141223,c0ab3b42-46ef-4325-92ac-f9fd410c6b94.xml,,C25158,34391-3,,,LABELER,Valeant Pharmaceuticals North America LLC,C73584,NLM,TRUE,,11,,,FALSE,TRUE,FALSE,TRUE,TRUE
00187-0844-01_PART_1_OF_1_CHAL10_SF_AF1C5782.jpg,00187-0844-01,844,TRUE,TRUE,FALSE,fcn_mix_weight/dr_224/00187-0844-01_PART_1_OF_1_CHAL10_SF_AF1C5782.jpg,00187-0844-01_AF1C5782,18847,TRUE,10/17/2017 05:30:42 PM,10/17/2017 05:30:42 PM,a81c62d2-8151-42db-bda7-e08578ac5089-0187-0844-0,a81c62d2-8151-42db-bda7-e08578ac5089,22,,C48336,CAPSULE,,1,,VALEANT;PF0844,,C48327,PURPLE,,Butalbital 50 mg;Acetaminophen 650 mg;,Butalbital[Butalbital];Acetaminophen[Acetaminophen];,Benzyl Alcohol;Butylparaben;D&C Red NO. 28;D&C Red NO. 33;Edetate Calcium Disodium;FD&C Blue NO. 1;FD&C Red NO. 40;Gelatin;Methylparaben;Propylparaben;Silicon Dioxide;Sodium Lauryl Sulfate;Sodium Propionate;Titanium Dioxide;,HRX,,Acetaminophen 650 MG / butalbital 50 MG Oral Capsule [Phrenilin],993948,,0187-0844,0,,1870844,187,844,Phrenilin Forte,completed,20141223,c0ab3b42-46ef-4325-92ac-f9fd410c6b94.xml,,C25158,34391-3,,,LABELER,Valeant Pharmaceuticals North America LLC,C73584,NLM,TRUE,,11,,,FALSE,TRUE,FALSE,TRUE,TRUE
00228-2127-10_PART_1_OF_1_CHAL10_SB_5321A9ED.jpg,00228-2127-10,2127,TRUE,FALSE,FALSE,fcn_mix_weight/dr_224/00228-2127-10_PART_1_OF_1_CHAL10_SB_5321A9ED.jpg,00228-2127-10_5321A9ED,38653,TRUE,10/17/2017 05:32:09 PM,2020-02-10 17:11:59,a842ab83-3531-44dd-a8a8-64dd89e87026-0228-2127-0,a842ab83-3531-44dd-a8a8-64dd89e87026,6,,C48348,ROUND,,2,,R127,,C48331,ORANGE,,CLONIDINE HYDROCHLORIDE 0.1 mg;,CLONIDINE HYDROCHLORIDE[CLONIDINE];,"STARCH, CORN;D&C YELLOW NO. 10 ALUMINUM LAKE;FD&C YELLOW NO. 6;LACTOSE MONOHYDRATE;MAGNESIUM STEARATE;SODIUM STARCH GLYCOLATE TYPE A POTATO;",HRX,SCD,clonidine hydrochloride 0.1 MG Oral Tablet,884173,2020-02-10 16:09:46,0228-2127,0,,2282127,228,2127,Clonidine Hydrochloride,active,20151031,be456295-580b-4f2f-8e7c-dee50c32a0f2.xml,,C42998,34391-3,,,LABELER,"Actavis Pharma, Inc.",C73584,NLM,TRUE,,14,,,TRUE,FALSE,FALSE,TRUE,TRUE
00228-2127-10_PART_1_OF_1_CHAL10_SF_5321A9ED.jpg,00228-2127-10,2127,TRUE,TRUE,FALSE,fcn_mix_weight/dr_224/00228-2127-10_PART_1_OF_1_CHAL10_SF_5321A9ED.jpg,00228-2127-10_5321A9ED,38653,TRUE,10/17/2017 05:32:09 PM,2020-02-10 17:11:59,a842ab83-3531-44dd-a8a8-64dd89e87026-0228-2127-0,a842ab83-3531-44dd-a8a8-64dd89e87026,6,,C48348,ROUND,,2,,R127,,C48331,ORANGE,,CLONIDINE HYDROCHLORIDE 0.1 mg;,CLONIDINE HYDROCHLORIDE[CLONIDINE];,"STARCH, CORN;D&C YELLOW NO. 10 ALUMINUM LAKE;FD&C YELLOW NO. 6;LACTOSE MONOHYDRATE;MAGNESIUM STEARATE;SODIUM STARCH GLYCOLATE TYPE A POTATO;",HRX,SCD,clonidine hydrochloride 0.1 MG Oral Tablet,884173,2020-02-10 16:09:46,0228-2127,0,,2282127,228,2127,Clonidine Hydrochloride,active,20151031,be456295-580b-4f2f-8e7c-dee50c32a0f2.xml,,C42998,34391-3,,,LABELER,"Actavis Pharma, Inc.",C73584,NLM,TRUE,,14,,,TRUE,FALSE,FALSE,TRUE,TRUE
00228-2550-06_PART_1_OF_1_CHAL10_SB_412320F9.jpg,00228-2550-06,2550,TRUE,FALSE,FALSE,fcn_mix_weight/dr_224/00228-2550-06_PART_1_OF_1_CHAL10_SB_412320F9.jpg,00228-2550-06_412320F9,48393,TRUE,10/17/2017 05:32:53 PM,2020-02-10 17:08:58,a57b897e-0cbe-4ac3-969f-b00357a0cfa8-0228-2550-0,a57b897e-0cbe-4ac3-969f-b00357a0cfa8,9,,C48348,ROUND,,1,,R;550,,C48325,WHITE,,DICLOFENAC SODIUM 50 mg;,DICLOFENAC SODIUM[DICLOFENAC];,"ALUMINUM HYDROXIDE;HYPROMELLOSE, UNSPECIFIED;LACTOSE MONOHYDRATE;MAGNESIUM STEARATE;MICROCRYSTALLINE CELLULOSE;POLYETHYLENE GLYCOL, UNSPECIFIED;POLYSORBATE 80;Polyvinyl Acetate Phthalate;PROPYLENE GLYCOL;SILICON DIOXIDE;SODIUM ALGINATE;SODIUM STARCH GLYCOLATE TYPE A POTATO;STEARIC ACID;FERROSOFERRIC OXIDE;TALC;TITANIUM DIOXIDE;",HRX,SCD,diclofenac sodium 50 MG Delayed Release Oral Tablet,855906,2020-02-10 15:53:01,0228-2550,0,,2282550,228,2550,Diclofenac Sodium,active,20171031,d7d55c9b-a5fd-49a6-aa5c-1675c6c9a777.xml,,C42905,34391-3,,,LABELER,"Actavis Pharma, Inc.",C73584,NLM,TRUE,,18,,,TRUE,FALSE,FALSE,TRUE,TRUE
00228-2550-06_PART_1_OF_1_CHAL10_SF_412320F9.jpg,00228-2550-06,2550,TRUE,TRUE,FALSE,fcn_mix_weight/dr_224/00228-2550-06_PART_1_OF_1_CHAL10_SF_412320F9.jpg,00228-2550-06_412320F9,48393,TRUE,10/17/2017 05:32:53 PM,2020-02-10 17:08:58,a57b897e-0cbe-4ac3-969f-b00357a0cfa8-0228-2550-0,a57b897e-0cbe-4ac3-969f-b00357a0cfa8,9,,C48348,ROUND,,1,,R;550,,C48325,WHITE,,DICLOFENAC SODIUM 50 mg;,DICLOFENAC SODIUM[DICLOFENAC];,"ALUMINUM HYDROXIDE;HYPROMELLOSE, UNSPECIFIED;LACTOSE MONOHYDRATE;MAGNESIUM STEARATE;MICROCRYSTALLINE CELLULOSE;POLYETHYLENE GLYCOL, UNSPECIFIED;POLYSORBATE 80;Polyvinyl Acetate Phthalate;PROPYLENE GLYCOL;SILICON DIOXIDE;SODIUM ALGINATE;SODIUM STARCH GLYCOLATE TYPE A POTATO;STEARIC ACID;FERROSOFERRIC OXIDE;TALC;TITANIUM DIOXIDE;",HRX,SCD,diclofenac sodium 50 MG Delayed Release Oral Tablet,855906,2020-02-10 15:53:01,0228-2550,0,,2282550,228,2550,Diclofenac Sodium,active,20171031,d7d55c9b-a5fd-49a6-aa5c-1675c6c9a777.xml,,C42905,34391-3,,,LABELER,"Actavis Pharma, Inc.",C73584,NLM,TRUE,,18,,,TRUE,FALSE,FALSE,TRUE,TRUE
00228-2551-06_PART_1_OF_1_CHAL10_SB_6A233509.jpg,00228-2551-06,2551,TRUE,FALSE,FALSE,fcn_mix_weight/dr_224/00228-2551-06_PART_1_OF_1_CHAL10_SB_6A233509.jpg,00228-2551-06_6A233509,38254,TRUE,10/17/2017 05:32:07 PM,2020-02-10 17:03:32,a57b897e-0cbe-4ac3-969f-b00357a0cfa8-0228-2551-0,a57b897e-0cbe-4ac3-969f-b00357a0cfa8,9,,C48348,ROUND,,1,,R;551,,C48325,WHITE,,DICLOFENAC SODIUM 75 mg;,DICLOFENAC SODIUM[DICLOFENAC];,"ALUMINUM HYDROXIDE;SILICON DIOXIDE;HYPROMELLOSE, UNSPECIFIED;LACTOSE MONOHYDRATE;MAGNESIUM STEARATE;MICROCRYSTALLINE CELLULOSE;POLYETHYLENE GLYCOL, UNSPECIFIED;POLYSORBATE 80;Polyvinyl Acetate Phthalate;PROPYLENE GLYCOL;SODIUM ALGINATE;SODIUM STARCH GLYCOLATE TYPE A POTATO;STEARIC ACID;FERROSOFERRIC OXIDE;TALC;TITANIUM DIOXIDE;",HRX,SCD,diclofenac sodium 75 MG Delayed Release Oral Tablet,855926,2020-02-10 15:26:02,0228-2551,0,,2282551,228,2551,Diclofenac Sodium,active,20171031,d7d55c9b-a5fd-49a6-aa5c-1675c6c9a777.xml,,C42905,34391-3,,,LABELER,"Actavis Pharma, Inc.",C73584,NLM,TRUE,,18,,,TRUE,FALSE,FALSE,TRUE,TRUE
00228-2551-06_PART_1_OF_1_CHAL10_SF_6A233509.jpg,00228-2551-06,2551,TRUE,TRUE,FALSE,fcn_mix_weight/dr_224/00228-2551-06_PART_1_OF_1_CHAL10_SF_6A233509.jpg,00228-2551-06_6A233509,38254,TRUE,10/17/2017 05:32:07 PM,2020-02-10 17:03:32,a57b897e-0cbe-4ac3-969f-b00357a0cfa8-0228-2551-0,a57b897e-0cbe-4ac3-969f-b00357a0cfa8,9,,C48348,ROUND,,1,,R;551,,C48325,WHITE,,DICLOFENAC SODIUM 75 mg;,DICLOFENAC SODIUM[DICLOFENAC];,"ALUMINUM HYDROXIDE;SILICON DIOXIDE;HYPROMELLOSE, UNSPECIFIED;LACTOSE MONOHYDRATE;MAGNESIUM STEARATE;MICROCRYSTALLINE CELLULOSE;POLYETHYLENE GLYCOL, UNSPECIFIED;POLYSORBATE 80;Polyvinyl Acetate Phthalate;PROPYLENE GLYCOL;SODIUM ALGINATE;SODIUM STARCH GLYCOLATE TYPE A POTATO;STEARIC ACID;FERROSOFERRIC OXIDE;TALC;TITANIUM DIOXIDE;",HRX,SCD,diclofenac sodium 75 MG Delayed Release Oral Tablet,855926,2020-02-10 15:26:02,0228-2551,0,,2282551,228,2551,Diclofenac Sodium,active,20171031,d7d55c9b-a5fd-49a6-aa5c-1675c6c9a777.xml,,C42905,34391-3,,,LABELER,"Actavis Pharma, Inc.",C73584,NLM,TRUE,,18,,,TRUE,FALSE,FALSE,TRUE,TRUE
00228-2634-06_PART_1_OF_1_CHAL10_SB_9C204E42.jpg,00228-2634-06,2634,TRUE,FALSE,FALSE,fcn_mix_weight/dr_224/00228-2634-06_PART_1_OF_1_CHAL10_SB_9C204E42.jpg,00228-2634-06_9C204E42,37266,TRUE,10/17/2017 05:32:03 PM,10/17/2017 05:32:03 PM,A694C480-76F3-42C3-BB67-BED50E12C1AE-0228-2634-0,A694C480-76F3-42C3-BB67-BED50E12C1AE,8,,C48348,ROUND,,1,,634,R,C48328,PINK,,,,,HRX,,Lovastatin 20 MG Oral Tablet,197904,,0228-2634,0,,2282634,228,2634,Lovastatin,,20090219,2dce44c6-13c8-0d1b-a78b-b0bf28fae484.xml,,C42998,34391-3,,,LEGAL,Actavis Elizabeth LLC,,NLM,TRUE,,1,,,FALSE,TRUE,FALSE,TRUE,TRUE
00228-2634-06_PART_1_OF_1_CHAL10_SF_9C204E42.jpg,00228-2634-06,2634,TRUE,TRUE,FALSE,fcn_mix_weight/dr_224/00228-2634-06_PART_1_OF_1_CHAL10_SF_9C204E42.jpg,00228-2634-06_9C204E42,37266,TRUE,10/17/2017 05:32:03 PM,10/17/2017 05:32:03 PM,A694C480-76F3-42C3-BB67-BED50E12C1AE-0228-2634-0,A694C480-76F3-42C3-BB67-BED50E12C1AE,8,,C48348,ROUND,,1,,634,R,C48328,PINK,,,,,HRX,,Lovastatin 20 MG Oral Tablet,197904,,0228-2634,0,,2282634,228,2634,Lovastatin,,20090219,2dce44c6-13c8-0d1b-a78b-b0bf28fae484.xml,,C42998,34391-3,,,LEGAL,Actavis Elizabeth LLC,,NLM,TRUE,,1,,,FALSE,TRUE,FALSE,TRUE,TRUE
00228-2717-11_PART_1_OF_1_CHAL10_SB_56232B19.jpg,00228-2717-11,2717,TRUE,FALSE,FALSE,fcn_mix_weight/dr_224/00228-2717-11_PART_1_OF_1_CHAL10_SB_56232B19.jpg,00228-2717-11_56232B19,4227,TRUE,10/17/2017 05:29:39 PM,10/17/2017 05:29:39 PM,a8c96721-fc32-41a1-ac15-05c984210784-0228-2717-0,a8c96721-fc32-41a1-ac15-05c984210784,9,,C48348,ROUND,,1,,R;717,,C48330,YELLOW,,DICLOFENAC SODIUM 100 mg;,DICLOFENAC SODIUM[DICLOFENAC];,CARNAUBA WAX;CETYL ALCOHOL;SILICON DIOXIDE;HYPROMELLOSES;LACTOSE MONOHYDRATE;MAGNESIUM STEARATE;POVIDONE K29/32;FERRIC OXIDE YELLOW;TALC;TITANIUM DIOXIDE;TRIACETIN;,HRX,,24 HR Diclofenac Sodium 100 MG Extended Release Oral Tablet,855657,,0228-2717,0,,2282717,228,2717,Diclofenac Sodium,active,20130822,3e663693-6ed7-48a1-aa41-8b7f74e30af0.xml,,C42930,34391-3,,,LABELER,Actavis Elizabeth LLC,C73584,NLM,TRUE,,5,,,FALSE,TRUE,FALSE,TRUE,TRUE
00228-2717-11_PART_1_OF_1_CHAL10_SF_56232B19.jpg,00228-2717-11,2717,TRUE,TRUE,FALSE,fcn_mix_weight/dr_224/00228-2717-11_PART_1_OF_1_CHAL10_SF_56232B19.jpg,00228-2717-11_56232B19,4227,TRUE,10/17/2017 05:29:39 PM,10/17/2017 05:29:39 PM,a8c96721-fc32-41a1-ac15-05c984210784-0228-2717-0,a8c96721-fc32-41a1-ac15-05c984210784,9,,C48348,ROUND,,1,,R;717,,C48330,YELLOW,,DICLOFENAC SODIUM 100 mg;,DICLOFENAC SODIUM[DICLOFENAC];,CARNAUBA WAX;CETYL ALCOHOL;SILICON DIOXIDE;HYPROMELLOSES;LACTOSE MONOHYDRATE;MAGNESIUM STEARATE;POVIDONE K29/32;FERRIC OXIDE YELLOW;TALC;TITANIUM DIOXIDE;TRIACETIN;,HRX,,24 HR Diclofenac Sodium 100 MG Extended Release Oral Tablet,855657,,0228-2717,0,,2282717,228,2717,Diclofenac Sodium,active,20130822,3e663693-6ed7-48a1-aa41-8b7f74e30af0.xml,,C42930,34391-3,,,LABELER,Actavis Elizabeth LLC,C73584,NLM,TRUE,,5,,,FALSE,TRUE,FALSE,TRUE,TRUE
00228-2779-11_PART_1_OF_1_CHAL10_SB_3F211FE8.jpg,00228-2779-11,2779,TRUE,FALSE,FALSE,fcn_mix_weight/dr_224/00228-2779-11_PART_1_OF_1_CHAL10_SB_3F211FE8.jpg,00228-2779-11_3F211FE8,12529,TRUE,10/17/2017 05:30:15 PM,2020-02-10 17:15:16,a4edba76-29b8-41fb-bf0b-d4633abba003-0228-2779-0,a4edba76-29b8-41fb-bf0b-d4633abba003,16,,C48336,CAPSULE,,1,,R;2779,,C48330,YELLOW,,PROPRANOLOL HYDROCHLORIDE 80 mg;,PROPRANOLOL HYDROCHLORIDE[PROPRANOLOL];,"GELATIN;HYDROXYPROPYL CELLULOSE (1600000 WAMW);POVIDONE K30;TALC;TITANIUM DIOXIDE;FERRIC OXIDE YELLOW;D&C YELLOW NO. 10;FD&C BLUE NO. 1;FD&C BLUE NO. 2;FD&C RED NO. 40;PROPYLENE GLYCOL;ETHYLCELLULOSES;FERROSOFERRIC OXIDE;SUCROSE;STARCH, CORN;",HRX,SCD,24 HR propranolol hydrochloride 80 MG Extended Release Oral Capsule,856569,2020-02-10 15:52:43,0228-2779,0,,2282779,228,2779,Propranolol Hydrochloride,active,20151230,49517150-cc52-4632-84d1-3ceee3a0e47c.xml,,C42916,34391-3,,,LABELER,"Actavis Pharma, Inc.",C73584,NLM,TRUE,,7,,,TRUE,FALSE,FALSE,TRUE,TRUE
00228-2779-11_PART_1_OF_1_CHAL10_SF_3F211FE8.jpg,00228-2779-11,2779,TRUE,TRUE,FALSE,fcn_mix_weight/dr_224/00228-2779-11_PART_1_OF_1_CHAL10_SF_3F211FE8.jpg,00228-2779-11_3F211FE8,12529,TRUE,10/17/2017 05:30:15 PM,2020-02-10 17:15:16,a4edba76-29b8-41fb-bf0b-d4633abba003-0228-2779-0,a4edba76-29b8-41fb-bf0b-d4633abba003,16,,C48336,CAPSULE,,1,,R;2779,,C48330,YELLOW,,PROPRANOLOL HYDROCHLORIDE 80 mg;,PROPRANOLOL HYDROCHLORIDE[PROPRANOLOL];,"GELATIN;HYDROXYPROPYL CELLULOSE (1600000 WAMW);POVIDONE K30;TALC;TITANIUM DIOXIDE;FERRIC OXIDE YELLOW;D&C YELLOW NO. 10;FD&C BLUE NO. 1;FD&C BLUE NO. 2;FD&C RED NO. 40;PROPYLENE GLYCOL;ETHYLCELLULOSES;FERROSOFERRIC OXIDE;SUCROSE;STARCH, CORN;",HRX,SCD,24 HR propranolol hydrochloride 80 MG Extended Release Oral Capsule,856569,2020-02-10 15:52:43,0228-2779,0,,2282779,228,2779,Propranolol Hydrochloride,active,20151230,49517150-cc52-4632-84d1-3ceee3a0e47c.xml,,C42916,34391-3,,,LABELER,"Actavis Pharma, Inc.",C73584,NLM,TRUE,,7,,,TRUE,FALSE,FALSE,TRUE,TRUE
00228-2803-11_PART_1_OF_1_CHAL10_SB_34269A44.jpg,00228-2803-11,2803,TRUE,FALSE,FALSE,fcn_mix_weight/dr_224/00228-2803-11_PART_1_OF_1_CHAL10_SB_34269A44.jpg,00228-2803-11_34269A44,41950,TRUE,10/17/2017 05:32:23 PM,2020-02-10 17:15:48,ad43304a-3b3a-4708-92c7-56aa393ee906-0228-2803-0,ad43304a-3b3a-4708-92c7-56aa393ee906,7,,C48348,ROUND,,1,,R;803,,C48325,WHITE,,SPIRONOLACTONE 25 mg;,SPIRONOLACTONE[SPIRONOLACTONE];,"CALCIUM SULFATE;STARCH, CORN;CROSPOVIDONE;DEXTROSE;HYPROMELLOSES;MAGNESIUM STEARATE;MALTODEXTRIN;PEPPERMINT;POLYETHYLENE GLYCOLS;POVIDONE K30;POLYDEXTROSE;SILICON DIOXIDE;TITANIUM DIOXIDE;TRIACETIN;",HRX,SCD,spironolactone 25 MG Oral Tablet,313096,2020-02-10 16:30:30,0228-2803,0,,2282803,228,2803,Spironolactone,completed,20150330,c2c9d105-84e7-4a04-807f-d236959c0742.xml,,C42931,34391-3,,,LABELER,"Actavis Pharma, Inc.",C73584,NLM,TRUE,,12,,,TRUE,FALSE,FALSE,TRUE,TRUE
00228-2803-11_PART_1_OF_1_CHAL10_SF_34269A44.jpg,00228-2803-11,2803,TRUE,TRUE,FALSE,fcn_mix_weight/dr_224/00228-2803-11_PART_1_OF_1_CHAL10_SF_34269A44.jpg,00228-2803-11_34269A44,41950,TRUE,10/17/2017 05:32:23 PM,2020-02-10 17:15:48,ad43304a-3b3a-4708-92c7-56aa393ee906-0228-2803-0,ad43304a-3b3a-4708-92c7-56aa393ee906,7,,C48348,ROUND,,1,,R;803,,C48325,WHITE,,SPIRONOLACTONE 25 mg;,SPIRONOLACTONE[SPIRONOLACTONE];,"CALCIUM SULFATE;STARCH, CORN;CROSPOVIDONE;DEXTROSE;HYPROMELLOSES;MAGNESIUM STEARATE;MALTODEXTRIN;PEPPERMINT;POLYETHYLENE GLYCOLS;POVIDONE K30;POLYDEXTROSE;SILICON DIOXIDE;TITANIUM DIOXIDE;TRIACETIN;",HRX,SCD,spironolactone 25 MG Oral Tablet,313096,2020-02-10 16:30:30,0228-2803,0,,2282803,228,2803,Spironolactone,completed,20150330,c2c9d105-84e7-4a04-807f-d236959c0742.xml,,C42931,34391-3,,,LABELER,"Actavis Pharma, Inc.",C73584,NLM,TRUE,,12,,,TRUE,FALSE,FALSE,TRUE,TRUE
00245-0041-11_PART_1_OF_1_CHAL10_SB_9623CB0E.jpg,00245-0041-11,41,TRUE,FALSE,FALSE,fcn_mix_weight/dr_224/00245-0041-11_PART_1_OF_1_CHAL10_SB_9623CB0E.jpg,00245-0041-11_9623CB0E,42086,TRUE,10/17/2017 05:32:24 PM,2020-02-10 17:01:41,b8552fd0-1c4f-4dcc-bfc8-2e04b0a64c59-0245-0041-0,b8552fd0-1c4f-4dcc-bfc8-2e04b0a64c59,13,,C48348,ROUND,,1,,KC;10,,C48330,YELLOW,,Potassium Chloride 750 mg;,Potassium Chloride[Potassium Cation];,"hydrogenated cottonseed oil;magnesium stearate;polyethylene glycol, unspecified;polyvinyl alcohol, unspecified;silicon dioxide;talc;titanium dioxide;d&c yellow no. 10;aluminum oxide;fd&c yellow no. 6;",HRX,,,,2020-02-10 15:16:55,0245-0041,0,,2450041,245,41,Klor-Con,active,20180702,ee0dcedf-5b80-4e61-9f3f-51e399a139da.xml,,C42930,34391-3,,,LABELER,"Upsher-Smith Laboratories, Inc.",C73594,NLM,TRUE,,7,,,TRUE,FALSE,FALSE,TRUE,TRUE
00245-0041-11_PART_1_OF_1_CHAL10_SF_9623CB0E.jpg,00245-0041-11,41,TRUE,TRUE,FALSE,fcn_mix_weight/dr_224/00245-0041-11_PART_1_OF_1_CHAL10_SF_9623CB0E.jpg,00245-0041-11_9623CB0E,42086,TRUE,10/17/2017 05:32:24 PM,2020-02-10 17:01:41,b8552fd0-1c4f-4dcc-bfc8-2e04b0a64c59-0245-0041-0,b8552fd0-1c4f-4dcc-bfc8-2e04b0a64c59,13,,C48348,ROUND,,1,,KC;10,,C48330,YELLOW,,Potassium Chloride 750 mg;,Potassium Chloride[Potassium Cation];,"hydrogenated cottonseed oil;magnesium stearate;polyethylene glycol, unspecified;polyvinyl alcohol, unspecified;silicon dioxide;talc;titanium dioxide;d&c yellow no. 10;aluminum oxide;fd&c yellow no. 6;",HRX,,,,2020-02-10 15:16:55,0245-0041,0,,2450041,245,41,Klor-Con,active,20180702,ee0dcedf-5b80-4e61-9f3f-51e399a139da.xml,,C42930,34391-3,,,LABELER,"Upsher-Smith Laboratories, Inc.",C73594,NLM,TRUE,,7,,,TRUE,FALSE,FALSE,TRUE,TRUE
00310-0279-10_PART_1_OF_1_CHAL10_SB_131C8994.jpg,00310-0279-10,279,TRUE,FALSE,FALSE,fcn_mix_weight/dr_224/00310-0279-10_PART_1_OF_1_CHAL10_SB_131C8994.jpg,00310-0279-10_131C8994,36732,TRUE,10/17/2017 05:32:00 PM,2020-02-10 17:15:59,0584dda8-bc3c-48fe-1a90-79608f78e8a0-0310-0279-0,0584dda8-bc3c-48fe-1a90-79608f78e8a0,19,,C48336,CAPSULE,OVAL,1,,SEROQUEL;400,,C48330,YELLOW,,QUETIAPINE FUMARATE 400 mg;,QUETIAPINE FUMARATE[QUETIAPINE];,"POVIDONE, UNSPECIFIED;DIBASIC CALCIUM PHOSPHATE DIHYDRATE;MICROCRYSTALLINE CELLULOSE;SODIUM STARCH GLYCOLATE TYPE A POTATO;LACTOSE MONOHYDRATE;MAGNESIUM STEARATE;HYPROMELLOSE, UNSPECIFIED;POLYETHYLENE GLYCOL, UNSPECIFIED;TITANIUM DIOXIDE;FERRIC OXIDE YELLOW;WATER;",HRX,SBD,quetiapine 400 MG Oral Tablet [Seroquel],616485,2020-02-10 16:31:35,0310-0279,0,,3100279,310,279,SEROQUEL,active,20200918,bca31730-a1ed-4b8f-93d8-2f64143a91fa.xml,,C42931,34391-3,,,LABELER,AstraZeneca Pharmaceuticals LP,C73594,NLM,TRUE,,46,,,TRUE,FALSE,FALSE,TRUE,TRUE
00310-0279-10_PART_1_OF_1_CHAL10_SF_131C8994.jpg,00310-0279-10,279,TRUE,TRUE,FALSE,fcn_mix_weight/dr_224/00310-0279-10_PART_1_OF_1_CHAL10_SF_131C8994.jpg,00310-0279-10_131C8994,36732,TRUE,10/17/2017 05:32:00 PM,2020-02-10 17:15:59,0584dda8-bc3c-48fe-1a90-79608f78e8a0-0310-0279-0,0584dda8-bc3c-48fe-1a90-79608f78e8a0,19,,C48336,CAPSULE,OVAL,1,,SEROQUEL;400,,C48330,YELLOW,,QUETIAPINE FUMARATE 400 mg;,QUETIAPINE FUMARATE[QUETIAPINE];,"POVIDONE, UNSPECIFIED;DIBASIC CALCIUM PHOSPHATE DIHYDRATE;MICROCRYSTALLINE CELLULOSE;SODIUM STARCH GLYCOLATE TYPE A POTATO;LACTOSE MONOHYDRATE;MAGNESIUM STEARATE;HYPROMELLOSE, UNSPECIFIED;POLYETHYLENE GLYCOL, UNSPECIFIED;TITANIUM DIOXIDE;FERRIC OXIDE YELLOW;WATER;",HRX,SBD,quetiapine 400 MG Oral Tablet [Seroquel],616485,2020-02-10 16:31:35,0310-0279,0,,3100279,310,279,SEROQUEL,active,20200918,bca31730-a1ed-4b8f-93d8-2f64143a91fa.xml,,C42931,34391-3,,,LABELER,AstraZeneca Pharmaceuticals LP,C73594,NLM,TRUE,,46,,,TRUE,FALSE,FALSE,TRUE,TRUE
00310-0281-60_PART_1_OF_1_CHAL10_SB_091C84E4.jpg,00310-0281-60,281,TRUE,FALSE,FALSE,fcn_mix_weight/dr_224/00310-0281-60_PART_1_OF_1_CHAL10_SB_091C84E4.jpg,00310-0281-60_091C84E4,29421,TRUE,10/17/2017 05:31:27 PM,2020-02-10 17:02:15,473a3ac4-67f4-4782-baa9-7f9bdd8761f4-0310-0281-0,473a3ac4-67f4-4782-baa9-7f9bdd8761f4,17,,C48336,CAPSULE,OVAL,1,,XR;150,,C48325,WHITE,,QUETIAPINE FUMARATE 150 mg;,QUETIAPINE FUMARATE[QUETIAPINE];,"LACTOSE MONOHYDRATE;MICROCRYSTALLINE CELLULOSE;SODIUM CITRATE, UNSPECIFIED FORM;HYPROMELLOSE, UNSPECIFIED;MAGNESIUM STEARATE;POLYETHYLENE GLYCOL 400;TITANIUM DIOXIDE;WATER;",HRX,SBD,24 HR quetiapine 150 MG Extended Release Oral Tablet [Seroquel],895671,2020-02-10 15:19:38,0310-0281,0,,3100281,310,281,SEROQUEL,completed,20200918,1a826d85-aac4-42e4-a3e2-a18df915dc33.xml,,C42927,34391-3,,,LABELER,AstraZeneca Pharmaceuticals LP,C73594,NLM,TRUE,,43,,,TRUE,FALSE,FALSE,TRUE,TRUE
00310-0281-60_PART_1_OF_1_CHAL10_SF_091C84E4.jpg,00310-0281-60,281,TRUE,TRUE,FALSE,fcn_mix_weight/dr_224/00310-0281-60_PART_1_OF_1_CHAL10_SF_091C84E4.jpg,00310-0281-60_091C84E4,29421,TRUE,10/17/2017 05:31:27 PM,2020-02-10 17:02:15,473a3ac4-67f4-4782-baa9-7f9bdd8761f4-0310-0281-0,473a3ac4-67f4-4782-baa9-7f9bdd8761f4,17,,C48336,CAPSULE,OVAL,1,,XR;150,,C48325,WHITE,,QUETIAPINE FUMARATE 150 mg;,QUETIAPINE FUMARATE[QUETIAPINE];,"LACTOSE MONOHYDRATE;MICROCRYSTALLINE CELLULOSE;SODIUM CITRATE, UNSPECIFIED FORM;HYPROMELLOSE, UNSPECIFIED;MAGNESIUM STEARATE;POLYETHYLENE GLYCOL 400;TITANIUM DIOXIDE;WATER;",HRX,SBD,24 HR quetiapine 150 MG Extended Release Oral Tablet [Seroquel],895671,2020-02-10 15:19:38,0310-0281,0,,3100281,310,281,SEROQUEL,completed,20200918,1a826d85-aac4-42e4-a3e2-a18df915dc33.xml,,C42927,34391-3,,,LABELER,AstraZeneca Pharmaceuticals LP,C73594,NLM,TRUE,,43,,,TRUE,FALSE,FALSE,TRUE,TRUE
00310-0282-60_PART_1_OF_1_CHAL10_SB_0F1C87E4.jpg,00310-0282-60,282,TRUE,FALSE,FALSE,fcn_mix_weight/dr_224/00310-0282-60_PART_1_OF_1_CHAL10_SB_0F1C87E4.jpg,00310-0282-60_0F1C87E4,41962,TRUE,10/17/2017 05:32:23 PM,2020-02-10 17:11:04,473a3ac4-67f4-4782-baa9-7f9bdd8761f4-0310-0282-0,473a3ac4-67f4-4782-baa9-7f9bdd8761f4,17,,C48336,CAPSULE,OVAL,1,,XR;200,,C48330,YELLOW,,QUETIAPINE FUMARATE 200 mg;,QUETIAPINE FUMARATE[QUETIAPINE];,"LACTOSE MONOHYDRATE;MICROCRYSTALLINE CELLULOSE;SODIUM CITRATE, UNSPECIFIED FORM;HYPROMELLOSE, UNSPECIFIED;MAGNESIUM STEARATE;FERRIC OXIDE YELLOW;POLYETHYLENE GLYCOL 400;TITANIUM DIOXIDE;WATER;",HRX,SBD,24 HR quetiapine 200 MG Extended Release Oral Tablet [Seroquel],721793,2020-02-10 15:19:36,0310-0282,0,,3100282,310,282,SEROQUEL,completed,20200918,1a826d85-aac4-42e4-a3e2-a18df915dc33.xml,,C42927,34391-3,,,LABELER,AstraZeneca Pharmaceuticals LP,C73594,NLM,TRUE,,43,,,TRUE,FALSE,FALSE,TRUE,TRUE
00310-0282-60_PART_1_OF_1_CHAL10_SF_0F1C87E4.jpg,00310-0282-60,282,TRUE,TRUE,FALSE,fcn_mix_weight/dr_224/00310-0282-60_PART_1_OF_1_CHAL10_SF_0F1C87E4.jpg,00310-0282-60_0F1C87E4,41962,TRUE,10/17/2017 05:32:23 PM,2020-02-10 17:11:04,473a3ac4-67f4-4782-baa9-7f9bdd8761f4-0310-0282-0,473a3ac4-67f4-4782-baa9-7f9bdd8761f4,17,,C48336,CAPSULE,OVAL,1,,XR;200,,C48330,YELLOW,,QUETIAPINE FUMARATE 200 mg;,QUETIAPINE FUMARATE[QUETIAPINE];,"LACTOSE MONOHYDRATE;MICROCRYSTALLINE CELLULOSE;SODIUM CITRATE, UNSPECIFIED FORM;HYPROMELLOSE, UNSPECIFIED;MAGNESIUM STEARATE;FERRIC OXIDE YELLOW;POLYETHYLENE GLYCOL 400;TITANIUM DIOXIDE;WATER;",HRX,SBD,24 HR quetiapine 200 MG Extended Release Oral Tablet [Seroquel],721793,2020-02-10 15:19:36,0310-0282,0,,3100282,310,282,SEROQUEL,completed,20200918,1a826d85-aac4-42e4-a3e2-a18df915dc33.xml,,C42927,34391-3,,,LABELER,AstraZeneca Pharmaceuticals LP,C73594,NLM,TRUE,,43,,,TRUE,FALSE,FALSE,TRUE,TRUE
00378-0143-01_PART_1_OF_1_CHAL10_SB_8221411A.jpg,00378-0143-01,143,TRUE,FALSE,FALSE,fcn_mix_weight/dr_224/00378-0143-01_PART_1_OF_1_CHAL10_SB_8221411A.jpg,00378-0143-01_8221411A,23255,TRUE,10/17/2017 05:31:00 PM,10/17/2017 05:31:00 PM,603bc652-31c6-4d50-bb80-e6da5289a3c7-0378-0143-0,603bc652-31c6-4d50-bb80-e6da5289a3c7,14,,C48336,CAPSULE,,1,,MYLAN;143,,C48329,GREEN,,INDOMETHACIN 25 mg;,INDOMETHACIN[INDOMETHACIN];,"SILICON DIOXIDE;GELATIN;FD&C GREEN NO. 3;MAGNESIUM STEARATE;CELLULOSE, MICROCRYSTALLINE;POWDERED CELLULOSE;SODIUM LAURYL SULFATE;SODIUM STARCH GLYCOLATE TYPE A POTATO;TITANIUM DIOXIDE;D&C YELLOW NO. 10;FERROSOFERRIC OXIDE;FD&C BLUE NO. 1;FD&C BLUE NO. 2;FD&C RED NO. 40;PROPYLENE GLYCOL;",HRX,,Indomethacin 25 MG Oral Capsule,197817,,0378-0143,0,,3780143,378,143,Indomethacin,active,20080313,f49baf56-9d2b-4873-9d61-104e08e8c152.xml,,C25158,34391-3,,,LABELER,Mylan Pharmaceuticals Inc.,C73594,NLM,TRUE,,7,,,FALSE,TRUE,FALSE,TRUE,TRUE
00378-0143-01_PART_1_OF_1_CHAL10_SF_8221411A.jpg,00378-0143-01,143,TRUE,TRUE,FALSE,fcn_mix_weight/dr_224/00378-0143-01_PART_1_OF_1_CHAL10_SF_8221411A.jpg,00378-0143-01_8221411A,23255,TRUE,10/17/2017 05:31:00 PM,10/17/2017 05:31:00 PM,603bc652-31c6-4d50-bb80-e6da5289a3c7-0378-0143-0,603bc652-31c6-4d50-bb80-e6da5289a3c7,14,,C48336,CAPSULE,,1,,MYLAN;143,,C48329,GREEN,,INDOMETHACIN 25 mg;,INDOMETHACIN[INDOMETHACIN];,"SILICON DIOXIDE;GELATIN;FD&C GREEN NO. 3;MAGNESIUM STEARATE;CELLULOSE, MICROCRYSTALLINE;POWDERED CELLULOSE;SODIUM LAURYL SULFATE;SODIUM STARCH GLYCOLATE TYPE A POTATO;TITANIUM DIOXIDE;D&C YELLOW NO. 10;FERROSOFERRIC OXIDE;FD&C BLUE NO. 1;FD&C BLUE NO. 2;FD&C RED NO. 40;PROPYLENE GLYCOL;",HRX,,Indomethacin 25 MG Oral Capsule,197817,,0378-0143,0,,3780143,378,143,Indomethacin,active,20080313,f49baf56-9d2b-4873-9d61-104e08e8c152.xml,,C25158,34391-3,,,LABELER,Mylan Pharmaceuticals Inc.,C73594,NLM,TRUE,,7,,,FALSE,TRUE,FALSE,TRUE,TRUE
00378-0152-01_PART_1_OF_1_CHAL10_SB_3D231E88.jpg,00378-0152-01,152,TRUE,FALSE,FALSE,fcn_mix_weight/dr_224/00378-0152-01_PART_1_OF_1_CHAL10_SB_3D231E88.jpg,00378-0152-01_3D231E88,15875,TRUE,10/17/2017 05:30:29 PM,2020-02-10 17:10:40,4d2d4378-b729-4aa6-8dcd-c8019f289652-0378-0152-0,4d2d4378-b729-4aa6-8dcd-c8019f289652,6,,C48348,ROUND,,2,,MYLAN;152,,C48325,WHITE,,CLONIDINE HYDROCHLORIDE 0.1 mg;,CLONIDINE HYDROCHLORIDE[CLONIDINE];,AMMONIUM CHLORIDE;SILICON DIOXIDE;CROSCARMELLOSE SODIUM;MAGNESIUM STEARATE;MICROCRYSTALLINE CELLULOSE;SODIUM LAURYL SULFATE;,HRX,SCD,clonidine hydrochloride 0.1 MG Oral Tablet,884173,2020-02-10 16:02:36,0378-0152,0,,3780152,378,152,Clonidine Hydrochloride,completed,20120627,c16087c0-cf3a-46c3-8151-81895c298888.xml,,C42998,34391-3,,,LABELER,Mylan Pharmaceuticals Inc.,C73584,NLM,TRUE,,6,,,TRUE,FALSE,FALSE,TRUE,TRUE
00378-0152-01_PART_1_OF_1_CHAL10_SF_3D231E88.jpg,00378-0152-01,152,TRUE,TRUE,FALSE,fcn_mix_weight/dr_224/00378-0152-01_PART_1_OF_1_CHAL10_SF_3D231E88.jpg,00378-0152-01_3D231E88,15875,TRUE,10/17/2017 05:30:29 PM,2020-02-10 17:10:40,4d2d4378-b729-4aa6-8dcd-c8019f289652-0378-0152-0,4d2d4378-b729-4aa6-8dcd-c8019f289652,6,,C48348,ROUND,,2,,MYLAN;152,,C48325,WHITE,,CLONIDINE HYDROCHLORIDE 0.1 mg;,CLONIDINE HYDROCHLORIDE[CLONIDINE];,AMMONIUM CHLORIDE;SILICON DIOXIDE;CROSCARMELLOSE SODIUM;MAGNESIUM STEARATE;MICROCRYSTALLINE CELLULOSE;SODIUM LAURYL SULFATE;,HRX,SCD,clonidine hydrochloride 0.1 MG Oral Tablet,884173,2020-02-10 16:02:36,0378-0152,0,,3780152,378,152,Clonidine Hydrochloride,completed,20120627,c16087c0-cf3a-46c3-8151-81895c298888.xml,,C42998,34391-3,,,LABELER,Mylan Pharmaceuticals Inc.,C73584,NLM,TRUE,,6,,,TRUE,FALSE,FALSE,TRUE,TRUE
00378-0183-01_PART_1_OF_1_CHAL10_SB_95204A82.jpg,00378-0183-01,183,TRUE,FALSE,FALSE,fcn_mix_weight/dr_224/00378-0183-01_PART_1_OF_1_CHAL10_SB_95204A82.jpg,00378-0183-01_95204A82,47869,TRUE,10/17/2017 05:32:50 PM,2020-02-10 17:06:44,b94dcec7-7633-4a33-9cea-48161adeaf93-0378-0183-0,b94dcec7-7633-4a33-9cea-48161adeaf93,7,,C48348,ROUND,,2,,MYLAN;183;20,,C48333,BLUE,,PROPRANOLOL HYDROCHLORIDE 20 mg;,PROPRANOLOL HYDROCHLORIDE[PROPRANOLOL];,"SILICON DIOXIDE;CROSCARMELLOSE SODIUM;MAGNESIUM STEARATE;MICROCRYSTALLINE CELLULOSE;STARCH, CORN;SODIUM LAURYL SULFATE;FD&C BLUE NO. 1;",HRX,SCD,propranolol hydrochloride 20 MG Oral Tablet,856457,2020-02-10 15:40:58,0378-0183,0,,3780183,378,183,Propranolol Hydrochloride,active,20171129,58b7d87d-275d-42ad-a100-8522c9eecec8.xml,,C42998,34391-3,,,LABELER,Mylan Pharmaceuticals Inc.,C73584,NLM,TRUE,,8,,,TRUE,FALSE,FALSE,TRUE,TRUE
00378-0183-01_PART_1_OF_1_CHAL10_SF_95204A82.jpg,00378-0183-01,183,TRUE,TRUE,FALSE,fcn_mix_weight/dr_224/00378-0183-01_PART_1_OF_1_CHAL10_SF_95204A82.jpg,00378-0183-01_95204A82,47869,TRUE,10/17/2017 05:32:50 PM,2020-02-10 17:06:44,b94dcec7-7633-4a33-9cea-48161adeaf93-0378-0183-0,b94dcec7-7633-4a33-9cea-48161adeaf93,7,,C48348,ROUND,,2,,MYLAN;183;20,,C48333,BLUE,,PROPRANOLOL HYDROCHLORIDE 20 mg;,PROPRANOLOL HYDROCHLORIDE[PROPRANOLOL];,"SILICON DIOXIDE;CROSCARMELLOSE SODIUM;MAGNESIUM STEARATE;MICROCRYSTALLINE CELLULOSE;STARCH, CORN;SODIUM LAURYL SULFATE;FD&C BLUE NO. 1;",HRX,SCD,propranolol hydrochloride 20 MG Oral Tablet,856457,2020-02-10 15:40:58,0378-0183,0,,3780183,378,183,Propranolol Hydrochloride,active,20171129,58b7d87d-275d-42ad-a100-8522c9eecec8.xml,,C42998,34391-3,,,LABELER,Mylan Pharmaceuticals Inc.,C73584,NLM,TRUE,,8,,,TRUE,FALSE,FALSE,TRUE,TRUE
00378-0184-01_PART_1_OF_1_CHAL10_SB_652032B1.jpg,00378-0184-01,184,TRUE,FALSE,FALSE,fcn_mix_weight/dr_224/00378-0184-01_PART_1_OF_1_CHAL10_SB_652032B1.jpg,00378-0184-01_652032B1,24701,TRUE,10/17/2017 05:31:07 PM,2020-02-10 17:11:57,b94dcec7-7633-4a33-9cea-48161adeaf93-0378-0184-0,b94dcec7-7633-4a33-9cea-48161adeaf93,9,,C48348,ROUND,,2,,MYLAN;184;40,,C48329,GREEN,,PROPRANOLOL HYDROCHLORIDE 40 mg;,PROPRANOLOL HYDROCHLORIDE[PROPRANOLOL];,"SILICON DIOXIDE;CROSCARMELLOSE SODIUM;MAGNESIUM STEARATE;MICROCRYSTALLINE CELLULOSE;STARCH, CORN;SODIUM LAURYL SULFATE;FD&C BLUE NO. 1;FD&C YELLOW NO. 6;D&C YELLOW NO. 10;",HRX,SCD,propranolol hydrochloride 40 MG Oral Tablet,856519,2020-02-10 16:09:39,0378-0184,0,,3780184,378,184,Propranolol Hydrochloride,active,20171129,58b7d87d-275d-42ad-a100-8522c9eecec8.xml,,C42998,34391-3,,,LABELER,Mylan Pharmaceuticals Inc.,C73584,NLM,TRUE,,8,,,TRUE,FALSE,FALSE,TRUE,TRUE
00378-0184-01_PART_1_OF_1_CHAL10_SF_652032B1.jpg,00378-0184-01,184,TRUE,TRUE,FALSE,fcn_mix_weight/dr_224/00378-0184-01_PART_1_OF_1_CHAL10_SF_652032B1.jpg,00378-0184-01_652032B1,24701,TRUE,10/17/2017 05:31:07 PM,2020-02-10 17:11:57,b94dcec7-7633-4a33-9cea-48161adeaf93-0378-0184-0,b94dcec7-7633-4a33-9cea-48161adeaf93,9,,C48348,ROUND,,2,,MYLAN;184;40,,C48329,GREEN,,PROPRANOLOL HYDROCHLORIDE 40 mg;,PROPRANOLOL HYDROCHLORIDE[PROPRANOLOL];,"SILICON DIOXIDE;CROSCARMELLOSE SODIUM;MAGNESIUM STEARATE;MICROCRYSTALLINE CELLULOSE;STARCH, CORN;SODIUM LAURYL SULFATE;FD&C BLUE NO. 1;FD&C YELLOW NO. 6;D&C YELLOW NO. 10;",HRX,SCD,propranolol hydrochloride 40 MG Oral Tablet,856519,2020-02-10 16:09:39,0378-0184,0,,3780184,378,184,Propranolol Hydrochloride,active,20171129,58b7d87d-275d-42ad-a100-8522c9eecec8.xml,,C42998,34391-3,,,LABELER,Mylan Pharmaceuticals Inc.,C73584,NLM,TRUE,,8,,,TRUE,FALSE,FALSE,TRUE,TRUE
00378-0186-01_PART_1_OF_1_CHAL10_SB_5626AB25.jpg,00378-0186-01,186,TRUE,FALSE,FALSE,fcn_mix_weight/dr_224/00378-0186-01_PART_1_OF_1_CHAL10_SB_5626AB25.jpg,00378-0186-01_5626AB25,10896,TRUE,10/17/2017 05:30:08 PM,2020-02-10 17:14:20,4d2d4378-b729-4aa6-8dcd-c8019f289652-0378-0186-0,4d2d4378-b729-4aa6-8dcd-c8019f289652,7,,C48348,ROUND,,2,,MYLAN;186,,C48325,WHITE,,CLONIDINE HYDROCHLORIDE 0.2 mg;,CLONIDINE HYDROCHLORIDE[CLONIDINE];,AMMONIUM CHLORIDE;SILICON DIOXIDE;CROSCARMELLOSE SODIUM;MAGNESIUM STEARATE;MICROCRYSTALLINE CELLULOSE;SODIUM LAURYL SULFATE;,HRX,SCD,clonidine hydrochloride 0.2 MG Oral Tablet,884185,2020-02-10 16:22:47,0378-0186,0,,3780186,378,186,Clonidine Hydrochloride,completed,20120627,c16087c0-cf3a-46c3-8151-81895c298888.xml,,C42998,34391-3,,,LABELER,Mylan Pharmaceuticals Inc.,C73584,NLM,TRUE,,6,,,TRUE,FALSE,FALSE,TRUE,TRUE
00378-0186-01_PART_1_OF_1_CHAL10_SF_5626AB25.jpg,00378-0186-01,186,TRUE,TRUE,FALSE,fcn_mix_weight/dr_224/00378-0186-01_PART_1_OF_1_CHAL10_SF_5626AB25.jpg,00378-0186-01_5626AB25,10896,TRUE,10/17/2017 05:30:08 PM,2020-02-10 17:14:20,4d2d4378-b729-4aa6-8dcd-c8019f289652-0378-0186-0,4d2d4378-b729-4aa6-8dcd-c8019f289652,7,,C48348,ROUND,,2,,MYLAN;186,,C48325,WHITE,,CLONIDINE HYDROCHLORIDE 0.2 mg;,CLONIDINE HYDROCHLORIDE[CLONIDINE];,AMMONIUM CHLORIDE;SILICON DIOXIDE;CROSCARMELLOSE SODIUM;MAGNESIUM STEARATE;MICROCRYSTALLINE CELLULOSE;SODIUM LAURYL SULFATE;,HRX,SCD,clonidine hydrochloride 0.2 MG Oral Tablet,884185,2020-02-10 16:22:47,0378-0186,0,,3780186,378,186,Clonidine Hydrochloride,completed,20120627,c16087c0-cf3a-46c3-8151-81895c298888.xml,,C42998,34391-3,,,LABELER,Mylan Pharmaceuticals Inc.,C73584,NLM,TRUE,,6,,,TRUE,FALSE,FALSE,TRUE,TRUE
00378-0208-01_PART_1_OF_1_CHAL10_SB_99204CF2.jpg,00378-0208-01,208,TRUE,FALSE,FALSE,fcn_mix_weight/dr_224/00378-0208-01_PART_1_OF_1_CHAL10_SB_99204CF2.jpg,00378-0208-01_99204CF2,20489,TRUE,10/17/2017 05:30:49 PM,2020-02-10 17:00:15,5c50b5a3-9b39-4cad-8be5-c2a8dd3f7df5-0378-0208-0,5c50b5a3-9b39-4cad-8be5-c2a8dd3f7df5,6,,C48348,ROUND,,1,,M2,,C48325,WHITE,,Furosemide 20 mg;,Furosemide[Furosemide];,"SILICON DIOXIDE;LACTOSE MONOHYDRATE;MICROCRYSTALLINE CELLULOSE;STARCH, CORN;STEARIC ACID;",HRX,SCD,furosemide 20 MG Oral Tablet,310429,2020-02-10 16:28:15,0378-0208,0,,3780208,378,208,Furosemide,active,20180628,32026e66-2942-4d0a-85a7-73d676889d4b.xml,,C42998,34391-3,,,LABELER,Mylan Pharmaceuticals Inc.,C73594,NLM,TRUE,,14,,,TRUE,FALSE,FALSE,TRUE,TRUE
00378-0208-01_PART_1_OF_1_CHAL10_SF_99204CF2.jpg,00378-0208-01,208,TRUE,TRUE,FALSE,fcn_mix_weight/dr_224/00378-0208-01_PART_1_OF_1_CHAL10_SF_99204CF2.jpg,00378-0208-01_99204CF2,20489,TRUE,10/17/2017 05:30:49 PM,2020-02-10 17:00:15,5c50b5a3-9b39-4cad-8be5-c2a8dd3f7df5-0378-0208-0,5c50b5a3-9b39-4cad-8be5-c2a8dd3f7df5,6,,C48348,ROUND,,1,,M2,,C48325,WHITE,,Furosemide 20 mg;,Furosemide[Furosemide];,"SILICON DIOXIDE;LACTOSE MONOHYDRATE;MICROCRYSTALLINE CELLULOSE;STARCH, CORN;STEARIC ACID;",HRX,SCD,furosemide 20 MG Oral Tablet,310429,2020-02-10 16:28:15,0378-0208,0,,3780208,378,208,Furosemide,active,20180628,32026e66-2942-4d0a-85a7-73d676889d4b.xml,,C42998,34391-3,,,LABELER,Mylan Pharmaceuticals Inc.,C73594,NLM,TRUE,,14,,,TRUE,FALSE,FALSE,TRUE,TRUE
00378-0216-01_PART_1_OF_1_CHAL10_SB_74203A31.jpg,00378-0216-01,216,TRUE,FALSE,FALSE,fcn_mix_weight/dr_224/00378-0216-01_PART_1_OF_1_CHAL10_SB_74203A31.jpg,00378-0216-01_74203A31,38817,TRUE,10/17/2017 05:32:09 PM,2020-02-10 17:15:22,5c50b5a3-9b39-4cad-8be5-c2a8dd3f7df5-0378-0216-0,5c50b5a3-9b39-4cad-8be5-c2a8dd3f7df5,8,,C48348,ROUND,,2,,MYLAN;216;40,,C48325,WHITE,,FUROSEMIDE 40 mg;,FUROSEMIDE[FUROSEMIDE];,"SILICON DIOXIDE;LACTOSE MONOHYDRATE;MICROCRYSTALLINE CELLULOSE;STARCH, CORN;STEARIC ACID;",HRX,SCD,furosemide 40 MG Oral Tablet,313988,2020-02-10 16:28:12,0378-0216,0,,3780216,378,216,Furosemide,active,20180628,32026e66-2942-4d0a-85a7-73d676889d4b.xml,,C42998,34391-3,,,LABELER,Mylan Pharmaceuticals Inc.,C73594,NLM,TRUE,,14,,,TRUE,FALSE,FALSE,TRUE,TRUE
00378-0216-01_PART_1_OF_1_CHAL10_SF_74203A31.jpg,00378-0216-01,216,TRUE,TRUE,FALSE,fcn_mix_weight/dr_224/00378-0216-01_PART_1_OF_1_CHAL10_SF_74203A31.jpg,00378-0216-01_74203A31,38817,TRUE,10/17/2017 05:32:09 PM,2020-02-10 17:15:22,5c50b5a3-9b39-4cad-8be5-c2a8dd3f7df5-0378-0216-0,5c50b5a3-9b39-4cad-8be5-c2a8dd3f7df5,8,,C48348,ROUND,,2,,MYLAN;216;40,,C48325,WHITE,,FUROSEMIDE 40 mg;,FUROSEMIDE[FUROSEMIDE];,"SILICON DIOXIDE;LACTOSE MONOHYDRATE;MICROCRYSTALLINE CELLULOSE;STARCH, CORN;STEARIC ACID;",HRX,SCD,furosemide 40 MG Oral Tablet,313988,2020-02-10 16:28:12,0378-0216,0,,3780216,378,216,Furosemide,active,20180628,32026e66-2942-4d0a-85a7-73d676889d4b.xml,,C42998,34391-3,,,LABELER,Mylan Pharmaceuticals Inc.,C73594,NLM,TRUE,,14,,,TRUE,FALSE,FALSE,TRUE,TRUE
00378-0218-01_PART_1_OF_1_CHAL10_SB_BF205FB2.jpg,00378-0218-01,218,TRUE,FALSE,FALSE,fcn_mix_weight/dr_224/00378-0218-01_PART_1_OF_1_CHAL10_SB_BF205FB2.jpg,00378-0218-01_BF205FB2,20861,TRUE,10/17/2017 05:30:50 PM,2020-02-10 17:06:29,a7048c81-6769-436b-8397-fbaa7489fcdf-0378-0218-0,a7048c81-6769-436b-8397-fbaa7489fcdf,6,,C48348,ROUND,,1,,M;A2,,C48325,WHITE,,ATENOLOL 25 mg;,ATENOLOL[ATENOLOL];,SILICON DIOXIDE;MAGNESIUM STEARATE;MICROCRYSTALLINE CELLULOSE;SODIUM LAURYL SULFATE;SODIUM STARCH GLYCOLATE TYPE A POTATO;,HRX,SCD,atenolol 25 MG Oral Tablet,197380,2020-02-10 15:39:43,0378-0218,0,,3780218,378,218,Atenolol,active,20170915,efa6d04e-9ec4-421d-ab92-effe8d2d5e44.xml,,C42998,34391-3,,,LABELER,Mylan Pharmaceuticals Inc.,C73584,NLM,TRUE,,11,,,TRUE,FALSE,FALSE,TRUE,TRUE
00378-0218-01_PART_1_OF_1_CHAL10_SF_BF205FB2.jpg,00378-0218-01,218,TRUE,TRUE,FALSE,fcn_mix_weight/dr_224/00378-0218-01_PART_1_OF_1_CHAL10_SF_BF205FB2.jpg,00378-0218-01_BF205FB2,20861,TRUE,10/17/2017 05:30:50 PM,2020-02-10 17:06:29,a7048c81-6769-436b-8397-fbaa7489fcdf-0378-0218-0,a7048c81-6769-436b-8397-fbaa7489fcdf,6,,C48348,ROUND,,1,,M;A2,,C48325,WHITE,,ATENOLOL 25 mg;,ATENOLOL[ATENOLOL];,SILICON DIOXIDE;MAGNESIUM STEARATE;MICROCRYSTALLINE CELLULOSE;SODIUM LAURYL SULFATE;SODIUM STARCH GLYCOLATE TYPE A POTATO;,HRX,SCD,atenolol 25 MG Oral Tablet,197380,2020-02-10 15:39:43,0378-0218,0,,3780218,378,218,Atenolol,active,20170915,efa6d04e-9ec4-421d-ab92-effe8d2d5e44.xml,,C42998,34391-3,,,LABELER,Mylan Pharmaceuticals Inc.,C73584,NLM,TRUE,,11,,,TRUE,FALSE,FALSE,TRUE,TRUE
00378-0232-01_PART_1_OF_1_CHAL10_SB_86204302.jpg,00378-0232-01,232,TRUE,FALSE,FALSE,fcn_mix_weight/dr_224/00378-0232-01_PART_1_OF_1_CHAL10_SB_86204302.jpg,00378-0232-01_86204302,27877,TRUE,10/17/2017 05:31:20 PM,2020-02-10 17:10:31,5c50b5a3-9b39-4cad-8be5-c2a8dd3f7df5-0378-0232-0,5c50b5a3-9b39-4cad-8be5-c2a8dd3f7df5,10,,C48348,ROUND,,2,,MYLAN;232;80,,C48325,WHITE,,FUROSEMIDE 80 mg;,FUROSEMIDE[FUROSEMIDE];,"SILICON DIOXIDE;LACTOSE MONOHYDRATE;MICROCRYSTALLINE CELLULOSE;STARCH, CORN;STEARIC ACID;",HRX,SCD,furosemide 80 MG Oral Tablet,197732,2020-02-10 16:01:55,0378-0232,0,,3780232,378,232,Furosemide,active,20180628,32026e66-2942-4d0a-85a7-73d676889d4b.xml,,C42998,34391-3,,,LABELER,Mylan Pharmaceuticals Inc.,C73584,NLM,TRUE,,14,,,TRUE,FALSE,FALSE,TRUE,TRUE
00378-0232-01_PART_1_OF_1_CHAL10_SF_86204302.jpg,00378-0232-01,232,TRUE,TRUE,FALSE,fcn_mix_weight/dr_224/00378-0232-01_PART_1_OF_1_CHAL10_SF_86204302.jpg,00378-0232-01_86204302,27877,TRUE,10/17/2017 05:31:20 PM,2020-02-10 17:10:31,5c50b5a3-9b39-4cad-8be5-c2a8dd3f7df5-0378-0232-0,5c50b5a3-9b39-4cad-8be5-c2a8dd3f7df5,10,,C48348,ROUND,,2,,MYLAN;232;80,,C48325,WHITE,,FUROSEMIDE 80 mg;,FUROSEMIDE[FUROSEMIDE];,"SILICON DIOXIDE;LACTOSE MONOHYDRATE;MICROCRYSTALLINE CELLULOSE;STARCH, CORN;STEARIC ACID;",HRX,SCD,furosemide 80 MG Oral Tablet,197732,2020-02-10 16:01:55,0378-0232,0,,3780232,378,232,Furosemide,active,20180628,32026e66-2942-4d0a-85a7-73d676889d4b.xml,,C42998,34391-3,,,LABELER,Mylan Pharmaceuticals Inc.,C73584,NLM,TRUE,,14,,,TRUE,FALSE,FALSE,TRUE,TRUE
00378-0501-01_PART_1_OF_1_CHAL10_SB_CA21657B.jpg,00378-0501-01,501,TRUE,FALSE,FALSE,fcn_mix_weight/dr_224/00378-0501-01_PART_1_OF_1_CHAL10_SB_CA21657B.jpg,00378-0501-01_CA21657B,27664,TRUE,10/17/2017 05:31:19 PM,2020-02-10 17:16:14,d4243a76-516c-417e-80ba-444a21ecc688-0378-0501-0,d4243a76-516c-417e-80ba-444a21ecc688,7,,C48348,ROUND,,1,,M;501,,C48331,ORANGE,,BISOPROLOL FUMARATE 2.5 mg;HYDROCHLOROTHIAZIDE 6.25 mg;,BISOPROLOL FUMARATE[BISOPROLOL];HYDROCHLOROTHIAZIDE[HYDROCHLOROTHIAZIDE];,"ANHYDROUS LACTOSE;SILICON DIOXIDE;CROSCARMELLOSE SODIUM;HYPROMELLOSE, UNSPECIFIED;MAGNESIUM STEARATE;MICROCRYSTALLINE CELLULOSE;POLYDEXTROSE;POLYETHYLENE GLYCOL, UNSPECIFIED;STARCH, CORN;SODIUM LAURYL SULFATE;TITANIUM DIOXIDE;FD&C YELLOW NO. 6;",HRX,SCD,bisoprolol fumarate 2.5 MG / hydrochlorothiazide 6.25 MG Oral Tablet,854916,2020-02-10 16:32:40,0378-0501,0,,3780501,378,501,Bisoprolol Fumarate and Hydrochlorothiazide,completed,20170620,635214cb-5401-46a8-b56c-9144a6cf1e51.xml,,C42931,34391-3,,,LABELER,Mylan Pharmaceuticals Inc.,C73584,NLM,TRUE,,7,,,TRUE,FALSE,FALSE,TRUE,TRUE
00378-0501-01_PART_1_OF_1_CHAL10_SF_CA21657B.jpg,00378-0501-01,501,TRUE,TRUE,FALSE,fcn_mix_weight/dr_224/00378-0501-01_PART_1_OF_1_CHAL10_SF_CA21657B.jpg,00378-0501-01_CA21657B,27664,TRUE,10/17/2017 05:31:19 PM,2020-02-10 17:16:14,d4243a76-516c-417e-80ba-444a21ecc688-0378-0501-0,d4243a76-516c-417e-80ba-444a21ecc688,7,,C48348,ROUND,,1,,M;501,,C48331,ORANGE,,BISOPROLOL FUMARATE 2.5 mg;HYDROCHLOROTHIAZIDE 6.25 mg;,BISOPROLOL FUMARATE[BISOPROLOL];HYDROCHLOROTHIAZIDE[HYDROCHLOROTHIAZIDE];,"ANHYDROUS LACTOSE;SILICON DIOXIDE;CROSCARMELLOSE SODIUM;HYPROMELLOSE, UNSPECIFIED;MAGNESIUM STEARATE;MICROCRYSTALLINE CELLULOSE;POLYDEXTROSE;POLYETHYLENE GLYCOL, UNSPECIFIED;STARCH, CORN;SODIUM LAURYL SULFATE;TITANIUM DIOXIDE;FD&C YELLOW NO. 6;",HRX,SCD,bisoprolol fumarate 2.5 MG / hydrochlorothiazide 6.25 MG Oral Tablet,854916,2020-02-10 16:32:40,0378-0501,0,,3780501,378,501,Bisoprolol Fumarate and Hydrochlorothiazide,completed,20170620,635214cb-5401-46a8-b56c-9144a6cf1e51.xml,,C42931,34391-3,,,LABELER,Mylan Pharmaceuticals Inc.,C73584,NLM,TRUE,,7,,,TRUE,FALSE,FALSE,TRUE,TRUE
00378-0503-01_PART_1_OF_1_CHAL10_SB_C923E4BF.jpg,00378-0503-01,503,TRUE,FALSE,FALSE,fcn_mix_weight/dr_224/00378-0503-01_PART_1_OF_1_CHAL10_SB_C923E4BF.jpg,00378-0503-01_C923E4BF,40151,TRUE,10/17/2017 05:32:15 PM,2020-02-10 17:15:07,d4243a76-516c-417e-80ba-444a21ecc688-0378-0503-0,d4243a76-516c-417e-80ba-444a21ecc688,7,,C48348,ROUND,,1,,M;503,,C48333,BLUE,,BISOPROLOL FUMARATE 5 mg;HYDROCHLOROTHIAZIDE 6.25 mg;,BISOPROLOL FUMARATE[BISOPROLOL];HYDROCHLOROTHIAZIDE[HYDROCHLOROTHIAZIDE];,"ANHYDROUS LACTOSE;SILICON DIOXIDE;CROSCARMELLOSE SODIUM;HYPROMELLOSE, UNSPECIFIED;MAGNESIUM STEARATE;MICROCRYSTALLINE CELLULOSE;POLYDEXTROSE;POLYETHYLENE GLYCOL, UNSPECIFIED;STARCH, CORN;SODIUM LAURYL SULFATE;TITANIUM DIOXIDE;FD&C BLUE NO. 2;FD&C YELLOW NO. 6;",HRX,SCD,bisoprolol fumarate 5 MG / hydrochlorothiazide 6.25 MG Oral Tablet,854919,2020-02-10 16:26:57,0378-0503,0,,3780503,378,503,Bisoprolol Fumarate and Hydrochlorothiazide,completed,20170620,635214cb-5401-46a8-b56c-9144a6cf1e51.xml,,C42931,34391-3,,,LABELER,Mylan Pharmaceuticals Inc.,C73584,NLM,TRUE,,7,,,TRUE,FALSE,FALSE,TRUE,TRUE
00378-0503-01_PART_1_OF_1_CHAL10_SF_C923E4BF.jpg,00378-0503-01,503,TRUE,TRUE,FALSE,fcn_mix_weight/dr_224/00378-0503-01_PART_1_OF_1_CHAL10_SF_C923E4BF.jpg,00378-0503-01_C923E4BF,40151,TRUE,10/17/2017 05:32:15 PM,2020-02-10 17:15:07,d4243a76-516c-417e-80ba-444a21ecc688-0378-0503-0,d4243a76-516c-417e-80ba-444a21ecc688,7,,C48348,ROUND,,1,,M;503,,C48333,BLUE,,BISOPROLOL FUMARATE 5 mg;HYDROCHLOROTHIAZIDE 6.25 mg;,BISOPROLOL FUMARATE[BISOPROLOL];HYDROCHLOROTHIAZIDE[HYDROCHLOROTHIAZIDE];,"ANHYDROUS LACTOSE;SILICON DIOXIDE;CROSCARMELLOSE SODIUM;HYPROMELLOSE, UNSPECIFIED;MAGNESIUM STEARATE;MICROCRYSTALLINE CELLULOSE;POLYDEXTROSE;POLYETHYLENE GLYCOL, UNSPECIFIED;STARCH, CORN;SODIUM LAURYL SULFATE;TITANIUM DIOXIDE;FD&C BLUE NO. 2;FD&C YELLOW NO. 6;",HRX,SCD,bisoprolol fumarate 5 MG / hydrochlorothiazide 6.25 MG Oral Tablet,854919,2020-02-10 16:26:57,0378-0503,0,,3780503,378,503,Bisoprolol Fumarate and Hydrochlorothiazide,completed,20170620,635214cb-5401-46a8-b56c-9144a6cf1e51.xml,,C42931,34391-3,,,LABELER,Mylan Pharmaceuticals Inc.,C73584,NLM,TRUE,,7,,,TRUE,FALSE,FALSE,TRUE,TRUE
00378-0505-01_PART_1_OF_1_CHAL10_SB_652332F9.jpg,00378-0505-01,505,TRUE,FALSE,FALSE,fcn_mix_weight/dr_224/00378-0505-01_PART_1_OF_1_CHAL10_SB_652332F9.jpg,00378-0505-01_652332F9,23595,TRUE,10/17/2017 05:31:02 PM,2020-02-10 17:00:41,d4243a76-516c-417e-80ba-444a21ecc688-0378-0505-0,d4243a76-516c-417e-80ba-444a21ecc688,7,,C48348,ROUND,,1,,M;505,,C48325,WHITE,,BISOPROLOL FUMARATE 10 mg;HYDROCHLOROTHIAZIDE 6.25 mg;,BISOPROLOL FUMARATE[BISOPROLOL];HYDROCHLOROTHIAZIDE[HYDROCHLOROTHIAZIDE];,"ANHYDROUS LACTOSE;SILICON DIOXIDE;CROSCARMELLOSE SODIUM;HYPROMELLOSE, UNSPECIFIED;MAGNESIUM STEARATE;MICROCRYSTALLINE CELLULOSE;POLYDEXTROSE;POLYETHYLENE GLYCOL, UNSPECIFIED;STARCH, CORN;SODIUM LAURYL SULFATE;TITANIUM DIOXIDE;",HRX,SCD,bisoprolol fumarate 10 MG / hydrochlorothiazide 6.25 MG Oral Tablet,854908,2020-02-10 15:12:10,0378-0505,0,,3780505,378,505,Bisoprolol Fumarate and Hydrochlorothiazide,completed,20170620,635214cb-5401-46a8-b56c-9144a6cf1e51.xml,,C42931,34391-3,,,LABELER,Mylan Pharmaceuticals Inc.,C73584,NLM,TRUE,,7,,,TRUE,FALSE,FALSE,TRUE,TRUE
00378-0505-01_PART_1_OF_1_CHAL10_SF_652332F9.jpg,00378-0505-01,505,TRUE,TRUE,FALSE,fcn_mix_weight/dr_224/00378-0505-01_PART_1_OF_1_CHAL10_SF_652332F9.jpg,00378-0505-01_652332F9,23595,TRUE,10/17/2017 05:31:02 PM,2020-02-10 17:00:41,d4243a76-516c-417e-80ba-444a21ecc688-0378-0505-0,d4243a76-516c-417e-80ba-444a21ecc688,7,,C48348,ROUND,,1,,M;505,,C48325,WHITE,,BISOPROLOL FUMARATE 10 mg;HYDROCHLOROTHIAZIDE 6.25 mg;,BISOPROLOL FUMARATE[BISOPROLOL];HYDROCHLOROTHIAZIDE[HYDROCHLOROTHIAZIDE];,"ANHYDROUS LACTOSE;SILICON DIOXIDE;CROSCARMELLOSE SODIUM;HYPROMELLOSE, UNSPECIFIED;MAGNESIUM STEARATE;MICROCRYSTALLINE CELLULOSE;POLYDEXTROSE;POLYETHYLENE GLYCOL, UNSPECIFIED;STARCH, CORN;SODIUM LAURYL SULFATE;TITANIUM DIOXIDE;",HRX,SCD,bisoprolol fumarate 10 MG / hydrochlorothiazide 6.25 MG Oral Tablet,854908,2020-02-10 15:12:10,0378-0505,0,,3780505,378,505,Bisoprolol Fumarate and Hydrochlorothiazide,completed,20170620,635214cb-5401-46a8-b56c-9144a6cf1e51.xml,,C42931,34391-3,,,LABELER,Mylan Pharmaceuticals Inc.,C73584,NLM,TRUE,,7,,,TRUE,FALSE,FALSE,TRUE,TRUE
00378-0722-19_PART_1_OF_1_CHAL10_SB_3E241F00.jpg,00378-0722-19,722,TRUE,FALSE,FALSE,fcn_mix_weight/dr_224/00378-0722-19_PART_1_OF_1_CHAL10_SB_3E241F00.jpg,00378-0722-19_3E241F00,48677,TRUE,10/17/2017 05:32:54 PM,2020-02-10 17:03:05,b4227d39-6f9e-5ded-4169-087ce91a75b5-0378-0722-0,b4227d39-6f9e-5ded-4169-087ce91a75b5,8,,C48348,ROUND,,2,,M;722,,C48325,WHITE,,TIZANIDINE HYDROCHLORIDE 2 mg;,TIZANIDINE HYDROCHLORIDE[TIZANIDINE];,ANHYDROUS LACTOSE;SILICON DIOXIDE;CROSCARMELLOSE SODIUM;MICROCRYSTALLINE CELLULOSE;STEARIC ACID;,HRX,SCD,tizanidine 2 MG Oral Tablet,313412,2020-02-10 15:23:51,0378-0722,0,,3780722,378,722,Tizanidine,completed,20131113,b60798f1-a7ba-4ab7-9ab6-81e650101b45.xml,,C42998,34391-3,,,LABELER,Mylan Pharmaceuticals Inc.,C73584,NLM,TRUE,,9,,,TRUE,FALSE,FALSE,TRUE,TRUE
00378-0722-19_PART_1_OF_1_CHAL10_SF_3E241F00.jpg,00378-0722-19,722,TRUE,TRUE,FALSE,fcn_mix_weight/dr_224/00378-0722-19_PART_1_OF_1_CHAL10_SF_3E241F00.jpg,00378-0722-19_3E241F00,48677,TRUE,10/17/2017 05:32:54 PM,2020-02-10 17:03:05,b4227d39-6f9e-5ded-4169-087ce91a75b5-0378-0722-0,b4227d39-6f9e-5ded-4169-087ce91a75b5,8,,C48348,ROUND,,2,,M;722,,C48325,WHITE,,TIZANIDINE HYDROCHLORIDE 2 mg;,TIZANIDINE HYDROCHLORIDE[TIZANIDINE];,ANHYDROUS LACTOSE;SILICON DIOXIDE;CROSCARMELLOSE SODIUM;MICROCRYSTALLINE CELLULOSE;STEARIC ACID;,HRX,SCD,tizanidine 2 MG Oral Tablet,313412,2020-02-10 15:23:51,0378-0722,0,,3780722,378,722,Tizanidine,completed,20131113,b60798f1-a7ba-4ab7-9ab6-81e650101b45.xml,,C42998,34391-3,,,LABELER,Mylan Pharmaceuticals Inc.,C73584,NLM,TRUE,,9,,,TRUE,FALSE,FALSE,TRUE,TRUE
00378-0724-19_PART_1_OF_1_CHAL10_SB_39241C90.jpg,00378-0724-19,724,TRUE,FALSE,FALSE,fcn_mix_weight/dr_224/00378-0724-19_PART_1_OF_1_CHAL10_SB_39241C90.jpg,00378-0724-19_39241C90,25682,TRUE,10/17/2017 05:31:11 PM,2020-02-10 17:03:05,b4227d39-6f9e-5ded-4169-087ce91a75b5-0378-0724-0,b4227d39-6f9e-5ded-4169-087ce91a75b5,10,,C48348,ROUND,,4,,M;724,,C48325,WHITE,,TIZANIDINE HYDROCHLORIDE 4 mg;,TIZANIDINE HYDROCHLORIDE[TIZANIDINE];,ANHYDROUS LACTOSE;SILICON DIOXIDE;CROSCARMELLOSE SODIUM;MICROCRYSTALLINE CELLULOSE;STEARIC ACID;,HRX,SCD,tizanidine 4 MG Oral Tablet,313413,2020-02-10 15:23:51,0378-0724,0,,3780724,378,724,Tizanidine,completed,20131113,b60798f1-a7ba-4ab7-9ab6-81e650101b45.xml,,C42998,34391-3,,,LABELER,Mylan Pharmaceuticals Inc.,C73584,NLM,TRUE,,9,,,TRUE,FALSE,FALSE,TRUE,TRUE
00378-0724-19_PART_1_OF_1_CHAL10_SF_39241C90.jpg,00378-0724-19,724,TRUE,TRUE,FALSE,fcn_mix_weight/dr_224/00378-0724-19_PART_1_OF_1_CHAL10_SF_39241C90.jpg,00378-0724-19_39241C90,25682,TRUE,10/17/2017 05:31:11 PM,2020-02-10 17:03:05,b4227d39-6f9e-5ded-4169-087ce91a75b5-0378-0724-0,b4227d39-6f9e-5ded-4169-087ce91a75b5,10,,C48348,ROUND,,4,,M;724,,C48325,WHITE,,TIZANIDINE HYDROCHLORIDE 4 mg;,TIZANIDINE HYDROCHLORIDE[TIZANIDINE];,ANHYDROUS LACTOSE;SILICON DIOXIDE;CROSCARMELLOSE SODIUM;MICROCRYSTALLINE CELLULOSE;STEARIC ACID;,HRX,SCD,tizanidine 4 MG Oral Tablet,313413,2020-02-10 15:23:51,0378-0724,0,,3780724,378,724,Tizanidine,completed,20131113,b60798f1-a7ba-4ab7-9ab6-81e650101b45.xml,,C42998,34391-3,,,LABELER,Mylan Pharmaceuticals Inc.,C73584,NLM,TRUE,,9,,,TRUE,FALSE,FALSE,TRUE,TRUE
00378-1053-01_PART_1_OF_1_CHAL10_SB_32211928.jpg,00378-1053-01,1053,TRUE,FALSE,FALSE,fcn_mix_weight/dr_224/00378-1053-01_PART_1_OF_1_CHAL10_SB_32211928.jpg,00378-1053-01_32211928,35595,TRUE,10/17/2017 05:31:55 PM,2020-02-10 17:11:41,bad08ec8-7f9e-47b6-83b9-437e0191080f-0378-1053-0,bad08ec8-7f9e-47b6-83b9-437e0191080f,8,,C48348,ROUND,,1,,M;E17,,C48333,BLUE,,ENALAPRIL MALEATE 10 mg;,ENALAPRIL MALEATE[ENALAPRILAT ANHYDROUS];,"ANHYDROUS LACTOSE;SILICON DIOXIDE;MAGNESIUM STEARATE;MALEIC ACID;MICROCRYSTALLINE CELLULOSE;STARCH, CORN;SODIUM LAURYL SULFATE;FD&C BLUE NO. 1;",HRX,SCD,enalapril maleate 10 MG Oral Tablet,858817,2020-02-10 16:08:01,0378-1053,0,,3781053,378,1053,Enalapril Maleate,completed,20170727,72376b0c-e9cd-4376-878f-dcaeb8876d65.xml,,C42998,34391-3,,,LABELER,Mylan Pharmaceuticals Inc.,C73584,NLM,TRUE,,10,,,TRUE,FALSE,FALSE,TRUE,TRUE
00378-1053-01_PART_1_OF_1_CHAL10_SF_32211928.jpg,00378-1053-01,1053,TRUE,TRUE,FALSE,fcn_mix_weight/dr_224/00378-1053-01_PART_1_OF_1_CHAL10_SF_32211928.jpg,00378-1053-01_32211928,35595,TRUE,10/17/2017 05:31:55 PM,2020-02-10 17:11:41,bad08ec8-7f9e-47b6-83b9-437e0191080f-0378-1053-0,bad08ec8-7f9e-47b6-83b9-437e0191080f,8,,C48348,ROUND,,1,,M;E17,,C48333,BLUE,,ENALAPRIL MALEATE 10 mg;,ENALAPRIL MALEATE[ENALAPRILAT ANHYDROUS];,"ANHYDROUS LACTOSE;SILICON DIOXIDE;MAGNESIUM STEARATE;MALEIC ACID;MICROCRYSTALLINE CELLULOSE;STARCH, CORN;SODIUM LAURYL SULFATE;FD&C BLUE NO. 1;",HRX,SCD,enalapril maleate 10 MG Oral Tablet,858817,2020-02-10 16:08:01,0378-1053,0,,3781053,378,1053,Enalapril Maleate,completed,20170727,72376b0c-e9cd-4376-878f-dcaeb8876d65.xml,,C42998,34391-3,,,LABELER,Mylan Pharmaceuticals Inc.,C73584,NLM,TRUE,,10,,,TRUE,FALSE,FALSE,TRUE,TRUE
00378-1105-01_PART_1_OF_1_CHAL10_SB_D822EC47.jpg,00378-1105-01,1105,TRUE,FALSE,FALSE,fcn_mix_weight/dr_224/00378-1105-01_PART_1_OF_1_CHAL10_SB_D822EC47.jpg,00378-1105-01_D822EC47,31433,TRUE,10/17/2017 05:31:36 PM,2020-02-10 17:06:49,3e21bcc7-6f0d-4d63-befd-aa3ac8c63e37-0378-1105-0,3e21bcc7-6f0d-4d63-befd-aa3ac8c63e37,8,,C48348,ROUND,,2,,MYLAN;G1,,C48325,WHITE,,GLIPIZIDE 5 mg;,GLIPIZIDE[GLIPIZIDE];,"SILICON DIOXIDE;ANHYDROUS LACTOSE;MICROCRYSTALLINE CELLULOSE;STARCH, CORN;STEARIC ACID;",HRX,SCD,glipizide 5 MG Oral Tablet,310490,2020-02-10 15:41:27,0378-1105,0,,3781105,378,1105,Glipizide,active,20160907,894fe880-0ff4-43bd-9d03-4193f160dd2a.xml,,C42998,34391-3,,,LABELER,Mylan Pharmaceuticals Inc.,C73584,NLM,TRUE,,10,,,TRUE,FALSE,FALSE,TRUE,TRUE
00378-1105-01_PART_1_OF_1_CHAL10_SF_D822EC47.jpg,00378-1105-01,1105,TRUE,TRUE,FALSE,fcn_mix_weight/dr_224/00378-1105-01_PART_1_OF_1_CHAL10_SF_D822EC47.jpg,00378-1105-01_D822EC47,31433,TRUE,10/17/2017 05:31:36 PM,2020-02-10 17:06:49,3e21bcc7-6f0d-4d63-befd-aa3ac8c63e37-0378-1105-0,3e21bcc7-6f0d-4d63-befd-aa3ac8c63e37,8,,C48348,ROUND,,2,,MYLAN;G1,,C48325,WHITE,,GLIPIZIDE 5 mg;,GLIPIZIDE[GLIPIZIDE];,"SILICON DIOXIDE;ANHYDROUS LACTOSE;MICROCRYSTALLINE CELLULOSE;STARCH, CORN;STEARIC ACID;",HRX,SCD,glipizide 5 MG Oral Tablet,310490,2020-02-10 15:41:27,0378-1105,0,,3781105,378,1105,Glipizide,active,20160907,894fe880-0ff4-43bd-9d03-4193f160dd2a.xml,,C42998,34391-3,,,LABELER,Mylan Pharmaceuticals Inc.,C73584,NLM,TRUE,,10,,,TRUE,FALSE,FALSE,TRUE,TRUE
00378-1110-01_PART_1_OF_1_CHAL10_SB_15210A88.jpg,00378-1110-01,1110,TRUE,FALSE,FALSE,fcn_mix_weight/dr_224/00378-1110-01_PART_1_OF_1_CHAL10_SB_15210A88.jpg,00378-1110-01_15210A88,3932,TRUE,10/17/2017 05:29:37 PM,2020-02-10 17:13:34,3e21bcc7-6f0d-4d63-befd-aa3ac8c63e37-0378-1110-0,3e21bcc7-6f0d-4d63-befd-aa3ac8c63e37,10,,C48348,ROUND,,2,,MYLAN;G2,,C48325,WHITE,,GLIPIZIDE 10 mg;,GLIPIZIDE[GLIPIZIDE];,"SILICON DIOXIDE;ANHYDROUS LACTOSE;MICROCRYSTALLINE CELLULOSE;STARCH, CORN;STEARIC ACID;",HRX,SCD,glipizide 10 MG Oral Tablet,310488,2020-02-10 16:18:35,0378-1110,0,,3781110,378,1110,Glipizide,active,20160907,894fe880-0ff4-43bd-9d03-4193f160dd2a.xml,,C42998,34391-3,,,LABELER,Mylan Pharmaceuticals Inc.,C73584,NLM,TRUE,,10,,,TRUE,FALSE,FALSE,TRUE,TRUE
00378-1110-01_PART_1_OF_1_CHAL10_SF_15210A88.jpg,00378-1110-01,1110,TRUE,TRUE,FALSE,fcn_mix_weight/dr_224/00378-1110-01_PART_1_OF_1_CHAL10_SF_15210A88.jpg,00378-1110-01_15210A88,3932,TRUE,10/17/2017 05:29:37 PM,2020-02-10 17:13:34,3e21bcc7-6f0d-4d63-befd-aa3ac8c63e37-0378-1110-0,3e21bcc7-6f0d-4d63-befd-aa3ac8c63e37,10,,C48348,ROUND,,2,,MYLAN;G2,,C48325,WHITE,,GLIPIZIDE 10 mg;,GLIPIZIDE[GLIPIZIDE];,"SILICON DIOXIDE;ANHYDROUS LACTOSE;MICROCRYSTALLINE CELLULOSE;STARCH, CORN;STEARIC ACID;",HRX,SCD,glipizide 10 MG Oral Tablet,310488,2020-02-10 16:18:35,0378-1110,0,,3781110,378,1110,Glipizide,active,20160907,894fe880-0ff4-43bd-9d03-4193f160dd2a.xml,,C42998,34391-3,,,LABELER,Mylan Pharmaceuticals Inc.,C73584,NLM,TRUE,,10,,,TRUE,FALSE,FALSE,TRUE,TRUE
00378-1125-01_PART_1_OF_1_CHAL10_SB_7E203F41.jpg,00378-1125-01,1125,TRUE,FALSE,FALSE,fcn_mix_weight/dr_224/00378-1125-01_PART_1_OF_1_CHAL10_SB_7E203F41.jpg,00378-1125-01_7E203F41,47278,TRUE,10/17/2017 05:32:48 PM,2020-02-10 17:01:24,aeba91ea-3d29-4b8d-af42-0740e7216463-0378-1125-0,aeba91ea-3d29-4b8d-af42-0740e7216463,11,,C48345,OVAL,,2,,M;125,,C48330,YELLOW,,GLYBURIDE 3 mg;,GLYBURIDE[GLYBURIDE];,"ANHYDROUS LACTOSE;SILICON DIOXIDE;CROSCARMELLOSE SODIUM;MAGNESIUM STEARATE;STARCH, CORN;SODIUM LAURYL SULFATE;D&C YELLOW NO. 10;",HRX,SCD,glyburide 3 MG Oral Tablet,310536,2020-02-10 15:15:22,0378-1125,0,,3781125,378,1125,Glyburide,completed,20171011,f90706e0-059d-4d5e-a5e6-96d4f692feef.xml,,C42998,34391-3,,,LABELER,Mylan Pharmaceuticals Inc.,C73584,NLM,TRUE,,10,,,TRUE,FALSE,FALSE,TRUE,TRUE
00378-1125-01_PART_1_OF_1_CHAL10_SF_7E203F41.jpg,00378-1125-01,1125,TRUE,TRUE,FALSE,fcn_mix_weight/dr_224/00378-1125-01_PART_1_OF_1_CHAL10_SF_7E203F41.jpg,00378-1125-01_7E203F41,47278,TRUE,10/17/2017 05:32:48 PM,2020-02-10 17:01:24,aeba91ea-3d29-4b8d-af42-0740e7216463-0378-1125-0,aeba91ea-3d29-4b8d-af42-0740e7216463,11,,C48345,OVAL,,2,,M;125,,C48330,YELLOW,,GLYBURIDE 3 mg;,GLYBURIDE[GLYBURIDE];,"ANHYDROUS LACTOSE;SILICON DIOXIDE;CROSCARMELLOSE SODIUM;MAGNESIUM STEARATE;STARCH, CORN;SODIUM LAURYL SULFATE;D&C YELLOW NO. 10;",HRX,SCD,glyburide 3 MG Oral Tablet,310536,2020-02-10 15:15:22,0378-1125,0,,3781125,378,1125,Glyburide,completed,20171011,f90706e0-059d-4d5e-a5e6-96d4f692feef.xml,,C42998,34391-3,,,LABELER,Mylan Pharmaceuticals Inc.,C73584,NLM,TRUE,,10,,,TRUE,FALSE,FALSE,TRUE,TRUE
00378-1140-01_PART_1_OF_1_CHAL10_SB_B8235C0A.jpg,00378-1140-01,1140,TRUE,FALSE,FALSE,fcn_mix_weight/dr_224/00378-1140-01_PART_1_OF_1_CHAL10_SB_B8235C0A.jpg,00378-1140-01_B8235C0A,46904,TRUE,10/17/2017 05:32:46 PM,2020-02-10 17:13:40,7c9eafb9-9ce1-4b28-900c-8fcb4b23424e-0378-1140-0,7c9eafb9-9ce1-4b28-900c-8fcb4b23424e,9,,C48345,OVAL,,2,,M;B1,,C48325,WHITE,,BUSPIRONE HYDROCHLORIDE 5 mg;,BUSPIRONE HYDROCHLORIDE[BUSPIRONE];,"ANHYDROUS LACTOSE;SILICON DIOXIDE;MAGNESIUM STEARATE;CELLULOSE, MICROCRYSTALLINE;SODIUM LAURYL SULFATE;SODIUM STARCH GLYCOLATE TYPE A POTATO;",HRX,SCD,buspirone hydrochloride 5 MG Oral Tablet,866094,2020-02-10 16:19:13,0378-1140,0,,3781140,378,1140,Buspirone Hydrochloride,active,20161213,a037b82a-65d5-43a7-8bb4-c2d6a160e378.xml,,C42998,34391-3,,,LABELER,Mylan Pharmaceuticals Inc.,C73584,NLM,TRUE,,16,,,TRUE,FALSE,FALSE,TRUE,TRUE
00378-1140-01_PART_1_OF_1_CHAL10_SF_B8235C0A.jpg,00378-1140-01,1140,TRUE,TRUE,FALSE,fcn_mix_weight/dr_224/00378-1140-01_PART_1_OF_1_CHAL10_SF_B8235C0A.jpg,00378-1140-01_B8235C0A,46904,TRUE,10/17/2017 05:32:46 PM,2020-02-10 17:13:40,7c9eafb9-9ce1-4b28-900c-8fcb4b23424e-0378-1140-0,7c9eafb9-9ce1-4b28-900c-8fcb4b23424e,9,,C48345,OVAL,,2,,M;B1,,C48325,WHITE,,BUSPIRONE HYDROCHLORIDE 5 mg;,BUSPIRONE HYDROCHLORIDE[BUSPIRONE];,"ANHYDROUS LACTOSE;SILICON DIOXIDE;MAGNESIUM STEARATE;CELLULOSE, MICROCRYSTALLINE;SODIUM LAURYL SULFATE;SODIUM STARCH GLYCOLATE TYPE A POTATO;",HRX,SCD,buspirone hydrochloride 5 MG Oral Tablet,866094,2020-02-10 16:19:13,0378-1140,0,,3781140,378,1140,Buspirone Hydrochloride,active,20161213,a037b82a-65d5-43a7-8bb4-c2d6a160e378.xml,,C42998,34391-3,,,LABELER,Mylan Pharmaceuticals Inc.,C73584,NLM,TRUE,,16,,,TRUE,FALSE,FALSE,TRUE,TRUE
00378-1150-01_PART_1_OF_1_CHAL10_SB_8B23458A.jpg,00378-1150-01,1150,TRUE,FALSE,FALSE,fcn_mix_weight/dr_224/00378-1150-01_PART_1_OF_1_CHAL10_SB_8B23458A.jpg,00378-1150-01_8B23458A,18541,TRUE,10/17/2017 05:30:40 PM,2020-02-10 17:13:40,7c9eafb9-9ce1-4b28-900c-8fcb4b23424e-0378-1150-0,7c9eafb9-9ce1-4b28-900c-8fcb4b23424e,12,,C48345,OVAL,,2,,M;B2,,C48325,WHITE,,BUSPIRONE HYDROCHLORIDE 10 mg;,BUSPIRONE HYDROCHLORIDE[BUSPIRONE];,"ANHYDROUS LACTOSE;SILICON DIOXIDE;MAGNESIUM STEARATE;CELLULOSE, MICROCRYSTALLINE;SODIUM LAURYL SULFATE;SODIUM STARCH GLYCOLATE TYPE A POTATO;",HRX,SCD,buspirone hydrochloride 10 MG Oral Tablet,866083,2020-02-10 16:19:13,0378-1150,0,,3781150,378,1150,Buspirone Hydrochloride,active,20161213,a037b82a-65d5-43a7-8bb4-c2d6a160e378.xml,,C42998,34391-3,,,LABELER,Mylan Pharmaceuticals Inc.,C73584,NLM,TRUE,,16,,,TRUE,FALSE,FALSE,TRUE,TRUE
00378-1150-01_PART_1_OF_1_CHAL10_SF_8B23458A.jpg,00378-1150-01,1150,TRUE,TRUE,FALSE,fcn_mix_weight/dr_224/00378-1150-01_PART_1_OF_1_CHAL10_SF_8B23458A.jpg,00378-1150-01_8B23458A,18541,TRUE,10/17/2017 05:30:40 PM,2020-02-10 17:13:40,7c9eafb9-9ce1-4b28-900c-8fcb4b23424e-0378-1150-0,7c9eafb9-9ce1-4b28-900c-8fcb4b23424e,12,,C48345,OVAL,,2,,M;B2,,C48325,WHITE,,BUSPIRONE HYDROCHLORIDE 10 mg;,BUSPIRONE HYDROCHLORIDE[BUSPIRONE];,"ANHYDROUS LACTOSE;SILICON DIOXIDE;MAGNESIUM STEARATE;CELLULOSE, MICROCRYSTALLINE;SODIUM LAURYL SULFATE;SODIUM STARCH GLYCOLATE TYPE A POTATO;",HRX,SCD,buspirone hydrochloride 10 MG Oral Tablet,866083,2020-02-10 16:19:13,0378-1150,0,,3781150,378,1150,Buspirone Hydrochloride,active,20161213,a037b82a-65d5-43a7-8bb4-c2d6a160e378.xml,,C42998,34391-3,,,LABELER,Mylan Pharmaceuticals Inc.,C73584,NLM,TRUE,,16,,,TRUE,FALSE,FALSE,TRUE,TRUE
00378-1165-91_PART_1_OF_1_CHAL10_SB_3E201F00.jpg,00378-1165-91,1165,TRUE,FALSE,FALSE,fcn_mix_weight/dr_224/00378-1165-91_PART_1_OF_1_CHAL10_SB_3E201F00.jpg,00378-1165-91_3E201F00,18250,TRUE,10/17/2017 05:30:39 PM,2020-02-10 17:13:40,7c9eafb9-9ce1-4b28-900c-8fcb4b23424e-0378-1165-0,7c9eafb9-9ce1-4b28-900c-8fcb4b23424e,18,,C48345,OVAL,,3,,M;B3;5;5;5,,C48325,WHITE,,BUSPIRONE HYDROCHLORIDE 15 mg;,BUSPIRONE HYDROCHLORIDE[BUSPIRONE];,"ANHYDROUS LACTOSE;SILICON DIOXIDE;MAGNESIUM STEARATE;CELLULOSE, MICROCRYSTALLINE;SODIUM LAURYL SULFATE;SODIUM STARCH GLYCOLATE TYPE A POTATO;",HRX,SCD,buspirone hydrochloride 15 MG Oral Tablet,866018,2020-02-10 16:19:13,0378-1165,0,,3781165,378,1165,Buspirone Hydrochloride,active,20161213,a037b82a-65d5-43a7-8bb4-c2d6a160e378.xml,,C42998,34391-3,,,LABELER,Mylan Pharmaceuticals Inc.,C73584,NLM,TRUE,,16,,,TRUE,FALSE,FALSE,TRUE,TRUE
00378-1165-91_PART_1_OF_1_CHAL10_SF_3E201F00.jpg,00378-1165-91,1165,TRUE,TRUE,FALSE,fcn_mix_weight/dr_224/00378-1165-91_PART_1_OF_1_CHAL10_SF_3E201F00.jpg,00378-1165-91_3E201F00,18250,TRUE,10/17/2017 05:30:39 PM,2020-02-10 17:13:40,7c9eafb9-9ce1-4b28-900c-8fcb4b23424e-0378-1165-0,7c9eafb9-9ce1-4b28-900c-8fcb4b23424e,18,,C48345,OVAL,,3,,M;B3;5;5;5,,C48325,WHITE,,BUSPIRONE HYDROCHLORIDE 15 mg;,BUSPIRONE HYDROCHLORIDE[BUSPIRONE];,"ANHYDROUS LACTOSE;SILICON DIOXIDE;MAGNESIUM STEARATE;CELLULOSE, MICROCRYSTALLINE;SODIUM LAURYL SULFATE;SODIUM STARCH GLYCOLATE TYPE A POTATO;",HRX,SCD,buspirone hydrochloride 15 MG Oral Tablet,866018,2020-02-10 16:19:13,0378-1165,0,,3781165,378,1165,Buspirone Hydrochloride,active,20161213,a037b82a-65d5-43a7-8bb4-c2d6a160e378.xml,,C42998,34391-3,,,LABELER,Mylan Pharmaceuticals Inc.,C73584,NLM,TRUE,,16,,,TRUE,FALSE,FALSE,TRUE,TRUE
00378-1411-01_PART_1_OF_1_CHAL10_SB_8023407A.jpg,00378-1411-01,1411,TRUE,FALSE,FALSE,fcn_mix_weight/dr_224/00378-1411-01_PART_1_OF_1_CHAL10_SB_8023407A.jpg,00378-1411-01_8023407A,38286,TRUE,10/17/2017 05:32:07 PM,2020-02-10 17:11:34,edabc504-cfb9-410f-b1fa-9fc6910f0816-0378-1411-0,edabc504-cfb9-410f-b1fa-9fc6910f0816,18,,C48345,OVAL,,2,,M;411,,C48333,BLUE,,VERAPAMIL HYDROCHLORIDE 240 mg;,VERAPAMIL HYDROCHLORIDE[VERAPAMIL];,"FD&C BLUE NO. 1;MAGNESIUM STEARATE;MICROCRYSTALLINE CELLULOSE 101;POLYETHYLENE GLYCOL 3350;POLYVINYL ALCOHOL, UNSPECIFIED;POVIDONE, UNSPECIFIED;SODIUM ALGINATE;SODIUM LAURYL SULFATE;TALC;TITANIUM DIOXIDE;",HRX,SCD,verapamil hydrochloride 240 MG Extended Release Oral Tablet,897649,2020-02-10 16:07:33,0378-1411,0,,3781411,378,1411,Verapamil Hydrochloride,active,20191106,6ed52e0a-fea3-44ff-b946-a41a76966002.xml,,C42930,34391-3,,,LABELER,Mylan Pharmaceuticals Inc.,C73584,NLM,TRUE,,16,,,TRUE,FALSE,FALSE,TRUE,TRUE
00378-1411-01_PART_1_OF_1_CHAL10_SF_8023407A.jpg,00378-1411-01,1411,TRUE,TRUE,FALSE,fcn_mix_weight/dr_224/00378-1411-01_PART_1_OF_1_CHAL10_SF_8023407A.jpg,00378-1411-01_8023407A,38286,TRUE,10/17/2017 05:32:07 PM,2020-02-10 17:11:34,edabc504-cfb9-410f-b1fa-9fc6910f0816-0378-1411-0,edabc504-cfb9-410f-b1fa-9fc6910f0816,18,,C48345,OVAL,,2,,M;411,,C48333,BLUE,,VERAPAMIL HYDROCHLORIDE 240 mg;,VERAPAMIL HYDROCHLORIDE[VERAPAMIL];,"FD&C BLUE NO. 1;MAGNESIUM STEARATE;MICROCRYSTALLINE CELLULOSE 101;POLYETHYLENE GLYCOL 3350;POLYVINYL ALCOHOL, UNSPECIFIED;POVIDONE, UNSPECIFIED;SODIUM ALGINATE;SODIUM LAURYL SULFATE;TALC;TITANIUM DIOXIDE;",HRX,SCD,verapamil hydrochloride 240 MG Extended Release Oral Tablet,897649,2020-02-10 16:07:33,0378-1411,0,,3781411,378,1411,Verapamil Hydrochloride,active,20191106,6ed52e0a-fea3-44ff-b946-a41a76966002.xml,,C42930,34391-3,,,LABELER,Mylan Pharmaceuticals Inc.,C73584,NLM,TRUE,,16,,,TRUE,FALSE,FALSE,TRUE,TRUE
00378-1800-01_PART_1_OF_1_CHAL10_SB_6823B45D.jpg,00378-1800-01,1800,TRUE,FALSE,FALSE,fcn_mix_weight/dr_224/00378-1800-01_PART_1_OF_1_CHAL10_SB_6823B45D.jpg,00378-1800-01_6823B45D,14703,TRUE,10/17/2017 05:30:24 PM,2020-02-10 17:12:44,e95720f2-91c9-a6d0-f7d5-8bcb94d07bbc-0378-1800-0,e95720f2-91c9-a6d0-f7d5-8bcb94d07bbc,9,,C48345,OVAL,,2,,M;L;4,,C48331,ORANGE,,LEVOTHYROXINE SODIUM 25 ug;,LEVOTHYROXINE SODIUM[LEVOTHYROXINE];,"BUTYLATED HYDROXYANISOLE;SILICON DIOXIDE;CROSPOVIDONE (15 MPA.S AT 5%);MAGNESIUM STEARATE;MANNITOL;MICROCRYSTALLINE CELLULOSE;POVIDONE, UNSPECIFIED;SODIUM LAURYL SULFATE;SUCROSE;FD&C YELLOW NO. 6;",HRX,SCD,levothyroxine sodium 0.025 MG Oral Tablet,966220,2020-02-10 16:14:22,0378-1800,0,,3781800,378,1800,Levothyroxine Sodium,active,20200731,f4451265-6d18-462a-8590-9d2674fba766.xml,,C42998,34391-3,,,LABELER,Mylan Pharmaceuticals Inc.,C73584,NLM,TRUE,,25,,,TRUE,FALSE,FALSE,TRUE,TRUE
00378-1800-01_PART_1_OF_1_CHAL10_SF_6823B45D.jpg,00378-1800-01,1800,TRUE,TRUE,FALSE,fcn_mix_weight/dr_224/00378-1800-01_PART_1_OF_1_CHAL10_SF_6823B45D.jpg,00378-1800-01_6823B45D,14703,TRUE,10/17/2017 05:30:24 PM,2020-02-10 17:12:44,e95720f2-91c9-a6d0-f7d5-8bcb94d07bbc-0378-1800-0,e95720f2-91c9-a6d0-f7d5-8bcb94d07bbc,9,,C48345,OVAL,,2,,M;L;4,,C48331,ORANGE,,LEVOTHYROXINE SODIUM 25 ug;,LEVOTHYROXINE SODIUM[LEVOTHYROXINE];,"BUTYLATED HYDROXYANISOLE;SILICON DIOXIDE;CROSPOVIDONE (15 MPA.S AT 5%);MAGNESIUM STEARATE;MANNITOL;MICROCRYSTALLINE CELLULOSE;POVIDONE, UNSPECIFIED;SODIUM LAURYL SULFATE;SUCROSE;FD&C YELLOW NO. 6;",HRX,SCD,levothyroxine sodium 0.025 MG Oral Tablet,966220,2020-02-10 16:14:22,0378-1800,0,,3781800,378,1800,Levothyroxine Sodium,active,20200731,f4451265-6d18-462a-8590-9d2674fba766.xml,,C42998,34391-3,,,LABELER,Mylan Pharmaceuticals Inc.,C73584,NLM,TRUE,,25,,,TRUE,FALSE,FALSE,TRUE,TRUE
00378-1803-01_PART_1_OF_1_CHAL10_SB_2A23950C.jpg,00378-1803-01,1803,TRUE,FALSE,FALSE,fcn_mix_weight/dr_224/00378-1803-01_PART_1_OF_1_CHAL10_SB_2A23950C.jpg,00378-1803-01_2A23950C,37125,TRUE,10/17/2017 05:32:02 PM,2020-02-10 17:04:41,e95720f2-91c9-a6d0-f7d5-8bcb94d07bbc-0378-1803-0,e95720f2-91c9-a6d0-f7d5-8bcb94d07bbc,9,,C48345,OVAL,,2,,M;L;5,,C48325,WHITE,,LEVOTHYROXINE SODIUM 50 ug;,LEVOTHYROXINE SODIUM[LEVOTHYROXINE];,"BUTYLATED HYDROXYANISOLE;SILICON DIOXIDE;CROSPOVIDONE (15 MPA.S AT 5%);MAGNESIUM STEARATE;MANNITOL;MICROCRYSTALLINE CELLULOSE;POVIDONE, UNSPECIFIED;SODIUM LAURYL SULFATE;SUCROSE;",HRX,SCD,levothyroxine sodium 0.05 MG Oral Tablet,966221,2020-02-10 15:31:17,0378-1803,0,,3781803,378,1803,Levothyroxine Sodium,active,20200731,f4451265-6d18-462a-8590-9d2674fba766.xml,,C42998,34391-3,,,LABELER,Mylan Pharmaceuticals Inc.,C73584,NLM,TRUE,,25,,,TRUE,FALSE,FALSE,TRUE,TRUE
00378-1803-01_PART_1_OF_1_CHAL10_SF_2A23950C.jpg,00378-1803-01,1803,TRUE,TRUE,FALSE,fcn_mix_weight/dr_224/00378-1803-01_PART_1_OF_1_CHAL10_SF_2A23950C.jpg,00378-1803-01_2A23950C,37125,TRUE,10/17/2017 05:32:02 PM,2020-02-10 17:04:41,e95720f2-91c9-a6d0-f7d5-8bcb94d07bbc-0378-1803-0,e95720f2-91c9-a6d0-f7d5-8bcb94d07bbc,9,,C48345,OVAL,,2,,M;L;5,,C48325,WHITE,,LEVOTHYROXINE SODIUM 50 ug;,LEVOTHYROXINE SODIUM[LEVOTHYROXINE];,"BUTYLATED HYDROXYANISOLE;SILICON DIOXIDE;CROSPOVIDONE (15 MPA.S AT 5%);MAGNESIUM STEARATE;MANNITOL;MICROCRYSTALLINE CELLULOSE;POVIDONE, UNSPECIFIED;SODIUM LAURYL SULFATE;SUCROSE;",HRX,SCD,levothyroxine sodium 0.05 MG Oral Tablet,966221,2020-02-10 15:31:17,0378-1803,0,,3781803,378,1803,Levothyroxine Sodium,active,20200731,f4451265-6d18-462a-8590-9d2674fba766.xml,,C42998,34391-3,,,LABELER,Mylan Pharmaceuticals Inc.,C73584,NLM,TRUE,,25,,,TRUE,FALSE,FALSE,TRUE,TRUE
00378-1807-01_PART_1_OF_1_CHAL10_SB_1A238D5C.jpg,00378-1807-01,1807,TRUE,FALSE,FALSE,fcn_mix_weight/dr_224/00378-1807-01_PART_1_OF_1_CHAL10_SB_1A238D5C.jpg,00378-1807-01_1A238D5C,41539,TRUE,10/17/2017 05:32:22 PM,2020-02-10 17:10:42,e95720f2-91c9-a6d0-f7d5-8bcb94d07bbc-0378-1807-0,e95720f2-91c9-a6d0-f7d5-8bcb94d07bbc,9,,C48345,OVAL,,2,,M;L;7,,C48329,GREEN,,LEVOTHYROXINE SODIUM 88 ug;,LEVOTHYROXINE SODIUM[LEVOTHYROXINE];,"BUTYLATED HYDROXYANISOLE;SILICON DIOXIDE;CROSPOVIDONE (15 MPA.S AT 5%);MAGNESIUM STEARATE;MANNITOL;MICROCRYSTALLINE CELLULOSE;POVIDONE, UNSPECIFIED;SODIUM LAURYL SULFATE;SUCROSE;D&C YELLOW NO. 10;FD&C BLUE NO. 1;FD&C YELLOW NO. 6;",HRX,SCD,levothyroxine sodium 0.088 MG Oral Tablet,966253,2020-02-10 16:02:45,0378-1807,0,,3781807,378,1807,Levothyroxine Sodium,active,20200731,f4451265-6d18-462a-8590-9d2674fba766.xml,,C42998,34391-3,,,LABELER,Mylan Pharmaceuticals Inc.,C73584,NLM,TRUE,,25,,,TRUE,FALSE,FALSE,TRUE,TRUE
00378-1807-01_PART_1_OF_1_CHAL10_SF_1A238D5C.jpg,00378-1807-01,1807,TRUE,TRUE,FALSE,fcn_mix_weight/dr_224/00378-1807-01_PART_1_OF_1_CHAL10_SF_1A238D5C.jpg,00378-1807-01_1A238D5C,41539,TRUE,10/17/2017 05:32:22 PM,2020-02-10 17:10:42,e95720f2-91c9-a6d0-f7d5-8bcb94d07bbc-0378-1807-0,e95720f2-91c9-a6d0-f7d5-8bcb94d07bbc,9,,C48345,OVAL,,2,,M;L;7,,C48329,GREEN,,LEVOTHYROXINE SODIUM 88 ug;,LEVOTHYROXINE SODIUM[LEVOTHYROXINE];,"BUTYLATED HYDROXYANISOLE;SILICON DIOXIDE;CROSPOVIDONE (15 MPA.S AT 5%);MAGNESIUM STEARATE;MANNITOL;MICROCRYSTALLINE CELLULOSE;POVIDONE, UNSPECIFIED;SODIUM LAURYL SULFATE;SUCROSE;D&C YELLOW NO. 10;FD&C BLUE NO. 1;FD&C YELLOW NO. 6;",HRX,SCD,levothyroxine sodium 0.088 MG Oral Tablet,966253,2020-02-10 16:02:45,0378-1807,0,,3781807,378,1807,Levothyroxine Sodium,active,20200731,f4451265-6d18-462a-8590-9d2674fba766.xml,,C42998,34391-3,,,LABELER,Mylan Pharmaceuticals Inc.,C73584,NLM,TRUE,,25,,,TRUE,FALSE,FALSE,TRUE,TRUE
00378-1809-01_PART_1_OF_1_CHAL10_SB_5623AB5D.jpg,00378-1809-01,1809,TRUE,FALSE,FALSE,fcn_mix_weight/dr_224/00378-1809-01_PART_1_OF_1_CHAL10_SB_5623AB5D.jpg,00378-1809-01_5623AB5D,44587,TRUE,10/17/2017 05:32:35 PM,2020-02-10 17:09:59,e95720f2-91c9-a6d0-f7d5-8bcb94d07bbc-0378-1809-0,e95720f2-91c9-a6d0-f7d5-8bcb94d07bbc,9,,C48345,OVAL,,2,,M;L;8,,C48330,YELLOW,,LEVOTHYROXINE SODIUM 100 ug;,LEVOTHYROXINE SODIUM[LEVOTHYROXINE];,"BUTYLATED HYDROXYANISOLE;SILICON DIOXIDE;CROSPOVIDONE (15 MPA.S AT 5%);MAGNESIUM STEARATE;MANNITOL;MICROCRYSTALLINE CELLULOSE;POVIDONE, UNSPECIFIED;SODIUM LAURYL SULFATE;SUCROSE;D&C YELLOW NO. 10;FD&C YELLOW NO. 6;",HRX,SCD,levothyroxine sodium 0.1 MG Oral Tablet,892246,2020-02-10 15:58:43,0378-1809,0,,3781809,378,1809,Levothyroxine Sodium,active,20200731,f4451265-6d18-462a-8590-9d2674fba766.xml,,C42998,34391-3,,,LABELER,Mylan Pharmaceuticals Inc.,C73584,NLM,TRUE,,25,,,TRUE,FALSE,FALSE,TRUE,TRUE
00378-1809-01_PART_1_OF_1_CHAL10_SF_5623AB5D.jpg,00378-1809-01,1809,TRUE,TRUE,FALSE,fcn_mix_weight/dr_224/00378-1809-01_PART_1_OF_1_CHAL10_SF_5623AB5D.jpg,00378-1809-01_5623AB5D,44587,TRUE,10/17/2017 05:32:35 PM,2020-02-10 17:09:59,e95720f2-91c9-a6d0-f7d5-8bcb94d07bbc-0378-1809-0,e95720f2-91c9-a6d0-f7d5-8bcb94d07bbc,9,,C48345,OVAL,,2,,M;L;8,,C48330,YELLOW,,LEVOTHYROXINE SODIUM 100 ug;,LEVOTHYROXINE SODIUM[LEVOTHYROXINE];,"BUTYLATED HYDROXYANISOLE;SILICON DIOXIDE;CROSPOVIDONE (15 MPA.S AT 5%);MAGNESIUM STEARATE;MANNITOL;MICROCRYSTALLINE CELLULOSE;POVIDONE, UNSPECIFIED;SODIUM LAURYL SULFATE;SUCROSE;D&C YELLOW NO. 10;FD&C YELLOW NO. 6;",HRX,SCD,levothyroxine sodium 0.1 MG Oral Tablet,892246,2020-02-10 15:58:43,0378-1809,0,,3781809,378,1809,Levothyroxine Sodium,active,20200731,f4451265-6d18-462a-8590-9d2674fba766.xml,,C42998,34391-3,,,LABELER,Mylan Pharmaceuticals Inc.,C73584,NLM,TRUE,,25,,,TRUE,FALSE,FALSE,TRUE,TRUE
00378-1811-01_PART_1_OF_1_CHAL10_SB_5123A8BD.jpg,00378-1811-01,1811,TRUE,FALSE,FALSE,fcn_mix_weight/dr_224/00378-1811-01_PART_1_OF_1_CHAL10_SB_5123A8BD.jpg,00378-1811-01_5123A8BD,1948,TRUE,10/17/2017 05:29:28 PM,2020-02-10 17:04:41,e95720f2-91c9-a6d0-f7d5-8bcb94d07bbc-0378-1811-0,e95720f2-91c9-a6d0-f7d5-8bcb94d07bbc,9,,C48345,OVAL,,2,,M;L;9,,C48328,PINK,,LEVOTHYROXINE SODIUM 112 ug;,LEVOTHYROXINE SODIUM[LEVOTHYROXINE];,"BUTYLATED HYDROXYANISOLE;SILICON DIOXIDE;CROSPOVIDONE (15 MPA.S AT 5%);MAGNESIUM STEARATE;MANNITOL;MICROCRYSTALLINE CELLULOSE;POVIDONE, UNSPECIFIED;SODIUM LAURYL SULFATE;SUCROSE;D&C RED NO. 27;D&C RED NO. 30;",HRX,SCD,levothyroxine sodium 0.112 MG Oral Tablet,966248,2020-02-10 15:31:18,0378-1811,0,,3781811,378,1811,Levothyroxine Sodium,active,20200731,f4451265-6d18-462a-8590-9d2674fba766.xml,,C42998,34391-3,,,LABELER,Mylan Pharmaceuticals Inc.,C73584,NLM,TRUE,,25,,,TRUE,FALSE,FALSE,TRUE,TRUE
00378-1811-01_PART_1_OF_1_CHAL10_SF_5123A8BD.jpg,00378-1811-01,1811,TRUE,TRUE,FALSE,fcn_mix_weight/dr_224/00378-1811-01_PART_1_OF_1_CHAL10_SF_5123A8BD.jpg,00378-1811-01_5123A8BD,1948,TRUE,10/17/2017 05:29:28 PM,2020-02-10 17:04:41,e95720f2-91c9-a6d0-f7d5-8bcb94d07bbc-0378-1811-0,e95720f2-91c9-a6d0-f7d5-8bcb94d07bbc,9,,C48345,OVAL,,2,,M;L;9,,C48328,PINK,,LEVOTHYROXINE SODIUM 112 ug;,LEVOTHYROXINE SODIUM[LEVOTHYROXINE];,"BUTYLATED HYDROXYANISOLE;SILICON DIOXIDE;CROSPOVIDONE (15 MPA.S AT 5%);MAGNESIUM STEARATE;MANNITOL;MICROCRYSTALLINE CELLULOSE;POVIDONE, UNSPECIFIED;SODIUM LAURYL SULFATE;SUCROSE;D&C RED NO. 27;D&C RED NO. 30;",HRX,SCD,levothyroxine sodium 0.112 MG Oral Tablet,966248,2020-02-10 15:31:18,0378-1811,0,,3781811,378,1811,Levothyroxine Sodium,active,20200731,f4451265-6d18-462a-8590-9d2674fba766.xml,,C42998,34391-3,,,LABELER,Mylan Pharmaceuticals Inc.,C73584,NLM,TRUE,,25,,,TRUE,FALSE,FALSE,TRUE,TRUE
00378-1813-01_PART_1_OF_1_CHAL10_SB_4823A43D.jpg,00378-1813-01,1813,TRUE,FALSE,FALSE,fcn_mix_weight/dr_224/00378-1813-01_PART_1_OF_1_CHAL10_SB_4823A43D.jpg,00378-1813-01_4823A43D,3183,TRUE,10/17/2017 05:29:34 PM,2020-02-10 17:05:55,e95720f2-91c9-a6d0-f7d5-8bcb94d07bbc-0378-1813-0,e95720f2-91c9-a6d0-f7d5-8bcb94d07bbc,9,,C48345,OVAL,,2,,M;L;10,,C48324,GRAY,,LEVOTHYROXINE SODIUM 125 ug;,LEVOTHYROXINE SODIUM[LEVOTHYROXINE];,"BUTYLATED HYDROXYANISOLE;SILICON DIOXIDE;CROSPOVIDONE (15 MPA.S AT 5%);MAGNESIUM STEARATE;MANNITOL;MICROCRYSTALLINE CELLULOSE;POVIDONE, UNSPECIFIED;SODIUM LAURYL SULFATE;SUCROSE;FD&C BLUE NO. 1;FD&C RED NO. 40;FD&C YELLOW NO. 6;",HRX,SCD,levothyroxine sodium 0.125 MG Oral Tablet,966224,2020-02-10 15:36:48,0378-1813,0,,3781813,378,1813,Levothyroxine Sodium,active,20200731,f4451265-6d18-462a-8590-9d2674fba766.xml,,C42998,34391-3,,,LABELER,Mylan Pharmaceuticals Inc.,C73584,NLM,TRUE,,25,,,TRUE,FALSE,FALSE,TRUE,TRUE
00378-1813-01_PART_1_OF_1_CHAL10_SF_4823A43D.jpg,00378-1813-01,1813,TRUE,TRUE,FALSE,fcn_mix_weight/dr_224/00378-1813-01_PART_1_OF_1_CHAL10_SF_4823A43D.jpg,00378-1813-01_4823A43D,3183,TRUE,10/17/2017 05:29:34 PM,2020-02-10 17:05:55,e95720f2-91c9-a6d0-f7d5-8bcb94d07bbc-0378-1813-0,e95720f2-91c9-a6d0-f7d5-8bcb94d07bbc,9,,C48345,OVAL,,2,,M;L;10,,C48324,GRAY,,LEVOTHYROXINE SODIUM 125 ug;,LEVOTHYROXINE SODIUM[LEVOTHYROXINE];,"BUTYLATED HYDROXYANISOLE;SILICON DIOXIDE;CROSPOVIDONE (15 MPA.S AT 5%);MAGNESIUM STEARATE;MANNITOL;MICROCRYSTALLINE CELLULOSE;POVIDONE, UNSPECIFIED;SODIUM LAURYL SULFATE;SUCROSE;FD&C BLUE NO. 1;FD&C RED NO. 40;FD&C YELLOW NO. 6;",HRX,SCD,levothyroxine sodium 0.125 MG Oral Tablet,966224,2020-02-10 15:36:48,0378-1813,0,,3781813,378,1813,Levothyroxine Sodium,active,20200731,f4451265-6d18-462a-8590-9d2674fba766.xml,,C42998,34391-3,,,LABELER,Mylan Pharmaceuticals Inc.,C73584,NLM,TRUE,,25,,,TRUE,FALSE,FALSE,TRUE,TRUE
00378-1815-01_PART_1_OF_1_CHAL10_SB_4423A22D.jpg,00378-1815-01,1815,TRUE,FALSE,FALSE,fcn_mix_weight/dr_224/00378-1815-01_PART_1_OF_1_CHAL10_SB_4423A22D.jpg,00378-1815-01_4423A22D,24856,TRUE,10/17/2017 05:31:07 PM,2020-02-10 17:02:19,e95720f2-91c9-a6d0-f7d5-8bcb94d07bbc-0378-1815-0,e95720f2-91c9-a6d0-f7d5-8bcb94d07bbc,9,,C48345,OVAL,,2,,M;L;11,,C48333,BLUE,,LEVOTHYROXINE SODIUM 150 ug;,LEVOTHYROXINE SODIUM[LEVOTHYROXINE];,"BUTYLATED HYDROXYANISOLE;SILICON DIOXIDE;CROSPOVIDONE (15 MPA.S AT 5%);MAGNESIUM STEARATE;MANNITOL;MICROCRYSTALLINE CELLULOSE;POVIDONE, UNSPECIFIED;SODIUM LAURYL SULFATE;SUCROSE;FD&C BLUE NO. 2;",HRX,SCD,levothyroxine sodium 0.15 MG Oral Tablet,966225,2020-02-10 15:19:56,0378-1815,0,,3781815,378,1815,Levothyroxine Sodium,active,20200731,f4451265-6d18-462a-8590-9d2674fba766.xml,,C42998,34391-3,,,LABELER,Mylan Pharmaceuticals Inc.,C73584,NLM,TRUE,,25,,,TRUE,FALSE,FALSE,TRUE,TRUE
00378-1815-01_PART_1_OF_1_CHAL10_SF_4423A22D.jpg,00378-1815-01,1815,TRUE,TRUE,FALSE,fcn_mix_weight/dr_224/00378-1815-01_PART_1_OF_1_CHAL10_SF_4423A22D.jpg,00378-1815-01_4423A22D,24856,TRUE,10/17/2017 05:31:07 PM,2020-02-10 17:02:19,e95720f2-91c9-a6d0-f7d5-8bcb94d07bbc-0378-1815-0,e95720f2-91c9-a6d0-f7d5-8bcb94d07bbc,9,,C48345,OVAL,,2,,M;L;11,,C48333,BLUE,,LEVOTHYROXINE SODIUM 150 ug;,LEVOTHYROXINE SODIUM[LEVOTHYROXINE];,"BUTYLATED HYDROXYANISOLE;SILICON DIOXIDE;CROSPOVIDONE (15 MPA.S AT 5%);MAGNESIUM STEARATE;MANNITOL;MICROCRYSTALLINE CELLULOSE;POVIDONE, UNSPECIFIED;SODIUM LAURYL SULFATE;SUCROSE;FD&C BLUE NO. 2;",HRX,SCD,levothyroxine sodium 0.15 MG Oral Tablet,966225,2020-02-10 15:19:56,0378-1815,0,,3781815,378,1815,Levothyroxine Sodium,active,20200731,f4451265-6d18-462a-8590-9d2674fba766.xml,,C42998,34391-3,,,LABELER,Mylan Pharmaceuticals Inc.,C73584,NLM,TRUE,,25,,,TRUE,FALSE,FALSE,TRUE,TRUE
00378-1819-01_PART_1_OF_1_CHAL10_SB_3F239FBC.jpg,00378-1819-01,1819,TRUE,FALSE,FALSE,fcn_mix_weight/dr_224/00378-1819-01_PART_1_OF_1_CHAL10_SB_3F239FBC.jpg,00378-1819-01_3F239FBC,2109,TRUE,10/17/2017 05:29:29 PM,2020-02-10 17:02:19,e95720f2-91c9-a6d0-f7d5-8bcb94d07bbc-0378-1819-0,e95720f2-91c9-a6d0-f7d5-8bcb94d07bbc,9,,C48345,OVAL,,2,,M;L;13,,C48328,PINK,,LEVOTHYROXINE SODIUM 200 ug;,LEVOTHYROXINE SODIUM[LEVOTHYROXINE];,"BUTYLATED HYDROXYANISOLE;SILICON DIOXIDE;CROSPOVIDONE (15 MPA.S AT 5%);MAGNESIUM STEARATE;MANNITOL;MICROCRYSTALLINE CELLULOSE;POVIDONE, UNSPECIFIED;SODIUM LAURYL SULFATE;SUCROSE;FD&C RED NO. 40;",HRX,SCD,levothyroxine sodium 0.2 MG Oral Tablet,892251,2020-02-10 15:19:57,0378-1819,0,,3781819,378,1819,Levothyroxine Sodium,active,20200731,f4451265-6d18-462a-8590-9d2674fba766.xml,,C42998,34391-3,,,LABELER,Mylan Pharmaceuticals Inc.,C73584,NLM,TRUE,,25,,,TRUE,FALSE,FALSE,TRUE,TRUE
00378-1819-01_PART_1_OF_1_CHAL10_SF_3F239FBC.jpg,00378-1819-01,1819,TRUE,TRUE,FALSE,fcn_mix_weight/dr_224/00378-1819-01_PART_1_OF_1_CHAL10_SF_3F239FBC.jpg,00378-1819-01_3F239FBC,2109,TRUE,10/17/2017 05:29:29 PM,2020-02-10 17:02:19,e95720f2-91c9-a6d0-f7d5-8bcb94d07bbc-0378-1819-0,e95720f2-91c9-a6d0-f7d5-8bcb94d07bbc,9,,C48345,OVAL,,2,,M;L;13,,C48328,PINK,,LEVOTHYROXINE SODIUM 200 ug;,LEVOTHYROXINE SODIUM[LEVOTHYROXINE];,"BUTYLATED HYDROXYANISOLE;SILICON DIOXIDE;CROSPOVIDONE (15 MPA.S AT 5%);MAGNESIUM STEARATE;MANNITOL;MICROCRYSTALLINE CELLULOSE;POVIDONE, UNSPECIFIED;SODIUM LAURYL SULFATE;SUCROSE;FD&C RED NO. 40;",HRX,SCD,levothyroxine sodium 0.2 MG Oral Tablet,892251,2020-02-10 15:19:57,0378-1819,0,,3781819,378,1819,Levothyroxine Sodium,active,20200731,f4451265-6d18-462a-8590-9d2674fba766.xml,,C42998,34391-3,,,LABELER,Mylan Pharmaceuticals Inc.,C73584,NLM,TRUE,,25,,,TRUE,FALSE,FALSE,TRUE,TRUE
00378-1821-01_PART_1_OF_1_CHAL10_SB_4D23A6AD.jpg,00378-1821-01,1821,TRUE,FALSE,FALSE,fcn_mix_weight/dr_224/00378-1821-01_PART_1_OF_1_CHAL10_SB_4D23A6AD.jpg,00378-1821-01_4D23A6AD,11088,TRUE,10/17/2017 05:30:09 PM,2020-02-10 17:05:26,e95720f2-91c9-a6d0-f7d5-8bcb94d07bbc-0378-1821-0,e95720f2-91c9-a6d0-f7d5-8bcb94d07bbc,9,,C48345,OVAL,,2,,M;L;14,,C48329,GREEN,,LEVOTHYROXINE SODIUM 300 ug;,LEVOTHYROXINE SODIUM[LEVOTHYROXINE];,"BUTYLATED HYDROXYANISOLE;SILICON DIOXIDE;CROSPOVIDONE (15 MPA.S AT 5%);MAGNESIUM STEARATE;MANNITOL;MICROCRYSTALLINE CELLULOSE;POVIDONE, UNSPECIFIED;SODIUM LAURYL SULFATE;SUCROSE;D&C YELLOW NO. 10;FD&C BLUE NO. 1;FD&C YELLOW NO. 6;",HRX,SCD,levothyroxine sodium 0.3 MG Oral Tablet,892255,2020-02-10 15:34:23,0378-1821,0,,3781821,378,1821,Levothyroxine Sodium,active,20200731,f4451265-6d18-462a-8590-9d2674fba766.xml,,C42998,34391-3,,,LABELER,Mylan Pharmaceuticals Inc.,C73584,NLM,TRUE,,25,,,TRUE,FALSE,FALSE,TRUE,TRUE
00378-1821-01_PART_1_OF_1_CHAL10_SF_4D23A6AD.jpg,00378-1821-01,1821,TRUE,TRUE,FALSE,fcn_mix_weight/dr_224/00378-1821-01_PART_1_OF_1_CHAL10_SF_4D23A6AD.jpg,00378-1821-01_4D23A6AD,11088,TRUE,10/17/2017 05:30:09 PM,2020-02-10 17:05:26,e95720f2-91c9-a6d0-f7d5-8bcb94d07bbc-0378-1821-0,e95720f2-91c9-a6d0-f7d5-8bcb94d07bbc,9,,C48345,OVAL,,2,,M;L;14,,C48329,GREEN,,LEVOTHYROXINE SODIUM 300 ug;,LEVOTHYROXINE SODIUM[LEVOTHYROXINE];,"BUTYLATED HYDROXYANISOLE;SILICON DIOXIDE;CROSPOVIDONE (15 MPA.S AT 5%);MAGNESIUM STEARATE;MANNITOL;MICROCRYSTALLINE CELLULOSE;POVIDONE, UNSPECIFIED;SODIUM LAURYL SULFATE;SUCROSE;D&C YELLOW NO. 10;FD&C BLUE NO. 1;FD&C YELLOW NO. 6;",HRX,SCD,levothyroxine sodium 0.3 MG Oral Tablet,892255,2020-02-10 15:34:23,0378-1821,0,,3781821,378,1821,Levothyroxine Sodium,active,20200731,f4451265-6d18-462a-8590-9d2674fba766.xml,,C42998,34391-3,,,LABELER,Mylan Pharmaceuticals Inc.,C73584,NLM,TRUE,,25,,,TRUE,FALSE,FALSE,TRUE,TRUE
00378-1823-01_PART_1_OF_1_CHAL10_SB_D723EBAF.jpg,00378-1823-01,1823,TRUE,FALSE,FALSE,fcn_mix_weight/dr_224/00378-1823-01_PART_1_OF_1_CHAL10_SB_D723EBAF.jpg,00378-1823-01_D723EBAF,31526,TRUE,10/17/2017 05:31:36 PM,2020-02-10 17:12:56,e95720f2-91c9-a6d0-f7d5-8bcb94d07bbc-0378-1823-0,e95720f2-91c9-a6d0-f7d5-8bcb94d07bbc,9,,C48345,OVAL,,2,,M;L;15,,C48334,TURQUOISE,BLUE,LEVOTHYROXINE SODIUM 137 ug;,LEVOTHYROXINE SODIUM[LEVOTHYROXINE];,"BUTYLATED HYDROXYANISOLE;SILICON DIOXIDE;CROSPOVIDONE (15 MPA.S AT 5%);MAGNESIUM STEARATE;MANNITOL;MICROCRYSTALLINE CELLULOSE;POVIDONE, UNSPECIFIED;SODIUM LAURYL SULFATE;SUCROSE;FD&C BLUE NO. 2;",HRX,SCD,levothyroxine sodium 0.137 MG Oral Tablet,966270,2020-02-10 16:15:13,0378-1823,0,,3781823,378,1823,Levothyroxine Sodium,active,20200731,f4451265-6d18-462a-8590-9d2674fba766.xml,,C42998,34391-3,,,LABELER,Mylan Pharmaceuticals Inc.,C73584,NLM,TRUE,,25,,,TRUE,FALSE,FALSE,TRUE,TRUE
00378-1823-01_PART_1_OF_1_CHAL10_SF_D723EBAF.jpg,00378-1823-01,1823,TRUE,TRUE,FALSE,fcn_mix_weight/dr_224/00378-1823-01_PART_1_OF_1_CHAL10_SF_D723EBAF.jpg,00378-1823-01_D723EBAF,31526,TRUE,10/17/2017 05:31:36 PM,2020-02-10 17:12:56,e95720f2-91c9-a6d0-f7d5-8bcb94d07bbc-0378-1823-0,e95720f2-91c9-a6d0-f7d5-8bcb94d07bbc,9,,C48345,OVAL,,2,,M;L;15,,C48334,TURQUOISE,BLUE,LEVOTHYROXINE SODIUM 137 ug;,LEVOTHYROXINE SODIUM[LEVOTHYROXINE];,"BUTYLATED HYDROXYANISOLE;SILICON DIOXIDE;CROSPOVIDONE (15 MPA.S AT 5%);MAGNESIUM STEARATE;MANNITOL;MICROCRYSTALLINE CELLULOSE;POVIDONE, UNSPECIFIED;SODIUM LAURYL SULFATE;SUCROSE;FD&C BLUE NO. 2;",HRX,SCD,levothyroxine sodium 0.137 MG Oral Tablet,966270,2020-02-10 16:15:13,0378-1823,0,,3781823,378,1823,Levothyroxine Sodium,active,20200731,f4451265-6d18-462a-8590-9d2674fba766.xml,,C42998,34391-3,,,LABELER,Mylan Pharmaceuticals Inc.,C73584,NLM,TRUE,,25,,,TRUE,FALSE,FALSE,TRUE,TRUE
00378-2072-01_PART_1_OF_1_CHAL10_SB_8621435A.jpg,00378-2072-01,2072,TRUE,FALSE,FALSE,fcn_mix_weight/dr_224/00378-2072-01_PART_1_OF_1_CHAL10_SB_8621435A.jpg,00378-2072-01_8621435A,27784,TRUE,10/17/2017 05:31:20 PM,2020-02-10 17:12:46,a8ad5c56-0368-fbb5-290d-c32d19b8ab06-0378-2072-0,a8ad5c56-0368-fbb5-290d-c32d19b8ab06,6,,C48348,ROUND,,1,,L;22;M,,C48333,BLUE,,LISINOPRIL 2.5 mg;,LISINOPRIL[LISINOPRIL ANHYDROUS];,"SILICON DIOXIDE;CROSCARMELLOSE SODIUM;DIBASIC CALCIUM PHOSPHATE DIHYDRATE;MAGNESIUM STEARATE;MANNITOL;POVIDONE, UNSPECIFIED;STARCH, CORN;SODIUM LAURYL SULFATE;FD&C BLUE NO. 2;",HRX,SCD,lisinopril 2.5 MG Oral Tablet,311353,2020-02-10 16:14:30,0378-2072,0,,3782072,378,2072,Lisinopril,completed,20171011,f7c37d53-b108-4794-8e07-c7726a12b8c0.xml,,C42998,34391-3,,,LABELER,Mylan Pharmaceuticals Inc.,C73584,NLM,TRUE,,19,,,TRUE,FALSE,FALSE,TRUE,TRUE
00378-2072-01_PART_1_OF_1_CHAL10_SF_8621435A.jpg,00378-2072-01,2072,TRUE,TRUE,FALSE,fcn_mix_weight/dr_224/00378-2072-01_PART_1_OF_1_CHAL10_SF_8621435A.jpg,00378-2072-01_8621435A,27784,TRUE,10/17/2017 05:31:20 PM,2020-02-10 17:12:46,a8ad5c56-0368-fbb5-290d-c32d19b8ab06-0378-2072-0,a8ad5c56-0368-fbb5-290d-c32d19b8ab06,6,,C48348,ROUND,,1,,L;22;M,,C48333,BLUE,,LISINOPRIL 2.5 mg;,LISINOPRIL[LISINOPRIL ANHYDROUS];,"SILICON DIOXIDE;CROSCARMELLOSE SODIUM;DIBASIC CALCIUM PHOSPHATE DIHYDRATE;MAGNESIUM STEARATE;MANNITOL;POVIDONE, UNSPECIFIED;STARCH, CORN;SODIUM LAURYL SULFATE;FD&C BLUE NO. 2;",HRX,SCD,lisinopril 2.5 MG Oral Tablet,311353,2020-02-10 16:14:30,0378-2072,0,,3782072,378,2072,Lisinopril,completed,20171011,f7c37d53-b108-4794-8e07-c7726a12b8c0.xml,,C42998,34391-3,,,LABELER,Mylan Pharmaceuticals Inc.,C73584,NLM,TRUE,,19,,,TRUE,FALSE,FALSE,TRUE,TRUE
00378-2073-01_PART_1_OF_1_CHAL10_SB_C523E2AF.jpg,00378-2073-01,2073,TRUE,FALSE,FALSE,fcn_mix_weight/dr_224/00378-2073-01_PART_1_OF_1_CHAL10_SB_C523E2AF.jpg,00378-2073-01_C523E2AF,40585,TRUE,10/17/2017 05:32:17 PM,2020-02-10 17:14:24,a8ad5c56-0368-fbb5-290d-c32d19b8ab06-0378-2073-0,a8ad5c56-0368-fbb5-290d-c32d19b8ab06,8,,C48348,ROUND,,2,,M;L23,,C48331,ORANGE,,LISINOPRIL 5 mg;,LISINOPRIL[LISINOPRIL ANHYDROUS];,"SILICON DIOXIDE;CROSCARMELLOSE SODIUM;DIBASIC CALCIUM PHOSPHATE DIHYDRATE;MAGNESIUM STEARATE;MANNITOL;POVIDONE, UNSPECIFIED;STARCH, CORN;SODIUM LAURYL SULFATE;FD&C YELLOW NO. 6;",HRX,SCD,lisinopril 5 MG Oral Tablet,311354,2020-02-10 16:23:13,0378-2073,0,,3782073,378,2073,Lisinopril,completed,20171011,f7c37d53-b108-4794-8e07-c7726a12b8c0.xml,,C42998,34391-3,,,LABELER,Mylan Pharmaceuticals Inc.,C73584,NLM,TRUE,,19,,,TRUE,FALSE,FALSE,TRUE,TRUE
00378-2073-01_PART_1_OF_1_CHAL10_SF_C523E2AF.jpg,00378-2073-01,2073,TRUE,TRUE,FALSE,fcn_mix_weight/dr_224/00378-2073-01_PART_1_OF_1_CHAL10_SF_C523E2AF.jpg,00378-2073-01_C523E2AF,40585,TRUE,10/17/2017 05:32:17 PM,2020-02-10 17:14:24,a8ad5c56-0368-fbb5-290d-c32d19b8ab06-0378-2073-0,a8ad5c56-0368-fbb5-290d-c32d19b8ab06,8,,C48348,ROUND,,2,,M;L23,,C48331,ORANGE,,LISINOPRIL 5 mg;,LISINOPRIL[LISINOPRIL ANHYDROUS];,"SILICON DIOXIDE;CROSCARMELLOSE SODIUM;DIBASIC CALCIUM PHOSPHATE DIHYDRATE;MAGNESIUM STEARATE;MANNITOL;POVIDONE, UNSPECIFIED;STARCH, CORN;SODIUM LAURYL SULFATE;FD&C YELLOW NO. 6;",HRX,SCD,lisinopril 5 MG Oral Tablet,311354,2020-02-10 16:23:13,0378-2073,0,,3782073,378,2073,Lisinopril,completed,20171011,f7c37d53-b108-4794-8e07-c7726a12b8c0.xml,,C42998,34391-3,,,LABELER,Mylan Pharmaceuticals Inc.,C73584,NLM,TRUE,,19,,,TRUE,FALSE,FALSE,TRUE,TRUE
00378-2074-01_PART_1_OF_1_CHAL10_SB_8B2145CA.jpg,00378-2074-01,2074,TRUE,FALSE,FALSE,fcn_mix_weight/dr_224/00378-2074-01_PART_1_OF_1_CHAL10_SB_8B2145CA.jpg,00378-2074-01_8B2145CA,28251,TRUE,10/17/2017 05:31:22 PM,2020-02-10 17:07:38,a8ad5c56-0368-fbb5-290d-c32d19b8ab06-0378-2074-0,a8ad5c56-0368-fbb5-290d-c32d19b8ab06,8,,C48348,ROUND,,1,,L;24;M,,C48325,WHITE,,LISINOPRIL 10 mg;,LISINOPRIL[LISINOPRIL ANHYDROUS];,"SILICON DIOXIDE;CROSCARMELLOSE SODIUM;DIBASIC CALCIUM PHOSPHATE DIHYDRATE;MAGNESIUM STEARATE;MANNITOL;POVIDONE, UNSPECIFIED;STARCH, CORN;SODIUM LAURYL SULFATE;",HRX,SCD,lisinopril 10 MG Oral Tablet,314076,2020-02-10 15:45:30,0378-2074,0,,3782074,378,2074,Lisinopril,completed,20171011,f7c37d53-b108-4794-8e07-c7726a12b8c0.xml,,C42998,34391-3,,,LABELER,Mylan Pharmaceuticals Inc.,C73584,NLM,TRUE,,19,,,TRUE,FALSE,FALSE,TRUE,TRUE
00378-2074-01_PART_1_OF_1_CHAL10_SF_8B2145CA.jpg,00378-2074-01,2074,TRUE,TRUE,FALSE,fcn_mix_weight/dr_224/00378-2074-01_PART_1_OF_1_CHAL10_SF_8B2145CA.jpg,00378-2074-01_8B2145CA,28251,TRUE,10/17/2017 05:31:22 PM,2020-02-10 17:07:38,a8ad5c56-0368-fbb5-290d-c32d19b8ab06-0378-2074-0,a8ad5c56-0368-fbb5-290d-c32d19b8ab06,8,,C48348,ROUND,,1,,L;24;M,,C48325,WHITE,,LISINOPRIL 10 mg;,LISINOPRIL[LISINOPRIL ANHYDROUS];,"SILICON DIOXIDE;CROSCARMELLOSE SODIUM;DIBASIC CALCIUM PHOSPHATE DIHYDRATE;MAGNESIUM STEARATE;MANNITOL;POVIDONE, UNSPECIFIED;STARCH, CORN;SODIUM LAURYL SULFATE;",HRX,SCD,lisinopril 10 MG Oral Tablet,314076,2020-02-10 15:45:30,0378-2074,0,,3782074,378,2074,Lisinopril,completed,20171011,f7c37d53-b108-4794-8e07-c7726a12b8c0.xml,,C42998,34391-3,,,LABELER,Mylan Pharmaceuticals Inc.,C73584,NLM,TRUE,,19,,,TRUE,FALSE,FALSE,TRUE,TRUE
00378-2076-01_PART_1_OF_1_CHAL10_SB_5A23AD6D.jpg,00378-2076-01,2076,TRUE,FALSE,FALSE,fcn_mix_weight/dr_224/00378-2076-01_PART_1_OF_1_CHAL10_SB_5A23AD6D.jpg,00378-2076-01_5A23AD6D,8696,TRUE,10/17/2017 05:29:58 PM,2020-02-10 17:12:46,a8ad5c56-0368-fbb5-290d-c32d19b8ab06-0378-2076-0,a8ad5c56-0368-fbb5-290d-c32d19b8ab06,8,,C48348,ROUND,,1,,L;26;M,,C48329,GREEN,,LISINOPRIL 40 mg;,LISINOPRIL[LISINOPRIL ANHYDROUS];,"SILICON DIOXIDE;CROSCARMELLOSE SODIUM;DIBASIC CALCIUM PHOSPHATE DIHYDRATE;MAGNESIUM STEARATE;MANNITOL;POVIDONE, UNSPECIFIED;STARCH, CORN;SODIUM LAURYL SULFATE;FD&C BLUE NO. 2;D&C YELLOW NO. 10;",HRX,SCD,lisinopril 40 MG Oral Tablet,197884,2020-02-10 16:14:29,0378-2076,0,,3782076,378,2076,Lisinopril,completed,20171011,f7c37d53-b108-4794-8e07-c7726a12b8c0.xml,,C42998,34391-3,,,LABELER,Mylan Pharmaceuticals Inc.,C73584,NLM,TRUE,,19,,,TRUE,FALSE,FALSE,TRUE,TRUE
00378-2076-01_PART_1_OF_1_CHAL10_SF_5A23AD6D.jpg,00378-2076-01,2076,TRUE,TRUE,FALSE,fcn_mix_weight/dr_224/00378-2076-01_PART_1_OF_1_CHAL10_SF_5A23AD6D.jpg,00378-2076-01_5A23AD6D,8696,TRUE,10/17/2017 05:29:58 PM,2020-02-10 17:12:46,a8ad5c56-0368-fbb5-290d-c32d19b8ab06-0378-2076-0,a8ad5c56-0368-fbb5-290d-c32d19b8ab06,8,,C48348,ROUND,,1,,L;26;M,,C48329,GREEN,,LISINOPRIL 40 mg;,LISINOPRIL[LISINOPRIL ANHYDROUS];,"SILICON DIOXIDE;CROSCARMELLOSE SODIUM;DIBASIC CALCIUM PHOSPHATE DIHYDRATE;MAGNESIUM STEARATE;MANNITOL;POVIDONE, UNSPECIFIED;STARCH, CORN;SODIUM LAURYL SULFATE;FD&C BLUE NO. 2;D&C YELLOW NO. 10;",HRX,SCD,lisinopril 40 MG Oral Tablet,197884,2020-02-10 16:14:29,0378-2076,0,,3782076,378,2076,Lisinopril,completed,20171011,f7c37d53-b108-4794-8e07-c7726a12b8c0.xml,,C42998,34391-3,,,LABELER,Mylan Pharmaceuticals Inc.,C73584,NLM,TRUE,,19,,,TRUE,FALSE,FALSE,TRUE,TRUE
00378-2077-01_PART_1_OF_1_CHAL10_SB_4426A255.jpg,00378-2077-01,2077,TRUE,FALSE,FALSE,fcn_mix_weight/dr_224/00378-2077-01_PART_1_OF_1_CHAL10_SB_4426A255.jpg,00378-2077-01_4426A255,30050,TRUE,10/17/2017 05:31:30 PM,2020-02-10 17:06:02,a8ad5c56-0368-fbb5-290d-c32d19b8ab06-0378-2077-0,a8ad5c56-0368-fbb5-290d-c32d19b8ab06,8,,C48348,ROUND,,1,,L;27;M,,C48333,BLUE,,LISINOPRIL 30 mg;,LISINOPRIL[LISINOPRIL ANHYDROUS];,"SILICON DIOXIDE;CROSCARMELLOSE SODIUM;DIBASIC CALCIUM PHOSPHATE DIHYDRATE;MAGNESIUM STEARATE;MANNITOL;POVIDONE, UNSPECIFIED;STARCH, CORN;SODIUM LAURYL SULFATE;FD&C BLUE NO. 2;",HRX,SCD,lisinopril 30 MG Oral Tablet,205326,2020-02-10 15:37:29,0378-2077,0,,3782077,378,2077,Lisinopril,completed,20171011,f7c37d53-b108-4794-8e07-c7726a12b8c0.xml,,C42998,34391-3,,,LABELER,Mylan Pharmaceuticals Inc.,C73584,NLM,TRUE,,19,,,TRUE,FALSE,FALSE,TRUE,TRUE
00378-2077-01_PART_1_OF_1_CHAL10_SF_4426A255.jpg,00378-2077-01,2077,TRUE,TRUE,FALSE,fcn_mix_weight/dr_224/00378-2077-01_PART_1_OF_1_CHAL10_SF_4426A255.jpg,00378-2077-01_4426A255,30050,TRUE,10/17/2017 05:31:30 PM,2020-02-10 17:06:02,a8ad5c56-0368-fbb5-290d-c32d19b8ab06-0378-2077-0,a8ad5c56-0368-fbb5-290d-c32d19b8ab06,8,,C48348,ROUND,,1,,L;27;M,,C48333,BLUE,,LISINOPRIL 30 mg;,LISINOPRIL[LISINOPRIL ANHYDROUS];,"SILICON DIOXIDE;CROSCARMELLOSE SODIUM;DIBASIC CALCIUM PHOSPHATE DIHYDRATE;MAGNESIUM STEARATE;MANNITOL;POVIDONE, UNSPECIFIED;STARCH, CORN;SODIUM LAURYL SULFATE;FD&C BLUE NO. 2;",HRX,SCD,lisinopril 30 MG Oral Tablet,205326,2020-02-10 15:37:29,0378-2077,0,,3782077,378,2077,Lisinopril,completed,20171011,f7c37d53-b108-4794-8e07-c7726a12b8c0.xml,,C42998,34391-3,,,LABELER,Mylan Pharmaceuticals Inc.,C73584,NLM,TRUE,,19,,,TRUE,FALSE,FALSE,TRUE,TRUE
00378-2180-01_PART_1_OF_1_CHAL10_SB_8F23479A.jpg,00378-2180-01,2180,TRUE,FALSE,FALSE,fcn_mix_weight/dr_224/00378-2180-01_PART_1_OF_1_CHAL10_SB_8F23479A.jpg,00378-2180-01_8F23479A,40163,TRUE,10/17/2017 05:32:15 PM,2020-02-10 17:14:13,edabc504-cfb9-410f-b1fa-9fc6910f0816-0378-2180-0,edabc504-cfb9-410f-b1fa-9fc6910f0816,16,,C48345,OVAL,,2,,M;312,,C48333,BLUE,,VERAPAMIL HYDROCHLORIDE 180 mg;,VERAPAMIL HYDROCHLORIDE[VERAPAMIL];,"FD&C BLUE NO. 1;MAGNESIUM STEARATE;MICROCRYSTALLINE CELLULOSE 101;POLYETHYLENE GLYCOL 3350;POLYVINYL ALCOHOL, UNSPECIFIED;POVIDONE, UNSPECIFIED;SODIUM ALGINATE;SODIUM LAURYL SULFATE;TALC;TITANIUM DIOXIDE;",HRX,SCD,verapamil hydrochloride 180 MG Extended Release Oral Tablet,897640,2020-02-10 16:22:18,0378-2180,0,,3782180,378,2180,Verapamil Hydrochloride,active,20191106,6ed52e0a-fea3-44ff-b946-a41a76966002.xml,,C42930,34391-3,,,LABELER,Mylan Pharmaceuticals Inc.,C73584,NLM,TRUE,,16,,,TRUE,FALSE,FALSE,TRUE,TRUE
00378-2180-01_PART_1_OF_1_CHAL10_SF_8F23479A.jpg,00378-2180-01,2180,TRUE,TRUE,FALSE,fcn_mix_weight/dr_224/00378-2180-01_PART_1_OF_1_CHAL10_SF_8F23479A.jpg,00378-2180-01_8F23479A,40163,TRUE,10/17/2017 05:32:15 PM,2020-02-10 17:14:13,edabc504-cfb9-410f-b1fa-9fc6910f0816-0378-2180-0,edabc504-cfb9-410f-b1fa-9fc6910f0816,16,,C48345,OVAL,,2,,M;312,,C48333,BLUE,,VERAPAMIL HYDROCHLORIDE 180 mg;,VERAPAMIL HYDROCHLORIDE[VERAPAMIL];,"FD&C BLUE NO. 1;MAGNESIUM STEARATE;MICROCRYSTALLINE CELLULOSE 101;POLYETHYLENE GLYCOL 3350;POLYVINYL ALCOHOL, UNSPECIFIED;POVIDONE, UNSPECIFIED;SODIUM ALGINATE;SODIUM LAURYL SULFATE;TALC;TITANIUM DIOXIDE;",HRX,SCD,verapamil hydrochloride 180 MG Extended Release Oral Tablet,897640,2020-02-10 16:22:18,0378-2180,0,,3782180,378,2180,Verapamil Hydrochloride,active,20191106,6ed52e0a-fea3-44ff-b946-a41a76966002.xml,,C42930,34391-3,,,LABELER,Mylan Pharmaceuticals Inc.,C73584,NLM,TRUE,,16,,,TRUE,FALSE,FALSE,TRUE,TRUE
00378-2537-01_PART_1_OF_1_CHAL10_SB_04268244.jpg,00378-2537-01,2537,TRUE,FALSE,FALSE,fcn_mix_weight/dr_224/00378-2537-01_PART_1_OF_1_CHAL10_SB_04268244.jpg,00378-2537-01_04268244,31060,TRUE,10/17/2017 05:31:34 PM,2020-02-10 16:59:48,1c1277f3-1936-40f2-8efa-4233c39f93a0-0378-2537-0,1c1277f3-1936-40f2-8efa-4233c39f93a0,12,14,C48336,CAPSULE,,1,,MYLAN;2537,,C48329;C48330,GREEN;YELLOW,,HYDROCHLOROTHIAZIDE 25 mg;TRIAMTERENE 37.5 mg;,HYDROCHLOROTHIAZIDE[HYDROCHLOROTHIAZIDE];TRIAMTERENE[TRIAMTERENE];,"SILICON DIOXIDE;CROSCARMELLOSE SODIUM;GELATIN, UNSPECIFIED;MAGNESIUM STEARATE;MICROCRYSTALLINE CELLULOSE;POLYETHYLENE GLYCOL, UNSPECIFIED;POLYSORBATE 80;PROPYLENE GLYCOL;SODIUM BICARBONATE;SODIUM LAURYL SULFATE;FERROSOFERRIC OXIDE;TITANIUM DIOXIDE;FERRIC OXIDE YELLOW;D&C YELLOW NO. 10;FD&C BLUE NO. 1;FD&C BLUE NO. 2;FD&C RED NO. 40;SHELLAC;",HRX,SCD,hydrochlorothiazide 25 MG / triamterene 37.5 MG Oral Capsule,198316,2020-02-10 15:08:59,0378-2537,0,,3782537,378,2537,Triamterene and Hydrochlorothiazide,active,20200908,4182ed10-dee4-4488-ab89-a753017d7209.xml,,C25158,34391-3,,,LABELER,Mylan Pharmaceuticals Inc.,C73584,NLM,TRUE,,7,,,TRUE,FALSE,FALSE,TRUE,TRUE
00378-2537-01_PART_1_OF_1_CHAL10_SF_04268244.jpg,00378-2537-01,2537,TRUE,TRUE,FALSE,fcn_mix_weight/dr_224/00378-2537-01_PART_1_OF_1_CHAL10_SF_04268244.jpg,00378-2537-01_04268244,31060,TRUE,10/17/2017 05:31:34 PM,2020-02-10 16:59:48,1c1277f3-1936-40f2-8efa-4233c39f93a0-0378-2537-0,1c1277f3-1936-40f2-8efa-4233c39f93a0,12,14,C48336,CAPSULE,,1,,MYLAN;2537,,C48329;C48330,GREEN;YELLOW,,HYDROCHLOROTHIAZIDE 25 mg;TRIAMTERENE 37.5 mg;,HYDROCHLOROTHIAZIDE[HYDROCHLOROTHIAZIDE];TRIAMTERENE[TRIAMTERENE];,"SILICON DIOXIDE;CROSCARMELLOSE SODIUM;GELATIN, UNSPECIFIED;MAGNESIUM STEARATE;MICROCRYSTALLINE CELLULOSE;POLYETHYLENE GLYCOL, UNSPECIFIED;POLYSORBATE 80;PROPYLENE GLYCOL;SODIUM BICARBONATE;SODIUM LAURYL SULFATE;FERROSOFERRIC OXIDE;TITANIUM DIOXIDE;FERRIC OXIDE YELLOW;D&C YELLOW NO. 10;FD&C BLUE NO. 1;FD&C BLUE NO. 2;FD&C RED NO. 40;SHELLAC;",HRX,SCD,hydrochlorothiazide 25 MG / triamterene 37.5 MG Oral Capsule,198316,2020-02-10 15:08:59,0378-2537,0,,3782537,378,2537,Triamterene and Hydrochlorothiazide,active,20200908,4182ed10-dee4-4488-ab89-a753017d7209.xml,,C25158,34391-3,,,LABELER,Mylan Pharmaceuticals Inc.,C73584,NLM,TRUE,,7,,,TRUE,FALSE,FALSE,TRUE,TRUE
00378-2625-01_PART_1_OF_1_CHAL10_SB_CE23E72F.jpg,00378-2625-01,2625,TRUE,FALSE,FALSE,fcn_mix_weight/dr_224/00378-2625-01_PART_1_OF_1_CHAL10_SB_CE23E72F.jpg,00378-2625-01_CE23E72F,2133,TRUE,10/17/2017 05:29:29 PM,2020-02-10 17:09:50,61d2da8d-b435-4ada-a013-401786f7cace-0378-2625-0,61d2da8d-b435-4ada-a013-401786f7cace,6,,C48348,ROUND,,1,,M;51,,C48329,GREEN,,Amitriptyline Hydrochloride 25 mg;,Amitriptyline Hydrochloride[Amitriptyline];,"Silicon Dioxide;Starch, Corn;HYDROXYPROPYL CELLULOSE, UNSPECIFIED;HYPROMELLOSE, UNSPECIFIED;Magnesium Stearate;MICROCRYSTALLINE CELLULOSE;POLYETHYLENE GLYCOL, UNSPECIFIED;Sodium Lauryl Sulfate;SODIUM STARCH GLYCOLATE TYPE A POTATO;Titanium Dioxide;FD&C Blue No. 1;FD&C Yellow No. 6;D&C Yellow No. 10;",HRX,SCD,amitriptyline hydrochloride 25 MG Oral Tablet,856834,2020-02-10 15:57:51,0378-2625,0,,3782625,378,2625,Amitriptyline Hydrochloride,active,20160304,253441c9-4d92-42bb-964f-8b19d1dbacfb.xml,,C42931,34391-3,,,LABELER,Mylan Pharmaceuticals Inc.,C73584,NLM,TRUE,,15,,,TRUE,FALSE,FALSE,TRUE,TRUE
00378-2625-01_PART_1_OF_1_CHAL10_SF_CE23E72F.jpg,00378-2625-01,2625,TRUE,TRUE,FALSE,fcn_mix_weight/dr_224/00378-2625-01_PART_1_OF_1_CHAL10_SF_CE23E72F.jpg,00378-2625-01_CE23E72F,2133,TRUE,10/17/2017 05:29:29 PM,2020-02-10 17:09:50,61d2da8d-b435-4ada-a013-401786f7cace-0378-2625-0,61d2da8d-b435-4ada-a013-401786f7cace,6,,C48348,ROUND,,1,,M;51,,C48329,GREEN,,Amitriptyline Hydrochloride 25 mg;,Amitriptyline Hydrochloride[Amitriptyline];,"Silicon Dioxide;Starch, Corn;HYDROXYPROPYL CELLULOSE, UNSPECIFIED;HYPROMELLOSE, UNSPECIFIED;Magnesium Stearate;MICROCRYSTALLINE CELLULOSE;POLYETHYLENE GLYCOL, UNSPECIFIED;Sodium Lauryl Sulfate;SODIUM STARCH GLYCOLATE TYPE A POTATO;Titanium Dioxide;FD&C Blue No. 1;FD&C Yellow No. 6;D&C Yellow No. 10;",HRX,SCD,amitriptyline hydrochloride 25 MG Oral Tablet,856834,2020-02-10 15:57:51,0378-2625,0,,3782625,378,2625,Amitriptyline Hydrochloride,active,20160304,253441c9-4d92-42bb-964f-8b19d1dbacfb.xml,,C42931,34391-3,,,LABELER,Mylan Pharmaceuticals Inc.,C73584,NLM,TRUE,,15,,,TRUE,FALSE,FALSE,TRUE,TRUE
00378-2650-01_PART_1_OF_1_CHAL10_SB_5626AB55.jpg,00378-2650-01,2650,TRUE,FALSE,FALSE,fcn_mix_weight/dr_224/00378-2650-01_PART_1_OF_1_CHAL10_SB_5626AB55.jpg,00378-2650-01_5626AB55,29848,TRUE,10/17/2017 05:31:29 PM,2020-02-10 17:05:50,61d2da8d-b435-4ada-a013-401786f7cace-0378-2650-0,61d2da8d-b435-4ada-a013-401786f7cace,8,,C48348,ROUND,,1,,M;36,,C48332,BROWN,,Amitriptyline Hydrochloride 50 mg;,Amitriptyline Hydrochloride[Amitriptyline];,"Silicon Dioxide;Starch, Corn;HYDROXYPROPYL CELLULOSE, UNSPECIFIED;HYPROMELLOSE, UNSPECIFIED;Magnesium Stearate;MICROCRYSTALLINE CELLULOSE;POLYETHYLENE GLYCOL, UNSPECIFIED;Sodium Lauryl Sulfate;SODIUM STARCH GLYCOLATE TYPE A POTATO;Titanium Dioxide;FD&C Blue No. 2;FD&C Red No. 40;FD&C Yellow No. 6;",HRX,SCD,amitriptyline hydrochloride 50 MG Oral Tablet,856845,2020-02-10 15:36:19,0378-2650,0,,3782650,378,2650,Amitriptyline Hydrochloride,active,20160304,253441c9-4d92-42bb-964f-8b19d1dbacfb.xml,,C42931,34391-3,,,LABELER,Mylan Pharmaceuticals Inc.,C73584,NLM,TRUE,,15,,,TRUE,FALSE,FALSE,TRUE,TRUE
00378-2650-01_PART_1_OF_1_CHAL10_SF_5626AB55.jpg,00378-2650-01,2650,TRUE,TRUE,FALSE,fcn_mix_weight/dr_224/00378-2650-01_PART_1_OF_1_CHAL10_SF_5626AB55.jpg,00378-2650-01_5626AB55,29848,TRUE,10/17/2017 05:31:29 PM,2020-02-10 17:05:50,61d2da8d-b435-4ada-a013-401786f7cace-0378-2650-0,61d2da8d-b435-4ada-a013-401786f7cace,8,,C48348,ROUND,,1,,M;36,,C48332,BROWN,,Amitriptyline Hydrochloride 50 mg;,Amitriptyline Hydrochloride[Amitriptyline];,"Silicon Dioxide;Starch, Corn;HYDROXYPROPYL CELLULOSE, UNSPECIFIED;HYPROMELLOSE, UNSPECIFIED;Magnesium Stearate;MICROCRYSTALLINE CELLULOSE;POLYETHYLENE GLYCOL, UNSPECIFIED;Sodium Lauryl Sulfate;SODIUM STARCH GLYCOLATE TYPE A POTATO;Titanium Dioxide;FD&C Blue No. 2;FD&C Red No. 40;FD&C Yellow No. 6;",HRX,SCD,amitriptyline hydrochloride 50 MG Oral Tablet,856845,2020-02-10 15:36:19,0378-2650,0,,3782650,378,2650,Amitriptyline Hydrochloride,active,20160304,253441c9-4d92-42bb-964f-8b19d1dbacfb.xml,,C42931,34391-3,,,LABELER,Mylan Pharmaceuticals Inc.,C73584,NLM,TRUE,,15,,,TRUE,FALSE,FALSE,TRUE,TRUE
00378-2675-01_PART_1_OF_1_CHAL10_SB_E52372EB.jpg,00378-2675-01,2675,TRUE,FALSE,FALSE,fcn_mix_weight/dr_224/00378-2675-01_PART_1_OF_1_CHAL10_SB_E52372EB.jpg,00378-2675-01_E52372EB,25419,TRUE,10/17/2017 05:31:10 PM,2020-02-10 16:59:58,61d2da8d-b435-4ada-a013-401786f7cace-0378-2675-0,61d2da8d-b435-4ada-a013-401786f7cace,10,,C48348,ROUND,,1,,M;37,,C48333,BLUE,,Amitriptyline Hydrochloride 75 mg;,Amitriptyline Hydrochloride[Amitriptyline];,"Silicon Dioxide;Starch, Corn;HYDROXYPROPYL CELLULOSE, UNSPECIFIED;HYPROMELLOSE, UNSPECIFIED;Magnesium Stearate;MICROCRYSTALLINE CELLULOSE;POLYETHYLENE GLYCOL, UNSPECIFIED;Sodium Lauryl Sulfate;SODIUM STARCH GLYCOLATE TYPE A POTATO;Titanium Dioxide;FD&C Blue No. 2;",HRX,SCD,amitriptyline hydrochloride 75 MG Oral Tablet,856853,2020-02-10 16:26:50,0378-2675,0,,3782675,378,2675,Amitriptyline Hydrochloride,active,20160304,253441c9-4d92-42bb-964f-8b19d1dbacfb.xml,,C42931,34391-3,,,LABELER,Mylan Pharmaceuticals Inc.,C73584,NLM,TRUE,,15,,,TRUE,FALSE,FALSE,TRUE,TRUE
00378-2675-01_PART_1_OF_1_CHAL10_SF_E52372EB.jpg,00378-2675-01,2675,TRUE,TRUE,FALSE,fcn_mix_weight/dr_224/00378-2675-01_PART_1_OF_1_CHAL10_SF_E52372EB.jpg,00378-2675-01_E52372EB,25419,TRUE,10/17/2017 05:31:10 PM,2020-02-10 16:59:58,61d2da8d-b435-4ada-a013-401786f7cace-0378-2675-0,61d2da8d-b435-4ada-a013-401786f7cace,10,,C48348,ROUND,,1,,M;37,,C48333,BLUE,,Amitriptyline Hydrochloride 75 mg;,Amitriptyline Hydrochloride[Amitriptyline];,"Silicon Dioxide;Starch, Corn;HYDROXYPROPYL CELLULOSE, UNSPECIFIED;HYPROMELLOSE, UNSPECIFIED;Magnesium Stearate;MICROCRYSTALLINE CELLULOSE;POLYETHYLENE GLYCOL, UNSPECIFIED;Sodium Lauryl Sulfate;SODIUM STARCH GLYCOLATE TYPE A POTATO;Titanium Dioxide;FD&C Blue No. 2;",HRX,SCD,amitriptyline hydrochloride 75 MG Oral Tablet,856853,2020-02-10 16:26:50,0378-2675,0,,3782675,378,2675,Amitriptyline Hydrochloride,active,20160304,253441c9-4d92-42bb-964f-8b19d1dbacfb.xml,,C42931,34391-3,,,LABELER,Mylan Pharmaceuticals Inc.,C73584,NLM,TRUE,,15,,,TRUE,FALSE,FALSE,TRUE,TRUE
00378-3205-01_PART_1_OF_1_CHAL10_SB_B41C5A52.jpg,00378-3205-01,3205,TRUE,FALSE,FALSE,fcn_mix_weight/dr_224/00378-3205-01_PART_1_OF_1_CHAL10_SB_B41C5A52.jpg,00378-3205-01_B41C5A52,40991,TRUE,10/17/2017 05:32:19 PM,2020-02-10 17:16:01,1ce90aaf-d075-4617-9a47-e8d922096d23-0378-3205-0,1ce90aaf-d075-4617-9a47-e8d922096d23,21,,C48336,CAPSULE,,1,,MYLAN;3205,,C48333;C48332,BLUE;BROWN,,PRAZOSIN HYDROCHLORIDE 5 mg;,PRAZOSIN HYDROCHLORIDE[PRAZOSIN];,"SILICON DIOXIDE;LACTOSE MONOHYDRATE;MAGNESIUM STEARATE;MICROCRYSTALLINE CELLULOSE;FERROSOFERRIC OXIDE;GELATIN, UNSPECIFIED;FERRIC OXIDE RED;TITANIUM DIOXIDE;FERRIC OXIDE YELLOW;FD&C BLUE NO. 1;AMMONIA;PROPYLENE GLYCOL;SHELLAC;DIMETHICONE;",HRX,SCD,prazosin 5 MG Oral Capsule,198141,2020-02-10 16:31:45,0378-3205,0,,3783205,378,3205,Prazosin Hydrochloride,active,20190205,e7466441-4296-4c9c-9928-ed2d101f2294.xml,,C25158,34391-3,,,LABELER,Mylan Pharmaceuticals Inc.,C73584,NLM,TRUE,,8,,,TRUE,FALSE,FALSE,TRUE,TRUE
00378-3205-01_PART_1_OF_1_CHAL10_SF_B41C5A52.jpg,00378-3205-01,3205,TRUE,TRUE,FALSE,fcn_mix_weight/dr_224/00378-3205-01_PART_1_OF_1_CHAL10_SF_B41C5A52.jpg,00378-3205-01_B41C5A52,40991,TRUE,10/17/2017 05:32:19 PM,2020-02-10 17:16:01,1ce90aaf-d075-4617-9a47-e8d922096d23-0378-3205-0,1ce90aaf-d075-4617-9a47-e8d922096d23,21,,C48336,CAPSULE,,1,,MYLAN;3205,,C48333;C48332,BLUE;BROWN,,PRAZOSIN HYDROCHLORIDE 5 mg;,PRAZOSIN HYDROCHLORIDE[PRAZOSIN];,"SILICON DIOXIDE;LACTOSE MONOHYDRATE;MAGNESIUM STEARATE;MICROCRYSTALLINE CELLULOSE;FERROSOFERRIC OXIDE;GELATIN, UNSPECIFIED;FERRIC OXIDE RED;TITANIUM DIOXIDE;FERRIC OXIDE YELLOW;FD&C BLUE NO. 1;AMMONIA;PROPYLENE GLYCOL;SHELLAC;DIMETHICONE;",HRX,SCD,prazosin 5 MG Oral Capsule,198141,2020-02-10 16:31:45,0378-3205,0,,3783205,378,3205,Prazosin Hydrochloride,active,20190205,e7466441-4296-4c9c-9928-ed2d101f2294.xml,,C25158,34391-3,,,LABELER,Mylan Pharmaceuticals Inc.,C73584,NLM,TRUE,,8,,,TRUE,FALSE,FALSE,TRUE,TRUE
00378-3475-01_PART_1_OF_1_CHAL10_SB_6F243791.jpg,00378-3475-01,3475,TRUE,FALSE,FALSE,fcn_mix_weight/dr_224/00378-3475-01_PART_1_OF_1_CHAL10_SB_6F243791.jpg,00378-3475-01_6F243791,28145,TRUE,10/17/2017 05:31:21 PM,10/17/2017 05:31:21 PM,62069120-e894-42fd-8927-f1d74e449ca6-0378-3475-0,62069120-e894-42fd-8927-f1d74e449ca6,9,,C48348,ROUND,,1,,M;475,,C48328,PINK,,NIFEDIPINE 30 mg;,NIFEDIPINE[NIFEDIPINE];,CELLULOSE ACETATE;HYDROXYPROPYL CELLULOSE;HYPROMELLOSES;MAGNESIUM STEARATE;POLYETHYLENE GLYCOLS;FERRIC OXIDE RED;SODIUM CHLORIDE;TITANIUM DIOXIDE;,HRX,,,,,0378-3475,0,,3783475,378,3475,Nifedipine,completed,20030814,3935c038-57eb-4b7e-ab89-657ffeeb78d4.xml,,C42930,34391-3,,,LABELER,Mylan Pharmaceuticals Inc.,C73594,NLM,TRUE,,5,,,FALSE,TRUE,FALSE,TRUE,TRUE
00378-3475-01_PART_1_OF_1_CHAL10_SF_6F243791.jpg,00378-3475-01,3475,TRUE,TRUE,FALSE,fcn_mix_weight/dr_224/00378-3475-01_PART_1_OF_1_CHAL10_SF_6F243791.jpg,00378-3475-01_6F243791,28145,TRUE,10/17/2017 05:31:21 PM,10/17/2017 05:31:21 PM,62069120-e894-42fd-8927-f1d74e449ca6-0378-3475-0,62069120-e894-42fd-8927-f1d74e449ca6,9,,C48348,ROUND,,1,,M;475,,C48328,PINK,,NIFEDIPINE 30 mg;,NIFEDIPINE[NIFEDIPINE];,CELLULOSE ACETATE;HYDROXYPROPYL CELLULOSE;HYPROMELLOSES;MAGNESIUM STEARATE;POLYETHYLENE GLYCOLS;FERRIC OXIDE RED;SODIUM CHLORIDE;TITANIUM DIOXIDE;,HRX,,,,,0378-3475,0,,3783475,378,3475,Nifedipine,completed,20030814,3935c038-57eb-4b7e-ab89-657ffeeb78d4.xml,,C42930,34391-3,,,LABELER,Mylan Pharmaceuticals Inc.,C73594,NLM,TRUE,,5,,,FALSE,TRUE,FALSE,TRUE,TRUE
00378-3482-01_PART_1_OF_1_CHAL10_SB_3023980C.jpg,00378-3482-01,3482,TRUE,FALSE,FALSE,fcn_mix_weight/dr_224/00378-3482-01_PART_1_OF_1_CHAL10_SB_3023980C.jpg,00378-3482-01_3023980C,27826,TRUE,10/17/2017 05:31:20 PM,10/17/2017 05:31:20 PM,62069120-e894-42fd-8927-f1d74e449ca6-0378-3482-0,62069120-e894-42fd-8927-f1d74e449ca6,10,,C48348,ROUND,,1,,M;482,,C48328,PINK,,NIFEDIPINE 60 mg;,NIFEDIPINE[NIFEDIPINE];,CELLULOSE ACETATE;HYDROXYPROPYL CELLULOSE;HYPROMELLOSES;MAGNESIUM STEARATE;POLYETHYLENE GLYCOLS;FERRIC OXIDE RED;SODIUM CHLORIDE;TITANIUM DIOXIDE;,HRX,,,,,0378-3482,0,,3783482,378,3482,Nifedipine,completed,20030814,3935c038-57eb-4b7e-ab89-657ffeeb78d4.xml,,C42930,34391-3,,,LABELER,Mylan Pharmaceuticals Inc.,C73594,NLM,TRUE,,5,,,FALSE,TRUE,FALSE,TRUE,TRUE
00378-3482-01_PART_1_OF_1_CHAL10_SF_3023980C.jpg,00378-3482-01,3482,TRUE,TRUE,FALSE,fcn_mix_weight/dr_224/00378-3482-01_PART_1_OF_1_CHAL10_SF_3023980C.jpg,00378-3482-01_3023980C,27826,TRUE,10/17/2017 05:31:20 PM,10/17/2017 05:31:20 PM,62069120-e894-42fd-8927-f1d74e449ca6-0378-3482-0,62069120-e894-42fd-8927-f1d74e449ca6,10,,C48348,ROUND,,1,,M;482,,C48328,PINK,,NIFEDIPINE 60 mg;,NIFEDIPINE[NIFEDIPINE];,CELLULOSE ACETATE;HYDROXYPROPYL CELLULOSE;HYPROMELLOSES;MAGNESIUM STEARATE;POLYETHYLENE GLYCOLS;FERRIC OXIDE RED;SODIUM CHLORIDE;TITANIUM DIOXIDE;,HRX,,,,,0378-3482,0,,3783482,378,3482,Nifedipine,completed,20030814,3935c038-57eb-4b7e-ab89-657ffeeb78d4.xml,,C42930,34391-3,,,LABELER,Mylan Pharmaceuticals Inc.,C73594,NLM,TRUE,,5,,,FALSE,TRUE,FALSE,TRUE,TRUE
00378-3495-01_PART_1_OF_1_CHAL10_SB_15238AEC.jpg,00378-3495-01,3495,TRUE,FALSE,FALSE,fcn_mix_weight/dr_224/00378-3495-01_PART_1_OF_1_CHAL10_SB_15238AEC.jpg,00378-3495-01_15238AEC,12518,TRUE,10/17/2017 05:30:15 PM,10/17/2017 05:30:15 PM,62069120-e894-42fd-8927-f1d74e449ca6-0378-3495-0,62069120-e894-42fd-8927-f1d74e449ca6,12,,C48348,ROUND,,1,,M;495,,C48328,PINK,,NIFEDIPINE 90 mg;,NIFEDIPINE[NIFEDIPINE];,CELLULOSE ACETATE;HYDROXYPROPYL CELLULOSE;HYPROMELLOSES;MAGNESIUM STEARATE;POLYETHYLENE GLYCOLS;FERRIC OXIDE RED;SODIUM CHLORIDE;TITANIUM DIOXIDE;,HRX,,,,,0378-3495,0,,3783495,378,3495,Nifedipine,completed,20030814,3935c038-57eb-4b7e-ab89-657ffeeb78d4.xml,,C42930,34391-3,,,LABELER,Mylan Pharmaceuticals Inc.,C73594,NLM,TRUE,,5,,,FALSE,TRUE,FALSE,TRUE,TRUE
00378-3495-01_PART_1_OF_1_CHAL10_SF_15238AEC.jpg,00378-3495-01,3495,TRUE,TRUE,FALSE,fcn_mix_weight/dr_224/00378-3495-01_PART_1_OF_1_CHAL10_SF_15238AEC.jpg,00378-3495-01_15238AEC,12518,TRUE,10/17/2017 05:30:15 PM,10/17/2017 05:30:15 PM,62069120-e894-42fd-8927-f1d74e449ca6-0378-3495-0,62069120-e894-42fd-8927-f1d74e449ca6,12,,C48348,ROUND,,1,,M;495,,C48328,PINK,,NIFEDIPINE 90 mg;,NIFEDIPINE[NIFEDIPINE];,CELLULOSE ACETATE;HYDROXYPROPYL CELLULOSE;HYPROMELLOSES;MAGNESIUM STEARATE;POLYETHYLENE GLYCOLS;FERRIC OXIDE RED;SODIUM CHLORIDE;TITANIUM DIOXIDE;,HRX,,,,,0378-3495,0,,3783495,378,3495,Nifedipine,completed,20030814,3935c038-57eb-4b7e-ab89-657ffeeb78d4.xml,,C42930,34391-3,,,LABELER,Mylan Pharmaceuticals Inc.,C73594,NLM,TRUE,,5,,,FALSE,TRUE,FALSE,TRUE,TRUE
00378-3632-01_PART_1_OF_1_CHAL10_SB_4B242591.jpg,00378-3632-01,3632,TRUE,FALSE,FALSE,fcn_mix_weight/dr_224/00378-3632-01_PART_1_OF_1_CHAL10_SB_4B242591.jpg,00378-3632-01_4B242591,31825,TRUE,10/17/2017 05:31:38 PM,2020-02-10 17:09:23,e5026c19-733f-41a4-a0c9-e48a9a742460-0378-3632-0,e5026c19-733f-41a4-a0c9-e48a9a742460,6,,C48348,ROUND,,1,,M;C32,,C48325,WHITE,,CARVEDILOL 6.25 mg;,CARVEDILOL[CARVEDILOL];,"SILICON DIOXIDE;CROSPOVIDONE (15 MPA.S AT 5%);HYPROMELLOSE, UNSPECIFIED;MAGNESIUM STEARATE;MICROCRYSTALLINE CELLULOSE;POLYDEXTROSE;POLYETHYLENE GLYCOL, UNSPECIFIED;STARCH, CORN;SODIUM LAURYL SULFATE;TITANIUM DIOXIDE;",HRX,SCD,carvedilol 6.25 MG Oral Tablet,200031,2020-02-10 15:55:16,0378-3632,0,,3783632,378,3632,Carvedilol,active,20190925,d19e26b5-179a-4edf-ba22-5c3d406d87ea.xml,,C42931,34391-3,,,LABELER,Mylan Pharmaceuticals Inc.,C73584,NLM,TRUE,,16,,,TRUE,FALSE,FALSE,TRUE,TRUE
00378-3632-01_PART_1_OF_1_CHAL10_SF_4B242591.jpg,00378-3632-01,3632,TRUE,TRUE,FALSE,fcn_mix_weight/dr_224/00378-3632-01_PART_1_OF_1_CHAL10_SF_4B242591.jpg,00378-3632-01_4B242591,31825,TRUE,10/17/2017 05:31:38 PM,2020-02-10 17:09:23,e5026c19-733f-41a4-a0c9-e48a9a742460-0378-3632-0,e5026c19-733f-41a4-a0c9-e48a9a742460,6,,C48348,ROUND,,1,,M;C32,,C48325,WHITE,,CARVEDILOL 6.25 mg;,CARVEDILOL[CARVEDILOL];,"SILICON DIOXIDE;CROSPOVIDONE (15 MPA.S AT 5%);HYPROMELLOSE, UNSPECIFIED;MAGNESIUM STEARATE;MICROCRYSTALLINE CELLULOSE;POLYDEXTROSE;POLYETHYLENE GLYCOL, UNSPECIFIED;STARCH, CORN;SODIUM LAURYL SULFATE;TITANIUM DIOXIDE;",HRX,SCD,carvedilol 6.25 MG Oral Tablet,200031,2020-02-10 15:55:16,0378-3632,0,,3783632,378,3632,Carvedilol,active,20190925,d19e26b5-179a-4edf-ba22-5c3d406d87ea.xml,,C42931,34391-3,,,LABELER,Mylan Pharmaceuticals Inc.,C73584,NLM,TRUE,,16,,,TRUE,FALSE,FALSE,TRUE,TRUE
00378-3855-77_PART_1_OF_1_CHAL10_SB_FB1C7D93.jpg,00378-3855-77,3855,TRUE,FALSE,FALSE,fcn_mix_weight/dr_224/00378-3855-77_PART_1_OF_1_CHAL10_SB_FB1C7D93.jpg,00378-3855-77_FB1C7D93,4991,TRUE,10/17/2017 05:29:42 PM,2020-02-10 17:05:38,9a6c8116-396d-413b-b8e7-5eb321781bd5-0378-3855-0,9a6c8116-396d-413b-b8e7-5eb321781bd5,6,,C48348,ROUND,,1,,M;EC5,,C48325,WHITE,,ESCITALOPRAM OXALATE 5 mg;,ESCITALOPRAM OXALATE[ESCITALOPRAM];,"TALC;CROSCARMELLOSE SODIUM;MICROCRYSTALLINE CELLULOSE;SILICON DIOXIDE;MAGNESIUM STEARATE;HYPROMELLOSE, UNSPECIFIED;TITANIUM DIOXIDE;POLYETHYLENE GLYCOL, UNSPECIFIED;",HRX,SCD,escitalopram 5 MG Oral Tablet,351249,2020-02-10 15:35:16,0378-3855,0,,3783855,378,3855,Escitalopram Oxalate,completed,20170216,6404ddfe-f72d-4237-aea2-542cd677467e.xml,,C42931,34391-3,,,LABELER,Mylan Pharmaceuticals Inc.,C73605,NLM,TRUE,,13,,,TRUE,FALSE,FALSE,TRUE,TRUE
00378-3855-77_PART_1_OF_1_CHAL10_SF_FB1C7D93.jpg,00378-3855-77,3855,TRUE,TRUE,FALSE,fcn_mix_weight/dr_224/00378-3855-77_PART_1_OF_1_CHAL10_SF_FB1C7D93.jpg,00378-3855-77_FB1C7D93,4991,TRUE,10/17/2017 05:29:42 PM,2020-02-10 17:05:38,9a6c8116-396d-413b-b8e7-5eb321781bd5-0378-3855-0,9a6c8116-396d-413b-b8e7-5eb321781bd5,6,,C48348,ROUND,,1,,M;EC5,,C48325,WHITE,,ESCITALOPRAM OXALATE 5 mg;,ESCITALOPRAM OXALATE[ESCITALOPRAM];,"TALC;CROSCARMELLOSE SODIUM;MICROCRYSTALLINE CELLULOSE;SILICON DIOXIDE;MAGNESIUM STEARATE;HYPROMELLOSE, UNSPECIFIED;TITANIUM DIOXIDE;POLYETHYLENE GLYCOL, UNSPECIFIED;",HRX,SCD,escitalopram 5 MG Oral Tablet,351249,2020-02-10 15:35:16,0378-3855,0,,3783855,378,3855,Escitalopram Oxalate,completed,20170216,6404ddfe-f72d-4237-aea2-542cd677467e.xml,,C42931,34391-3,,,LABELER,Mylan Pharmaceuticals Inc.,C73605,NLM,TRUE,,13,,,TRUE,FALSE,FALSE,TRUE,TRUE
00378-3856-77_PART_1_OF_1_CHAL10_SB_F71C7BE3.jpg,00378-3856-77,3856,TRUE,FALSE,FALSE,fcn_mix_weight/dr_224/00378-3856-77_PART_1_OF_1_CHAL10_SB_F71C7BE3.jpg,00378-3856-77_F71C7BE3,15646,TRUE,10/17/2017 05:30:28 PM,2020-02-10 17:09:44,9a6c8116-396d-413b-b8e7-5eb321781bd5-0378-3856-0,9a6c8116-396d-413b-b8e7-5eb321781bd5,7,,C48348,ROUND,,2,,M;EC;10,,C48325,WHITE,,ESCITALOPRAM OXALATE 10 mg;,ESCITALOPRAM OXALATE[ESCITALOPRAM];,"TALC;CROSCARMELLOSE SODIUM;MICROCRYSTALLINE CELLULOSE;SILICON DIOXIDE;MAGNESIUM STEARATE;HYPROMELLOSE, UNSPECIFIED;TITANIUM DIOXIDE;POLYETHYLENE GLYCOL, UNSPECIFIED;",HRX,SCD,escitalopram 10 MG Oral Tablet,349332,2020-02-10 15:57:18,0378-3856,0,,3783856,378,3856,Escitalopram Oxalate,completed,20170216,6404ddfe-f72d-4237-aea2-542cd677467e.xml,,C42931,34391-3,,,LABELER,Mylan Pharmaceuticals Inc.,C73605,NLM,TRUE,,13,,,TRUE,FALSE,FALSE,TRUE,TRUE
00378-3856-77_PART_1_OF_1_CHAL10_SF_F71C7BE3.jpg,00378-3856-77,3856,TRUE,TRUE,FALSE,fcn_mix_weight/dr_224/00378-3856-77_PART_1_OF_1_CHAL10_SF_F71C7BE3.jpg,00378-3856-77_F71C7BE3,15646,TRUE,10/17/2017 05:30:28 PM,2020-02-10 17:09:44,9a6c8116-396d-413b-b8e7-5eb321781bd5-0378-3856-0,9a6c8116-396d-413b-b8e7-5eb321781bd5,7,,C48348,ROUND,,2,,M;EC;10,,C48325,WHITE,,ESCITALOPRAM OXALATE 10 mg;,ESCITALOPRAM OXALATE[ESCITALOPRAM];,"TALC;CROSCARMELLOSE SODIUM;MICROCRYSTALLINE CELLULOSE;SILICON DIOXIDE;MAGNESIUM STEARATE;HYPROMELLOSE, UNSPECIFIED;TITANIUM DIOXIDE;POLYETHYLENE GLYCOL, UNSPECIFIED;",HRX,SCD,escitalopram 10 MG Oral Tablet,349332,2020-02-10 15:57:18,0378-3856,0,,3783856,378,3856,Escitalopram Oxalate,completed,20170216,6404ddfe-f72d-4237-aea2-542cd677467e.xml,,C42931,34391-3,,,LABELER,Mylan Pharmaceuticals Inc.,C73605,NLM,TRUE,,13,,,TRUE,FALSE,FALSE,TRUE,TRUE
00378-3857-77_PART_1_OF_1_CHAL10_SB_FD1C7EE3.jpg,00378-3857-77,3857,TRUE,FALSE,FALSE,fcn_mix_weight/dr_224/00378-3857-77_PART_1_OF_1_CHAL10_SB_FD1C7EE3.jpg,00378-3857-77_FD1C7EE3,18119,TRUE,10/17/2017 05:30:39 PM,2020-02-10 17:08:39,9a6c8116-396d-413b-b8e7-5eb321781bd5-0378-3857-0,9a6c8116-396d-413b-b8e7-5eb321781bd5,10,,C48348,ROUND,,2,,M;EC;20,,C48325,WHITE,,ESCITALOPRAM OXALATE 20 mg;,ESCITALOPRAM OXALATE[ESCITALOPRAM];,"TALC;CROSCARMELLOSE SODIUM;MICROCRYSTALLINE CELLULOSE;SILICON DIOXIDE;MAGNESIUM STEARATE;HYPROMELLOSE, UNSPECIFIED;TITANIUM DIOXIDE;POLYETHYLENE GLYCOL, UNSPECIFIED;",HRX,SCD,escitalopram 20 MG Oral Tablet,351250,2020-02-10 15:51:21,0378-3857,0,,3783857,378,3857,Escitalopram Oxalate,completed,20170216,6404ddfe-f72d-4237-aea2-542cd677467e.xml,,C42931,34391-3,,,LABELER,Mylan Pharmaceuticals Inc.,C73605,NLM,TRUE,,13,,,TRUE,FALSE,FALSE,TRUE,TRUE
00378-3857-77_PART_1_OF_1_CHAL10_SF_FD1C7EE3.jpg,00378-3857-77,3857,TRUE,TRUE,FALSE,fcn_mix_weight/dr_224/00378-3857-77_PART_1_OF_1_CHAL10_SF_FD1C7EE3.jpg,00378-3857-77_FD1C7EE3,18119,TRUE,10/17/2017 05:30:39 PM,2020-02-10 17:08:39,9a6c8116-396d-413b-b8e7-5eb321781bd5-0378-3857-0,9a6c8116-396d-413b-b8e7-5eb321781bd5,10,,C48348,ROUND,,2,,M;EC;20,,C48325,WHITE,,ESCITALOPRAM OXALATE 20 mg;,ESCITALOPRAM OXALATE[ESCITALOPRAM];,"TALC;CROSCARMELLOSE SODIUM;MICROCRYSTALLINE CELLULOSE;SILICON DIOXIDE;MAGNESIUM STEARATE;HYPROMELLOSE, UNSPECIFIED;TITANIUM DIOXIDE;POLYETHYLENE GLYCOL, UNSPECIFIED;",HRX,SCD,escitalopram 20 MG Oral Tablet,351250,2020-02-10 15:51:21,0378-3857,0,,3783857,378,3857,Escitalopram Oxalate,completed,20170216,6404ddfe-f72d-4237-aea2-542cd677467e.xml,,C42931,34391-3,,,LABELER,Mylan Pharmaceuticals Inc.,C73605,NLM,TRUE,,13,,,TRUE,FALSE,FALSE,TRUE,TRUE
00378-4151-01_PART_1_OF_1_CHAL10_SB_2A21954C.jpg,00378-4151-01,4151,TRUE,FALSE,FALSE,fcn_mix_weight/dr_224/00378-4151-01_PART_1_OF_1_CHAL10_SB_2A21954C.jpg,00378-4151-01_2A21954C,4202,TRUE,10/17/2017 05:29:39 PM,2020-02-10 17:06:33,3da3815b-fa99-4b20-8564-96d32d84df28-0378-4151-0,3da3815b-fa99-4b20-8564-96d32d84df28,8,,C48348,ROUND,,1,,M;T7,,C48325,WHITE,,TRAMADOL HYDROCHLORIDE 50 mg;,TRAMADOL HYDROCHLORIDE[TRAMADOL];,"SILICON DIOXIDE;CROSCARMELLOSE SODIUM;TRIACETIN;HYPROMELLOSE, UNSPECIFIED;MAGNESIUM STEARATE;MANNITOL;MICROCRYSTALLINE CELLULOSE;POLYDEXTROSE;POLYETHYLENE GLYCOL, UNSPECIFIED;SODIUM LAURYL SULFATE;TITANIUM DIOXIDE;",HRX,SCD,tramadol hydrochloride 50 MG Oral Tablet,835603,2020-02-10 15:40:01,0378-4151,0,,3784151,378,4151,Tramadol Hydrochloride,active,20191022,6ec651b0-a2bd-4351-a825-aaeafdfc90b9.xml,,C42931,34391-3,C48677,CIV,LABELER,Mylan Pharmaceuticals Inc.,C73584,NLM,TRUE,,10,,,TRUE,FALSE,FALSE,TRUE,TRUE
00378-4151-01_PART_1_OF_1_CHAL10_SF_2A21954C.jpg,00378-4151-01,4151,TRUE,TRUE,FALSE,fcn_mix_weight/dr_224/00378-4151-01_PART_1_OF_1_CHAL10_SF_2A21954C.jpg,00378-4151-01_2A21954C,4202,TRUE,10/17/2017 05:29:39 PM,2020-02-10 17:06:33,3da3815b-fa99-4b20-8564-96d32d84df28-0378-4151-0,3da3815b-fa99-4b20-8564-96d32d84df28,8,,C48348,ROUND,,1,,M;T7,,C48325,WHITE,,TRAMADOL HYDROCHLORIDE 50 mg;,TRAMADOL HYDROCHLORIDE[TRAMADOL];,"SILICON DIOXIDE;CROSCARMELLOSE SODIUM;TRIACETIN;HYPROMELLOSE, UNSPECIFIED;MAGNESIUM STEARATE;MANNITOL;MICROCRYSTALLINE CELLULOSE;POLYDEXTROSE;POLYETHYLENE GLYCOL, UNSPECIFIED;SODIUM LAURYL SULFATE;TITANIUM DIOXIDE;",HRX,SCD,tramadol hydrochloride 50 MG Oral Tablet,835603,2020-02-10 15:40:01,0378-4151,0,,3784151,378,4151,Tramadol Hydrochloride,active,20191022,6ec651b0-a2bd-4351-a825-aaeafdfc90b9.xml,,C42931,34391-3,C48677,CIV,LABELER,Mylan Pharmaceuticals Inc.,C73584,NLM,TRUE,,10,,,TRUE,FALSE,FALSE,TRUE,TRUE
00378-4186-93_PART_1_OF_1_CHAL10_SB_37219BDC.jpg,00378-4186-93,4186,TRUE,FALSE,FALSE,fcn_mix_weight/dr_224/00378-4186-93_PART_1_OF_1_CHAL10_SB_37219BDC.jpg,00378-4186-93_37219BDC,30916,TRUE,10/17/2017 05:31:33 PM,10/17/2017 05:31:33 PM,b1de3ed9-1cb8-e419-3f25-5b0aeed5779a-0378-4186-0,b1de3ed9-1cb8-e419-3f25-5b0aeed5779a,6,,C48348,ROUND,,2,,M;S1,,C48329,GREEN,,SERTRALINE 25 mg,SERTRALINE HYDROCHLORIDE[SERTRALINE],"ANHYDROUS LACTOSE / SILICON DIOXIDE / D&C YELLOW NO. 10 / CALCIUM PHOSPHATE, DIBASIC, DIHYDRATE / FD&C BLUE NO. 1 / FD&C RED NO. 40 / HYDROXYPROPYL CELLULOSE (TYPE H) / HYPROMELLOSES / MAGNESIUM STEARATE / CELLULOSE, MICROCRYSTALLINE / POLYDEXTROSE / POLYETHYLENE GLYCOLS / SODIUM LAURYL SULFATE / SODIUM STARCH GLYCOLATE TYPE A POTATO / TITANIUM DIOXIDE / TRIACETIN",HRX,,sertraline (as sertraline hydrochloride) 25 MG Oral Tablet,312940,,0378-4186,0,,3784186,378,4186,Sertraline Hydrochloride,active,20120326,52182363-7101-4b01-b6ef-b9104262f72a.xml,,C42931,34391-3,,,LABELER,Mylan Pharmaceuticals Inc.,C73584,NLM,TRUE,,7,,,FALSE,TRUE,FALSE,TRUE,TRUE
00378-4186-93_PART_1_OF_1_CHAL10_SF_37219BDC.jpg,00378-4186-93,4186,TRUE,TRUE,FALSE,fcn_mix_weight/dr_224/00378-4186-93_PART_1_OF_1_CHAL10_SF_37219BDC.jpg,00378-4186-93_37219BDC,30916,TRUE,10/17/2017 05:31:33 PM,10/17/2017 05:31:33 PM,b1de3ed9-1cb8-e419-3f25-5b0aeed5779a-0378-4186-0,b1de3ed9-1cb8-e419-3f25-5b0aeed5779a,6,,C48348,ROUND,,2,,M;S1,,C48329,GREEN,,SERTRALINE 25 mg,SERTRALINE HYDROCHLORIDE[SERTRALINE],"ANHYDROUS LACTOSE / SILICON DIOXIDE / D&C YELLOW NO. 10 / CALCIUM PHOSPHATE, DIBASIC, DIHYDRATE / FD&C BLUE NO. 1 / FD&C RED NO. 40 / HYDROXYPROPYL CELLULOSE (TYPE H) / HYPROMELLOSES / MAGNESIUM STEARATE / CELLULOSE, MICROCRYSTALLINE / POLYDEXTROSE / POLYETHYLENE GLYCOLS / SODIUM LAURYL SULFATE / SODIUM STARCH GLYCOLATE TYPE A POTATO / TITANIUM DIOXIDE / TRIACETIN",HRX,,sertraline (as sertraline hydrochloride) 25 MG Oral Tablet,312940,,0378-4186,0,,3784186,378,4186,Sertraline Hydrochloride,active,20120326,52182363-7101-4b01-b6ef-b9104262f72a.xml,,C42931,34391-3,,,LABELER,Mylan Pharmaceuticals Inc.,C73584,NLM,TRUE,,7,,,FALSE,TRUE,FALSE,TRUE,TRUE
00378-4884-01_PART_1_OF_1_CHAL10_SB_4521A2FD.jpg,00378-4884-01,4884,TRUE,FALSE,FALSE,fcn_mix_weight/dr_224/00378-4884-01_PART_1_OF_1_CHAL10_SB_4521A2FD.jpg,00378-4884-01_4521A2FD,18445,TRUE,10/17/2017 05:30:40 PM,2020-02-10 17:07:17,2c3f8268-ef43-d58c-7da6-dd44f8feb3be-0378-4884-0,2c3f8268-ef43-d58c-7da6-dd44f8feb3be,10,,C48348,ROUND,,2,,M;V4,,C48330,YELLOW,,VENLAFAXINE HYDROCHLORIDE 75 mg;,VENLAFAXINE HYDROCHLORIDE[VENLAFAXINE];,"D&C YELLOW NO. 10;LACTOSE MONOHYDRATE;MAGNESIUM STEARATE;MICROCRYSTALLINE CELLULOSE;POVIDONE, UNSPECIFIED;SODIUM LAURYL SULFATE;SODIUM STARCH GLYCOLATE TYPE A POTATO;",HRX,SCD,venlafaxine 75 MG Oral Tablet,313586,2020-02-10 15:43:33,0378-4884,0,,3784884,378,4884,Venlafaxine Hydrochloride,completed,20190115,9ee29002-e238-4ff2-8cb3-11f8c77ea4b8.xml,,C42998,34391-3,,,LABELER,Mylan Pharmaceuticals Inc.,C73584,NLM,TRUE,,12,,,TRUE,FALSE,FALSE,TRUE,TRUE
00378-4884-01_PART_1_OF_1_CHAL10_SF_4521A2FD.jpg,00378-4884-01,4884,TRUE,TRUE,FALSE,fcn_mix_weight/dr_224/00378-4884-01_PART_1_OF_1_CHAL10_SF_4521A2FD.jpg,00378-4884-01_4521A2FD,18445,TRUE,10/17/2017 05:30:40 PM,2020-02-10 17:07:17,2c3f8268-ef43-d58c-7da6-dd44f8feb3be-0378-4884-0,2c3f8268-ef43-d58c-7da6-dd44f8feb3be,10,,C48348,ROUND,,2,,M;V4,,C48330,YELLOW,,VENLAFAXINE HYDROCHLORIDE 75 mg;,VENLAFAXINE HYDROCHLORIDE[VENLAFAXINE];,"D&C YELLOW NO. 10;LACTOSE MONOHYDRATE;MAGNESIUM STEARATE;MICROCRYSTALLINE CELLULOSE;POVIDONE, UNSPECIFIED;SODIUM LAURYL SULFATE;SODIUM STARCH GLYCOLATE TYPE A POTATO;",HRX,SCD,venlafaxine 75 MG Oral Tablet,313586,2020-02-10 15:43:33,0378-4884,0,,3784884,378,4884,Venlafaxine Hydrochloride,completed,20190115,9ee29002-e238-4ff2-8cb3-11f8c77ea4b8.xml,,C42998,34391-3,,,LABELER,Mylan Pharmaceuticals Inc.,C73584,NLM,TRUE,,12,,,TRUE,FALSE,FALSE,TRUE,TRUE
00378-5123-01_PART_1_OF_1_CHAL10_SB_D223E93F.jpg,00378-5123-01,5123,TRUE,FALSE,FALSE,fcn_mix_weight/dr_224/00378-5123-01_PART_1_OF_1_CHAL10_SB_D223E93F.jpg,00378-5123-01_D223E93F,28023,TRUE,10/17/2017 05:31:21 PM,2020-02-10 17:12:17,6524fdc2-f931-463d-ba77-b6ab1688fe45-0378-5123-0,6524fdc2-f931-463d-ba77-b6ab1688fe45,8,,C48348,ROUND,,2,,M;S23,,C48331,ORANGE,,SOTALOL HYDROCHLORIDE 80 mg;,SOTALOL HYDROCHLORIDE[SOTALOL];,"ANHYDROUS LACTOSE;SILICON DIOXIDE;FD&C YELLOW NO. 6;MAGNESIUM STEARATE;MICROCRYSTALLINE CELLULOSE;STARCH, CORN;SODIUM LAURYL SULFATE;",HRX,SCD,Atrial Fibrillation sotalol hydrochloride 80 MG Oral Tablet,1922765,2020-02-10 16:11:29,0378-5123,0,,3785123,378,5123,Sotalol Hydrochloride,active,20180815,3f4eac4d-6f01-4e6a-8144-65448519efdb.xml,,C42998,34391-3,,,LABELER,Mylan Pharmaceuticals Inc.,C73584,NLM,TRUE,,7,,,TRUE,FALSE,FALSE,TRUE,TRUE
00378-5123-01_PART_1_OF_1_CHAL10_SF_D223E93F.jpg,00378-5123-01,5123,TRUE,TRUE,FALSE,fcn_mix_weight/dr_224/00378-5123-01_PART_1_OF_1_CHAL10_SF_D223E93F.jpg,00378-5123-01_D223E93F,28023,TRUE,10/17/2017 05:31:21 PM,2020-02-10 17:12:17,6524fdc2-f931-463d-ba77-b6ab1688fe45-0378-5123-0,6524fdc2-f931-463d-ba77-b6ab1688fe45,8,,C48348,ROUND,,2,,M;S23,,C48331,ORANGE,,SOTALOL HYDROCHLORIDE 80 mg;,SOTALOL HYDROCHLORIDE[SOTALOL];,"ANHYDROUS LACTOSE;SILICON DIOXIDE;FD&C YELLOW NO. 6;MAGNESIUM STEARATE;MICROCRYSTALLINE CELLULOSE;STARCH, CORN;SODIUM LAURYL SULFATE;",HRX,SCD,Atrial Fibrillation sotalol hydrochloride 80 MG Oral Tablet,1922765,2020-02-10 16:11:29,0378-5123,0,,3785123,378,5123,Sotalol Hydrochloride,active,20180815,3f4eac4d-6f01-4e6a-8144-65448519efdb.xml,,C42998,34391-3,,,LABELER,Mylan Pharmaceuticals Inc.,C73584,NLM,TRUE,,7,,,TRUE,FALSE,FALSE,TRUE,TRUE
00378-5124-01_PART_1_OF_1_CHAL10_SB_3C219E7C.jpg,00378-5124-01,5124,TRUE,FALSE,FALSE,fcn_mix_weight/dr_224/00378-5124-01_PART_1_OF_1_CHAL10_SB_3C219E7C.jpg,00378-5124-01_3C219E7C,27845,TRUE,10/17/2017 05:31:20 PM,2020-02-10 16:59:47,6524fdc2-f931-463d-ba77-b6ab1688fe45-0378-5124-0,6524fdc2-f931-463d-ba77-b6ab1688fe45,9,,C48348,ROUND,,2,,M;S24,,C48331,ORANGE,,SOTALOL HYDROCHLORIDE 120 mg;,SOTALOL HYDROCHLORIDE[SOTALOL];,"ANHYDROUS LACTOSE;SILICON DIOXIDE;FD&C YELLOW NO. 6;MAGNESIUM STEARATE;MICROCRYSTALLINE CELLULOSE;STARCH, CORN;SODIUM LAURYL SULFATE;",HRX,SCD,Atrial Fibrillation sotalol hydrochloride 120 MG Oral Tablet,1922720,2020-02-10 15:08:54,0378-5124,0,,3785124,378,5124,Sotalol Hydrochloride,active,20180815,3f4eac4d-6f01-4e6a-8144-65448519efdb.xml,,C42998,34391-3,,,LABELER,Mylan Pharmaceuticals Inc.,C73584,NLM,TRUE,,7,,,TRUE,FALSE,FALSE,TRUE,TRUE
00378-5124-01_PART_1_OF_1_CHAL10_SF_3C219E7C.jpg,00378-5124-01,5124,TRUE,TRUE,FALSE,fcn_mix_weight/dr_224/00378-5124-01_PART_1_OF_1_CHAL10_SF_3C219E7C.jpg,00378-5124-01_3C219E7C,27845,TRUE,10/17/2017 05:31:20 PM,2020-02-10 16:59:47,6524fdc2-f931-463d-ba77-b6ab1688fe45-0378-5124-0,6524fdc2-f931-463d-ba77-b6ab1688fe45,9,,C48348,ROUND,,2,,M;S24,,C48331,ORANGE,,SOTALOL HYDROCHLORIDE 120 mg;,SOTALOL HYDROCHLORIDE[SOTALOL];,"ANHYDROUS LACTOSE;SILICON DIOXIDE;FD&C YELLOW NO. 6;MAGNESIUM STEARATE;MICROCRYSTALLINE CELLULOSE;STARCH, CORN;SODIUM LAURYL SULFATE;",HRX,SCD,Atrial Fibrillation sotalol hydrochloride 120 MG Oral Tablet,1922720,2020-02-10 15:08:54,0378-5124,0,,3785124,378,5124,Sotalol Hydrochloride,active,20180815,3f4eac4d-6f01-4e6a-8144-65448519efdb.xml,,C42998,34391-3,,,LABELER,Mylan Pharmaceuticals Inc.,C73584,NLM,TRUE,,7,,,TRUE,FALSE,FALSE,TRUE,TRUE
00378-6231-01_PART_1_OF_1_CHAL10_SB_6B2135D9.jpg,00378-6231-01,6231,TRUE,FALSE,FALSE,fcn_mix_weight/dr_224/00378-6231-01_PART_1_OF_1_CHAL10_SB_6B2135D9.jpg,00378-6231-01_6B2135D9,46539,TRUE,10/17/2017 05:32:44 PM,2020-02-10 17:09:12,825c0c49-5fbf-6d8b-cb8c-94ebf0eda043-0378-6231-0,825c0c49-5fbf-6d8b-cb8c-94ebf0eda043,9,,C48348,ROUND,,1,,MX31,,C48331,ORANGE,,CITALOPRAM HYDROBROMIDE 10 mg;,CITALOPRAM HYDROBROMIDE[CITALOPRAM];,"SILICON DIOXIDE;STARCH, CORN;CROSCARMELLOSE SODIUM;FD&C YELLOW NO. 6;HYPROMELLOSE, UNSPECIFIED;LACTOSE MONOHYDRATE;MAGNESIUM STEARATE;MICROCRYSTALLINE CELLULOSE;POLYDEXTROSE;POLYETHYLENE GLYCOL, UNSPECIFIED;SODIUM LAURYL SULFATE;TITANIUM DIOXIDE;TRIACETIN;",HRX,SCD,citalopram 10 MG Oral Tablet,283672,2020-02-10 15:54:10,0378-6231,0,,3786231,378,6231,Citalopram,active,20190115,9416bde1-ed18-4772-8f42-3ca90ada14d3.xml,,C42931,34391-3,,,LABELER,Mylan Pharmaceuticals Inc.,C73584,NLM,TRUE,,15,,,TRUE,FALSE,FALSE,TRUE,TRUE
00378-6231-01_PART_1_OF_1_CHAL10_SF_6B2135D9.jpg,00378-6231-01,6231,TRUE,TRUE,FALSE,fcn_mix_weight/dr_224/00378-6231-01_PART_1_OF_1_CHAL10_SF_6B2135D9.jpg,00378-6231-01_6B2135D9,46539,TRUE,10/17/2017 05:32:44 PM,2020-02-10 17:09:12,825c0c49-5fbf-6d8b-cb8c-94ebf0eda043-0378-6231-0,825c0c49-5fbf-6d8b-cb8c-94ebf0eda043,9,,C48348,ROUND,,1,,MX31,,C48331,ORANGE,,CITALOPRAM HYDROBROMIDE 10 mg;,CITALOPRAM HYDROBROMIDE[CITALOPRAM];,"SILICON DIOXIDE;STARCH, CORN;CROSCARMELLOSE SODIUM;FD&C YELLOW NO. 6;HYPROMELLOSE, UNSPECIFIED;LACTOSE MONOHYDRATE;MAGNESIUM STEARATE;MICROCRYSTALLINE CELLULOSE;POLYDEXTROSE;POLYETHYLENE GLYCOL, UNSPECIFIED;SODIUM LAURYL SULFATE;TITANIUM DIOXIDE;TRIACETIN;",HRX,SCD,citalopram 10 MG Oral Tablet,283672,2020-02-10 15:54:10,0378-6231,0,,3786231,378,6231,Citalopram,active,20190115,9416bde1-ed18-4772-8f42-3ca90ada14d3.xml,,C42931,34391-3,,,LABELER,Mylan Pharmaceuticals Inc.,C73584,NLM,TRUE,,15,,,TRUE,FALSE,FALSE,TRUE,TRUE
00378-6232-01_PART_1_OF_1_CHAL10_SB_70213849.jpg,00378-6232-01,6232,TRUE,FALSE,FALSE,fcn_mix_weight/dr_224/00378-6232-01_PART_1_OF_1_CHAL10_SB_70213849.jpg,00378-6232-01_70213849,22701,TRUE,10/17/2017 05:30:58 PM,2020-02-10 17:14:50,825c0c49-5fbf-6d8b-cb8c-94ebf0eda043-0378-6232-0,825c0c49-5fbf-6d8b-cb8c-94ebf0eda043,9,,C48348,ROUND,,2,,MX32,,C48328,PINK,,CITALOPRAM HYDROBROMIDE 20 mg;,CITALOPRAM HYDROBROMIDE[CITALOPRAM];,"SILICON DIOXIDE;STARCH, CORN;CROSCARMELLOSE SODIUM;FD&C RED NO. 40;FD&C YELLOW NO. 6;HYPROMELLOSE, UNSPECIFIED;LACTOSE MONOHYDRATE;MAGNESIUM STEARATE;MICROCRYSTALLINE CELLULOSE;POLYDEXTROSE;POLYETHYLENE GLYCOL, UNSPECIFIED;SODIUM LAURYL SULFATE;TITANIUM DIOXIDE;TRIACETIN;",HRX,SCD,citalopram 20 MG Oral Tablet,200371,2020-02-10 16:25:38,0378-6232,0,,3786232,378,6232,Citalopram,active,20190115,9416bde1-ed18-4772-8f42-3ca90ada14d3.xml,,C42931,34391-3,,,LABELER,Mylan Pharmaceuticals Inc.,C73584,NLM,TRUE,,15,,,TRUE,FALSE,FALSE,TRUE,TRUE
00378-6232-01_PART_1_OF_1_CHAL10_SF_70213849.jpg,00378-6232-01,6232,TRUE,TRUE,FALSE,fcn_mix_weight/dr_224/00378-6232-01_PART_1_OF_1_CHAL10_SF_70213849.jpg,00378-6232-01_70213849,22701,TRUE,10/17/2017 05:30:58 PM,2020-02-10 17:14:50,825c0c49-5fbf-6d8b-cb8c-94ebf0eda043-0378-6232-0,825c0c49-5fbf-6d8b-cb8c-94ebf0eda043,9,,C48348,ROUND,,2,,MX32,,C48328,PINK,,CITALOPRAM HYDROBROMIDE 20 mg;,CITALOPRAM HYDROBROMIDE[CITALOPRAM];,"SILICON DIOXIDE;STARCH, CORN;CROSCARMELLOSE SODIUM;FD&C RED NO. 40;FD&C YELLOW NO. 6;HYPROMELLOSE, UNSPECIFIED;LACTOSE MONOHYDRATE;MAGNESIUM STEARATE;MICROCRYSTALLINE CELLULOSE;POLYDEXTROSE;POLYETHYLENE GLYCOL, UNSPECIFIED;SODIUM LAURYL SULFATE;TITANIUM DIOXIDE;TRIACETIN;",HRX,SCD,citalopram 20 MG Oral Tablet,200371,2020-02-10 16:25:38,0378-6232,0,,3786232,378,6232,Citalopram,active,20190115,9416bde1-ed18-4772-8f42-3ca90ada14d3.xml,,C42931,34391-3,,,LABELER,Mylan Pharmaceuticals Inc.,C73584,NLM,TRUE,,15,,,TRUE,FALSE,FALSE,TRUE,TRUE
00378-6233-01_PART_1_OF_1_CHAL10_SB_47242381.jpg,00378-6233-01,6233,TRUE,FALSE,FALSE,fcn_mix_weight/dr_224/00378-6233-01_PART_1_OF_1_CHAL10_SB_47242381.jpg,00378-6233-01_47242381,1931,TRUE,10/17/2017 05:29:28 PM,2020-02-10 17:08:00,825c0c49-5fbf-6d8b-cb8c-94ebf0eda043-0378-6233-0,825c0c49-5fbf-6d8b-cb8c-94ebf0eda043,9,,C48348,ROUND,,2,,MX33,,C48325,WHITE,,CITALOPRAM HYDROBROMIDE 40 mg;,CITALOPRAM HYDROBROMIDE[CITALOPRAM];,"SILICON DIOXIDE;STARCH, CORN;CROSCARMELLOSE SODIUM;HYPROMELLOSE, UNSPECIFIED;LACTOSE MONOHYDRATE;MAGNESIUM STEARATE;MICROCRYSTALLINE CELLULOSE;POLYDEXTROSE;POLYETHYLENE GLYCOL, UNSPECIFIED;SODIUM LAURYL SULFATE;TITANIUM DIOXIDE;TRIACETIN;",HRX,SCD,citalopram 40 MG Oral Tablet,309314,2020-02-10 15:47:44,0378-6233,0,,3786233,378,6233,Citalopram,active,20190115,9416bde1-ed18-4772-8f42-3ca90ada14d3.xml,,C42931,34391-3,,,LABELER,Mylan Pharmaceuticals Inc.,C73584,NLM,TRUE,,15,,,TRUE,FALSE,FALSE,TRUE,TRUE
00378-6233-01_PART_1_OF_1_CHAL10_SF_47242381.jpg,00378-6233-01,6233,TRUE,TRUE,FALSE,fcn_mix_weight/dr_224/00378-6233-01_PART_1_OF_1_CHAL10_SF_47242381.jpg,00378-6233-01_47242381,1931,TRUE,10/17/2017 05:29:28 PM,2020-02-10 17:08:00,825c0c49-5fbf-6d8b-cb8c-94ebf0eda043-0378-6233-0,825c0c49-5fbf-6d8b-cb8c-94ebf0eda043,9,,C48348,ROUND,,2,,MX33,,C48325,WHITE,,CITALOPRAM HYDROBROMIDE 40 mg;,CITALOPRAM HYDROBROMIDE[CITALOPRAM];,"SILICON DIOXIDE;STARCH, CORN;CROSCARMELLOSE SODIUM;HYPROMELLOSE, UNSPECIFIED;LACTOSE MONOHYDRATE;MAGNESIUM STEARATE;MICROCRYSTALLINE CELLULOSE;POLYDEXTROSE;POLYETHYLENE GLYCOL, UNSPECIFIED;SODIUM LAURYL SULFATE;TITANIUM DIOXIDE;TRIACETIN;",HRX,SCD,citalopram 40 MG Oral Tablet,309314,2020-02-10 15:47:44,0378-6233,0,,3786233,378,6233,Citalopram,active,20190115,9416bde1-ed18-4772-8f42-3ca90ada14d3.xml,,C42931,34391-3,,,LABELER,Mylan Pharmaceuticals Inc.,C73584,NLM,TRUE,,15,,,TRUE,FALSE,FALSE,TRUE,TRUE
00378-6440-01_PART_1_OF_1_CHAL10_SB_E21DF16F.jpg,00378-6440-01,6440,TRUE,FALSE,FALSE,fcn_mix_weight/dr_224/00378-6440-01_PART_1_OF_1_CHAL10_SB_E21DF16F.jpg,00378-6440-01_E21DF16F,25905,TRUE,10/17/2017 05:31:12 PM,2020-02-10 17:08:39,c86084bc-33aa-eece-5a96-6c0dad2d1a32-0378-6440-0,c86084bc-33aa-eece-5a96-6c0dad2d1a32,22,,C48336,CAPSULE,,1,,MYLAN;6440,,C48333,BLUE,GREEN,VERAPAMIL HYDROCHLORIDE 240 mg;,VERAPAMIL HYDROCHLORIDE[VERAPAMIL];,"AMMONIA;DIBUTYL SEBACATE;DIETHYL PHTHALATE;ETHYLCELLULOSE, UNSPECIFIED;HYPROMELLOSE, UNSPECIFIED;MALTODEXTRIN;METHACRYLIC ACID - ETHYL ACRYLATE COPOLYMER (1:1) TYPE A;METHACRYLIC ACID - METHYL METHACRYLATE COPOLYMER (1:2);OLEIC ACID;POLYETHYLENE GLYCOL, UNSPECIFIED;POVIDONE, UNSPECIFIED;SILICON DIOXIDE;STARCH, CORN;SUCRALOSE;TALC;FD&C GREEN NO. 3;GELATIN, UNSPECIFIED;SODIUM LAURYL SULFATE;TITANIUM DIOXIDE;FERROSOFERRIC OXIDE;D&C YELLOW NO. 10;FD&C BLUE NO. 1;FD&C BLUE NO. 2;FD&C RED NO. 40;PROPYLENE GLYCOL;SHELLAC;",HRX,SCD,24 HR verapamil hydrochloride 240 MG Extended Release Oral Capsule,897624,2020-02-10 15:51:21,0378-6440,0,,3786440,378,6440,Verapamil Hydrochloride,active,20191014,1f4b68b0-e05c-48fc-b5b0-cb57051a137f.xml,,C42916,34391-3,,,LABELER,Mylan Pharmaceuticals Inc.,C73584,NLM,TRUE,,14,,,TRUE,FALSE,FALSE,TRUE,TRUE
00378-6440-01_PART_1_OF_1_CHAL10_SF_E21DF16F.jpg,00378-6440-01,6440,TRUE,TRUE,FALSE,fcn_mix_weight/dr_224/00378-6440-01_PART_1_OF_1_CHAL10_SF_E21DF16F.jpg,00378-6440-01_E21DF16F,25905,TRUE,10/17/2017 05:31:12 PM,2020-02-10 17:08:39,c86084bc-33aa-eece-5a96-6c0dad2d1a32-0378-6440-0,c86084bc-33aa-eece-5a96-6c0dad2d1a32,22,,C48336,CAPSULE,,1,,MYLAN;6440,,C48333,BLUE,GREEN,VERAPAMIL HYDROCHLORIDE 240 mg;,VERAPAMIL HYDROCHLORIDE[VERAPAMIL];,"AMMONIA;DIBUTYL SEBACATE;DIETHYL PHTHALATE;ETHYLCELLULOSE, UNSPECIFIED;HYPROMELLOSE, UNSPECIFIED;MALTODEXTRIN;METHACRYLIC ACID - ETHYL ACRYLATE COPOLYMER (1:1) TYPE A;METHACRYLIC ACID - METHYL METHACRYLATE COPOLYMER (1:2);OLEIC ACID;POLYETHYLENE GLYCOL, UNSPECIFIED;POVIDONE, UNSPECIFIED;SILICON DIOXIDE;STARCH, CORN;SUCRALOSE;TALC;FD&C GREEN NO. 3;GELATIN, UNSPECIFIED;SODIUM LAURYL SULFATE;TITANIUM DIOXIDE;FERROSOFERRIC OXIDE;D&C YELLOW NO. 10;FD&C BLUE NO. 1;FD&C BLUE NO. 2;FD&C RED NO. 40;PROPYLENE GLYCOL;SHELLAC;",HRX,SCD,24 HR verapamil hydrochloride 240 MG Extended Release Oral Capsule,897624,2020-02-10 15:51:21,0378-6440,0,,3786440,378,6440,Verapamil Hydrochloride,active,20191014,1f4b68b0-e05c-48fc-b5b0-cb57051a137f.xml,,C42916,34391-3,,,LABELER,Mylan Pharmaceuticals Inc.,C73584,NLM,TRUE,,14,,,TRUE,FALSE,FALSE,TRUE,TRUE
00378-7002-93_PART_1_OF_1_CHAL10_SB_42242111.jpg,00378-7002-93,7002,TRUE,FALSE,FALSE,fcn_mix_weight/dr_224/00378-7002-93_PART_1_OF_1_CHAL10_SB_42242111.jpg,00378-7002-93_42242111,2531,TRUE,10/17/2017 05:29:31 PM,2020-02-10 17:05:15,89dd7e24-85fc-4152-89ea-47ec2b48a1ed-0378-7002-0,89dd7e24-85fc-4152-89ea-47ec2b48a1ed,11,,C48345,OVAL,,2,,M;N;2,,C48333,BLUE,,PAROXETINE HYDROCHLORIDE HEMIHYDRATE 20 mg;,PAROXETINE HYDROCHLORIDE HEMIHYDRATE[PAROXETINE];,"DIBASIC CALCIUM PHOSPHATE DIHYDRATE;FD&C BLUE NO. 1;HYDROXYPROPYL CELLULOSE, UNSPECIFIED;HYPROMELLOSE, UNSPECIFIED;MAGNESIUM STEARATE;MICROCRYSTALLINE CELLULOSE;POLYDEXTROSE;POLYETHYLENE GLYCOL, UNSPECIFIED;SODIUM LAURYL SULFATE;SODIUM STARCH GLYCOLATE TYPE A POTATO;TITANIUM DIOXIDE;TRIACETIN;",HRX,SCD,paroxetine hydrochloride 20 MG Oral Tablet,1738495,2020-02-10 15:33:39,0378-7002,0,,3787002,378,7002,Paroxetine,active,20170824,931f2436-a774-424f-8bb1-d1bda3f6eff6.xml,,C42931,34391-3,,,LABELER,Mylan Pharmaceuticals Inc.,C73584,NLM,TRUE,,13,,,TRUE,FALSE,FALSE,TRUE,TRUE
00378-7002-93_PART_1_OF_1_CHAL10_SF_42242111.jpg,00378-7002-93,7002,TRUE,TRUE,FALSE,fcn_mix_weight/dr_224/00378-7002-93_PART_1_OF_1_CHAL10_SF_42242111.jpg,00378-7002-93_42242111,2531,TRUE,10/17/2017 05:29:31 PM,2020-02-10 17:05:15,89dd7e24-85fc-4152-89ea-47ec2b48a1ed-0378-7002-0,89dd7e24-85fc-4152-89ea-47ec2b48a1ed,11,,C48345,OVAL,,2,,M;N;2,,C48333,BLUE,,PAROXETINE HYDROCHLORIDE HEMIHYDRATE 20 mg;,PAROXETINE HYDROCHLORIDE HEMIHYDRATE[PAROXETINE];,"DIBASIC CALCIUM PHOSPHATE DIHYDRATE;FD&C BLUE NO. 1;HYDROXYPROPYL CELLULOSE, UNSPECIFIED;HYPROMELLOSE, UNSPECIFIED;MAGNESIUM STEARATE;MICROCRYSTALLINE CELLULOSE;POLYDEXTROSE;POLYETHYLENE GLYCOL, UNSPECIFIED;SODIUM LAURYL SULFATE;SODIUM STARCH GLYCOLATE TYPE A POTATO;TITANIUM DIOXIDE;TRIACETIN;",HRX,SCD,paroxetine hydrochloride 20 MG Oral Tablet,1738495,2020-02-10 15:33:39,0378-7002,0,,3787002,378,7002,Paroxetine,active,20170824,931f2436-a774-424f-8bb1-d1bda3f6eff6.xml,,C42931,34391-3,,,LABELER,Mylan Pharmaceuticals Inc.,C73584,NLM,TRUE,,13,,,TRUE,FALSE,FALSE,TRUE,TRUE
00378-7003-93_PART_1_OF_1_CHAL10_SB_74243A01.jpg,00378-7003-93,7003,TRUE,FALSE,FALSE,fcn_mix_weight/dr_224/00378-7003-93_PART_1_OF_1_CHAL10_SB_74243A01.jpg,00378-7003-93_74243A01,13599,TRUE,10/17/2017 05:30:19 PM,2020-02-10 17:09:11,89dd7e24-85fc-4152-89ea-47ec2b48a1ed-0378-7003-0,89dd7e24-85fc-4152-89ea-47ec2b48a1ed,9,,C48348,ROUND,,1,,M;N3,,C48333,BLUE,,PAROXETINE HYDROCHLORIDE HEMIHYDRATE 30 mg;,PAROXETINE HYDROCHLORIDE HEMIHYDRATE[PAROXETINE];,"DIBASIC CALCIUM PHOSPHATE DIHYDRATE;FD&C BLUE NO. 1;HYDROXYPROPYL CELLULOSE, UNSPECIFIED;HYPROMELLOSE, UNSPECIFIED;MAGNESIUM STEARATE;MICROCRYSTALLINE CELLULOSE;POLYDEXTROSE;POLYETHYLENE GLYCOL, UNSPECIFIED;SODIUM LAURYL SULFATE;SODIUM STARCH GLYCOLATE TYPE A POTATO;TITANIUM DIOXIDE;TRIACETIN;",HRX,SCD,paroxetine hydrochloride 30 MG Oral Tablet,1738503,2020-02-10 15:54:08,0378-7003,0,,3787003,378,7003,Paroxetine,active,20170824,931f2436-a774-424f-8bb1-d1bda3f6eff6.xml,,C42931,34391-3,,,LABELER,Mylan Pharmaceuticals Inc.,C73584,NLM,TRUE,,13,,,TRUE,FALSE,FALSE,TRUE,TRUE
00378-7003-93_PART_1_OF_1_CHAL10_SF_74243A01.jpg,00378-7003-93,7003,TRUE,TRUE,FALSE,fcn_mix_weight/dr_224/00378-7003-93_PART_1_OF_1_CHAL10_SF_74243A01.jpg,00378-7003-93_74243A01,13599,TRUE,10/17/2017 05:30:19 PM,2020-02-10 17:09:11,89dd7e24-85fc-4152-89ea-47ec2b48a1ed-0378-7003-0,89dd7e24-85fc-4152-89ea-47ec2b48a1ed,9,,C48348,ROUND,,1,,M;N3,,C48333,BLUE,,PAROXETINE HYDROCHLORIDE HEMIHYDRATE 30 mg;,PAROXETINE HYDROCHLORIDE HEMIHYDRATE[PAROXETINE];,"DIBASIC CALCIUM PHOSPHATE DIHYDRATE;FD&C BLUE NO. 1;HYDROXYPROPYL CELLULOSE, UNSPECIFIED;HYPROMELLOSE, UNSPECIFIED;MAGNESIUM STEARATE;MICROCRYSTALLINE CELLULOSE;POLYDEXTROSE;POLYETHYLENE GLYCOL, UNSPECIFIED;SODIUM LAURYL SULFATE;SODIUM STARCH GLYCOLATE TYPE A POTATO;TITANIUM DIOXIDE;TRIACETIN;",HRX,SCD,paroxetine hydrochloride 30 MG Oral Tablet,1738503,2020-02-10 15:54:08,0378-7003,0,,3787003,378,7003,Paroxetine,active,20170824,931f2436-a774-424f-8bb1-d1bda3f6eff6.xml,,C42931,34391-3,,,LABELER,Mylan Pharmaceuticals Inc.,C73584,NLM,TRUE,,13,,,TRUE,FALSE,FALSE,TRUE,TRUE
00456-0457-01_PART_1_OF_1_CHAL10_SB_D51D6AFB.jpg,00456-0457-01,457,TRUE,FALSE,FALSE,fcn_mix_weight/dr_224/00456-0457-01_PART_1_OF_1_CHAL10_SB_D51D6AFB.jpg,00456-0457-01_D51D6AFB,3939,TRUE,10/17/2017 05:29:37 PM,2020-02-10 17:15:53,56b41079-60db-4256-9695-202b3a65d13d-0456-0457-0,56b41079-60db-4256-9695-202b3a65d13d,5,,C48348,ROUND,,1,,A;TC,,C48332,BROWN,,"THYROID, PORCINE 15 mg;","THYROID, PORCINE[THYROID, PORCINE];","CALCIUM STEARATE;DEXTROSE;CELLULOSE, MICROCRYSTALLINE;SODIUM STARCH GLYCOLATE TYPE A POTATO;",HRX,SBD,thyroid (USP) 15 MG Oral Tablet [Armour Thyroid],208534,2020-02-10 16:30:53,0456-0457,0,,4560457,456,457,Armour Thyroid,active,20180604,c490f887-5e47-429b-bf6a-2b6e6a627839.xml,,C42998,34391-3,,,LABELER,"Allergan, Inc.",C73627,NLM,TRUE,,8,,,TRUE,FALSE,FALSE,TRUE,TRUE
00456-0457-01_PART_1_OF_1_CHAL10_SF_D51D6AFB.jpg,00456-0457-01,457,TRUE,TRUE,FALSE,fcn_mix_weight/dr_224/00456-0457-01_PART_1_OF_1_CHAL10_SF_D51D6AFB.jpg,00456-0457-01_D51D6AFB,3939,TRUE,10/17/2017 05:29:37 PM,2020-02-10 17:15:53,56b41079-60db-4256-9695-202b3a65d13d-0456-0457-0,56b41079-60db-4256-9695-202b3a65d13d,5,,C48348,ROUND,,1,,A;TC,,C48332,BROWN,,"THYROID, PORCINE 15 mg;","THYROID, PORCINE[THYROID, PORCINE];","CALCIUM STEARATE;DEXTROSE;CELLULOSE, MICROCRYSTALLINE;SODIUM STARCH GLYCOLATE TYPE A POTATO;",HRX,SBD,thyroid (USP) 15 MG Oral Tablet [Armour Thyroid],208534,2020-02-10 16:30:53,0456-0457,0,,4560457,456,457,Armour Thyroid,active,20180604,c490f887-5e47-429b-bf6a-2b6e6a627839.xml,,C42998,34391-3,,,LABELER,"Allergan, Inc.",C73627,NLM,TRUE,,8,,,TRUE,FALSE,FALSE,TRUE,TRUE
00456-1420-30_PART_1_OF_1_CHAL10_SB_44132249.jpg,00456-1420-30,1420,TRUE,FALSE,FALSE,fcn_mix_weight/dr_224/00456-1420-30_PART_1_OF_1_CHAL10_SB_44132249.jpg,00456-1420-30_44132249,13972,TRUE,10/17/2017 05:30:21 PM,2020-02-10 17:12:31,8b8ad213-1dc8-454e-a524-075685c0e1a8-0456-1420-0,8b8ad213-1dc8-454e-a524-075685c0e1a8,10,,C48353,TRIANGLE,,1,,20;FL,,C48333,BLUE,,nebivolol hydrochloride 20 mg;,nebivolol hydrochloride[nebivolol];,"silicon dioxide;croscarmellose sodium;D&C RED NO. 27;FD&C BLUE NO. 2;FD&C YELLOW NO. 6;hypromelloses;lactose monohydrate;magnesium stearate;cellulose, microcrystalline;starch, corn;polysorbate 80;sodium lauryl sulfate;",HRX,,,,2020-02-10 16:12:51,0456-1420,0,,4561420,456,1420,Bystolic,active,20190611,d39ebddf-024d-4b86-a95e-7a2e2b990ebf.xml,,C42998,34391-3,,,LABELER,"Allergan, Inc.",C73594,NLM,TRUE,,22,,,TRUE,FALSE,FALSE,TRUE,TRUE
00456-1420-30_PART_1_OF_1_CHAL10_SF_44132249.jpg,00456-1420-30,1420,TRUE,TRUE,FALSE,fcn_mix_weight/dr_224/00456-1420-30_PART_1_OF_1_CHAL10_SF_44132249.jpg,00456-1420-30_44132249,13972,TRUE,10/17/2017 05:30:21 PM,2020-02-10 17:12:31,8b8ad213-1dc8-454e-a524-075685c0e1a8-0456-1420-0,8b8ad213-1dc8-454e-a524-075685c0e1a8,10,,C48353,TRIANGLE,,1,,20;FL,,C48333,BLUE,,nebivolol hydrochloride 20 mg;,nebivolol hydrochloride[nebivolol];,"silicon dioxide;croscarmellose sodium;D&C RED NO. 27;FD&C BLUE NO. 2;FD&C YELLOW NO. 6;hypromelloses;lactose monohydrate;magnesium stearate;cellulose, microcrystalline;starch, corn;polysorbate 80;sodium lauryl sulfate;",HRX,,,,2020-02-10 16:12:51,0456-1420,0,,4561420,456,1420,Bystolic,active,20190611,d39ebddf-024d-4b86-a95e-7a2e2b990ebf.xml,,C42998,34391-3,,,LABELER,"Allergan, Inc.",C73594,NLM,TRUE,,22,,,TRUE,FALSE,FALSE,TRUE,TRUE
00456-1550-60_PART_1_OF_1_CHAL10_SB_0D1C8694.jpg,00456-1550-60,1550,TRUE,FALSE,FALSE,fcn_mix_weight/dr_224/00456-1550-60_PART_1_OF_1_CHAL10_SB_0D1C8694.jpg,00456-1550-60_0D1C8694,24632,TRUE,10/17/2017 05:31:06 PM,2020-02-10 17:06:57,16a4a314-f97e-4e91-95e9-576a3773d284-0456-1550-0,16a4a314-f97e-4e91-95e9-576a3773d284,11,,C48345,OVAL,,1,,FL;50,,C48325,WHITE,,milnacipran hydrochloride 50 mg;,milnacipran hydrochloride[milnacipran];,"CALCIUM PHOSPHATE, DIBASIC, DIHYDRATE;povidone;carboxymethylcellulose calcium;silicon dioxide;magnesium stearate;talc;POLYETHYLENE GLYCOL, UNSPECIFIED;titanium dioxide;POLYVINYL ALCOHOL, UNSPECIFIED;",HRX,SBD,milnacipran hydrochloride 50 MG Oral Tablet [Savella],833146,2020-02-10 15:41:58,0456-1550,0,,4561550,456,1550,Savella,active,20171201,30955b87-240d-423c-aaae-5eeacf40fa91.xml,,C42931,34391-3,,,LABELER,"Allergan, Inc.",C73594,NLM,TRUE,,23,,,TRUE,FALSE,FALSE,TRUE,TRUE
00456-1550-60_PART_1_OF_1_CHAL10_SF_0D1C8694.jpg,00456-1550-60,1550,TRUE,TRUE,FALSE,fcn_mix_weight/dr_224/00456-1550-60_PART_1_OF_1_CHAL10_SF_0D1C8694.jpg,00456-1550-60_0D1C8694,24632,TRUE,10/17/2017 05:31:06 PM,2020-02-10 17:06:57,16a4a314-f97e-4e91-95e9-576a3773d284-0456-1550-0,16a4a314-f97e-4e91-95e9-576a3773d284,11,,C48345,OVAL,,1,,FL;50,,C48325,WHITE,,milnacipran hydrochloride 50 mg;,milnacipran hydrochloride[milnacipran];,"CALCIUM PHOSPHATE, DIBASIC, DIHYDRATE;povidone;carboxymethylcellulose calcium;silicon dioxide;magnesium stearate;talc;POLYETHYLENE GLYCOL, UNSPECIFIED;titanium dioxide;POLYVINYL ALCOHOL, UNSPECIFIED;",HRX,SBD,milnacipran hydrochloride 50 MG Oral Tablet [Savella],833146,2020-02-10 15:41:58,0456-1550,0,,4561550,456,1550,Savella,active,20171201,30955b87-240d-423c-aaae-5eeacf40fa91.xml,,C42931,34391-3,,,LABELER,"Allergan, Inc.",C73594,NLM,TRUE,,23,,,TRUE,FALSE,FALSE,TRUE,TRUE
00456-3210-60_PART_1_OF_1_CHAL10_SB_B21FD94E.jpg,00456-3210-60,3210,TRUE,FALSE,FALSE,fcn_mix_weight/dr_224/00456-3210-60_PART_1_OF_1_CHAL10_SB_B21FD94E.jpg,00456-3210-60_B21FD94E,7746,TRUE,10/17/2017 05:29:54 PM,2020-02-10 17:07:10,b9f27baf-aa2a-443a-9ef5-e002d23407ba-0456-3210-0,b9f27baf-aa2a-443a-9ef5-e002d23407ba,12,,C48345,OVAL,,1,,10;FL,,C48324,GRAY,,MEMANTINE HYDROCHLORIDE 10 mg;,MEMANTINE HYDROCHLORIDE[memantine];,hypromelloses;titanium dioxide;polyethylene glycol 400;ferrosoferric oxide;,HRX,SBD,memantine hydrochloride 10 MG Oral Tablet [Namenda],996563,2020-02-10 15:43:01,0456-3210,0,,4563210,456,3210,Namenda,active,20181103,152f5039-fe98-4e9c-be9f-c2bbbf03e117.xml,,C42998,34391-3,,,LABELER,"Allergan, Inc.",C73594,NLM,TRUE,,13,,,TRUE,FALSE,FALSE,TRUE,TRUE
00456-3210-60_PART_1_OF_1_CHAL10_SF_B21FD94E.jpg,00456-3210-60,3210,TRUE,TRUE,FALSE,fcn_mix_weight/dr_224/00456-3210-60_PART_1_OF_1_CHAL10_SF_B21FD94E.jpg,00456-3210-60_B21FD94E,7746,TRUE,10/17/2017 05:29:54 PM,2020-02-10 17:07:10,b9f27baf-aa2a-443a-9ef5-e002d23407ba-0456-3210-0,b9f27baf-aa2a-443a-9ef5-e002d23407ba,12,,C48345,OVAL,,1,,10;FL,,C48324,GRAY,,MEMANTINE HYDROCHLORIDE 10 mg;,MEMANTINE HYDROCHLORIDE[memantine];,hypromelloses;titanium dioxide;polyethylene glycol 400;ferrosoferric oxide;,HRX,SBD,memantine hydrochloride 10 MG Oral Tablet [Namenda],996563,2020-02-10 15:43:01,0456-3210,0,,4563210,456,3210,Namenda,active,20181103,152f5039-fe98-4e9c-be9f-c2bbbf03e117.xml,,C42998,34391-3,,,LABELER,"Allergan, Inc.",C73594,NLM,TRUE,,13,,,TRUE,FALSE,FALSE,TRUE,TRUE
00527-1311-01_PART_1_OF_1_CHAL10_SB_2D2696B4.jpg,00527-1311-01,1311,TRUE,FALSE,FALSE,fcn_mix_weight/dr_224/00527-1311-01_PART_1_OF_1_CHAL10_SB_2D2696B4.jpg,00527-1311-01_2D2696B4,28056,TRUE,10/17/2017 05:31:21 PM,2020-02-10 17:11:10,fbf54709-5857-4dbc-9233-ebd7abff88c8-0527-1311-0,fbf54709-5857-4dbc-9233-ebd7abff88c8,8,,C48348,ROUND,,2,,LCI;1311,,C48325,WHITE,,TERBUTALINE SULFATE 5 mg;,TERBUTALINE SULFATE[TERBUTALINE];,"CELLULOSE, MICROCRYSTALLINE;ANHYDROUS LACTOSE;MAGNESIUM STEARATE;POVIDONE;STARCH, CORN;",HRX,SCD,terbutaline sulfate 5 MG Oral Tablet,857683,2020-02-10 16:05:13,0527-1311,0,,5271311,527,1311,Terbutaline Sulfate,active,20160819,8455b6a5-b788-4ca4-af9d-be942f3c11c5.xml,,C42998,34391-3,,,LABELER,"Lannett Company, Inc.",C73584,NLM,TRUE,,14,,,TRUE,FALSE,FALSE,TRUE,TRUE
00527-1311-01_PART_1_OF_1_CHAL10_SF_2D2696B4.jpg,00527-1311-01,1311,TRUE,TRUE,FALSE,fcn_mix_weight/dr_224/00527-1311-01_PART_1_OF_1_CHAL10_SF_2D2696B4.jpg,00527-1311-01_2D2696B4,28056,TRUE,10/17/2017 05:31:21 PM,2020-02-10 17:11:10,fbf54709-5857-4dbc-9233-ebd7abff88c8-0527-1311-0,fbf54709-5857-4dbc-9233-ebd7abff88c8,8,,C48348,ROUND,,2,,LCI;1311,,C48325,WHITE,,TERBUTALINE SULFATE 5 mg;,TERBUTALINE SULFATE[TERBUTALINE];,"CELLULOSE, MICROCRYSTALLINE;ANHYDROUS LACTOSE;MAGNESIUM STEARATE;POVIDONE;STARCH, CORN;",HRX,SCD,terbutaline sulfate 5 MG Oral Tablet,857683,2020-02-10 16:05:13,0527-1311,0,,5271311,527,1311,Terbutaline Sulfate,active,20160819,8455b6a5-b788-4ca4-af9d-be942f3c11c5.xml,,C42998,34391-3,,,LABELER,"Lannett Company, Inc.",C73584,NLM,TRUE,,14,,,TRUE,FALSE,FALSE,TRUE,TRUE
00527-1413-01_PART_1_OF_1_CHAL10_SB_F420FA37.jpg,00527-1413-01,1413,TRUE,FALSE,FALSE,fcn_mix_weight/dr_224/00527-1413-01_PART_1_OF_1_CHAL10_SB_F420FA37.jpg,00527-1413-01_F420FA37,45261,TRUE,10/17/2017 05:32:38 PM,2020-02-10 17:12:07,0af05cf5-5c4c-4e6f-af08-fd4147615d87-0527-1413-0,0af05cf5-5c4c-4e6f-af08-fd4147615d87,6,,C48348,ROUND,,2,,LCI;1413,,C48331,ORANGE,,HYDROCHLOROTHIAZIDE 25 mg;,HYDROCHLOROTHIAZIDE[HYDROCHLOROTHIAZIDE];,"LACTOSE MONOHYDRATE;CELLULOSE, MICROCRYSTALLINE;FD&C YELLOW NO. 6;D&C YELLOW NO. 10;SILICON DIOXIDE;SODIUM STARCH GLYCOLATE TYPE A POTATO;MAGNESIUM STEARATE;ALUMINUM OXIDE;",HRX,SCD,hydrochlorothiazide 25 MG Oral Tablet,310798,2020-02-10 16:10:34,0527-1413,0,,5271413,527,1413,Hydrochlorothiazide,active,20191203,7ab02f2a-c630-488e-8395-cd83da05e565.xml,,C42998,34391-3,,,LABELER,"Lannett Company, Inc.",C73584,NLM,TRUE,,9,,,TRUE,FALSE,FALSE,TRUE,TRUE
00527-1413-01_PART_1_OF_1_CHAL10_SF_F420FA37.jpg,00527-1413-01,1413,TRUE,TRUE,FALSE,fcn_mix_weight/dr_224/00527-1413-01_PART_1_OF_1_CHAL10_SF_F420FA37.jpg,00527-1413-01_F420FA37,45261,TRUE,10/17/2017 05:32:38 PM,2020-02-10 17:12:07,0af05cf5-5c4c-4e6f-af08-fd4147615d87-0527-1413-0,0af05cf5-5c4c-4e6f-af08-fd4147615d87,6,,C48348,ROUND,,2,,LCI;1413,,C48331,ORANGE,,HYDROCHLOROTHIAZIDE 25 mg;,HYDROCHLOROTHIAZIDE[HYDROCHLOROTHIAZIDE];,"LACTOSE MONOHYDRATE;CELLULOSE, MICROCRYSTALLINE;FD&C YELLOW NO. 6;D&C YELLOW NO. 10;SILICON DIOXIDE;SODIUM STARCH GLYCOLATE TYPE A POTATO;MAGNESIUM STEARATE;ALUMINUM OXIDE;",HRX,SCD,hydrochlorothiazide 25 MG Oral Tablet,310798,2020-02-10 16:10:34,0527-1413,0,,5271413,527,1413,Hydrochlorothiazide,active,20191203,7ab02f2a-c630-488e-8395-cd83da05e565.xml,,C42998,34391-3,,,LABELER,"Lannett Company, Inc.",C73584,NLM,TRUE,,9,,,TRUE,FALSE,FALSE,TRUE,TRUE
00555-0059-02_PART_1_OF_1_CHAL10_SB_A62DD30E.jpg,00555-0059-02,59,TRUE,FALSE,FALSE,fcn_mix_weight/dr_224/00555-0059-02_PART_1_OF_1_CHAL10_SB_A62DD30E.jpg,00555-0059-02_A62DD30E,19776,TRUE,10/17/2017 05:30:46 PM,10/17/2017 05:30:46 PM,a5f88b4d-71a3-4bf3-9fd5-d172c819b7b2-0555-0059-0,a5f88b4d-71a3-4bf3-9fd5-d172c819b7b2,14,,C48336,CAPSULE,,1,,barr;059,,C48328,PINK,,DIPHENHYDRAMINE HYDROCHLORIDE 50 mg,DIPHENHYDRAMINE HYDROCHLORIDE[DIPHENHYDRAMINE],ANHYDROUS LACTOSE / LACTOSE MONOHYDRATE / MAGNESIUM STEARATE / D&C RED NO. 28 / FD&C BLUE NO. 1 / FD&C RED NO. 40 / GELATIN / SILICON DIOXIDE / SODIUM LAURYL SULFATE / D&C YELLOW NO. 10 / ALUMINUM OXIDE / FD&C BLUE NO. 2 / SHELLAC / PROPYLENE GLYCOL / FERROSOFERRIC OXIDE,HRX,,Diphenhydramine Hydrochloride 50 MG Oral Capsule,1020477,,0555-0059,0,,5550059,555,59,Diphenhydramine Hydrochloride,active,20120816,b5c3f8f3-38c7-4cf3-b21f-298b2bc59dbe.xml,,C25158,34391-3,,,LABELER,Barr Laboratories Inc.,C73584,NLM,TRUE,,3,,,FALSE,TRUE,FALSE,TRUE,TRUE
00555-0059-02_PART_1_OF_1_CHAL10_SF_A62DD30E.jpg,00555-0059-02,59,TRUE,TRUE,FALSE,fcn_mix_weight/dr_224/00555-0059-02_PART_1_OF_1_CHAL10_SF_A62DD30E.jpg,00555-0059-02_A62DD30E,19776,TRUE,10/17/2017 05:30:46 PM,10/17/2017 05:30:46 PM,a5f88b4d-71a3-4bf3-9fd5-d172c819b7b2-0555-0059-0,a5f88b4d-71a3-4bf3-9fd5-d172c819b7b2,14,,C48336,CAPSULE,,1,,barr;059,,C48328,PINK,,DIPHENHYDRAMINE HYDROCHLORIDE 50 mg,DIPHENHYDRAMINE HYDROCHLORIDE[DIPHENHYDRAMINE],ANHYDROUS LACTOSE / LACTOSE MONOHYDRATE / MAGNESIUM STEARATE / D&C RED NO. 28 / FD&C BLUE NO. 1 / FD&C RED NO. 40 / GELATIN / SILICON DIOXIDE / SODIUM LAURYL SULFATE / D&C YELLOW NO. 10 / ALUMINUM OXIDE / FD&C BLUE NO. 2 / SHELLAC / PROPYLENE GLYCOL / FERROSOFERRIC OXIDE,HRX,,Diphenhydramine Hydrochloride 50 MG Oral Capsule,1020477,,0555-0059,0,,5550059,555,59,Diphenhydramine Hydrochloride,active,20120816,b5c3f8f3-38c7-4cf3-b21f-298b2bc59dbe.xml,,C25158,34391-3,,,LABELER,Barr Laboratories Inc.,C73584,NLM,TRUE,,3,,,FALSE,TRUE,FALSE,TRUE,TRUE
00555-0066-02_PART_1_OF_1_CHAL10_SB_C82B642B.jpg,00555-0066-02,66,TRUE,FALSE,FALSE,fcn_mix_weight/dr_224/00555-0066-02_PART_1_OF_1_CHAL10_SB_C82B642B.jpg,00555-0066-02_C82B642B,27645,TRUE,10/17/2017 05:31:19 PM,2020-02-10 17:06:08,9499f1cf-2f46-4047-8b71-90aee7dee854-0555-0066-0,9499f1cf-2f46-4047-8b71-90aee7dee854,9,,C48348,ROUND,,2,,b;066;100,,C48325,WHITE,,ISONIAZID 100 mg;,ISONIAZID[ISONIAZID];,"SILICON DIOXIDE;CROSPOVIDONE (15 MPA.S AT 5%);CELLULOSE, MICROCRYSTALLINE;STARCH, CORN;TALC;",HRX,SCD,isoniazid 100 MG Oral Tablet,311166,2020-02-10 15:38:01,0555-0066,0,,5550066,555,66,Isoniazid,active,20190719,bec07e32-c4ec-4282-abf2-abaa66d99d13.xml,,C42998,34391-3,,,LABELER,"Teva Pharmaceuticals USA, Inc.",C73584,NLM,TRUE,,10,,,TRUE,FALSE,FALSE,TRUE,TRUE
00555-0066-02_PART_1_OF_1_CHAL10_SF_C82B642B.jpg,00555-0066-02,66,TRUE,TRUE,FALSE,fcn_mix_weight/dr_224/00555-0066-02_PART_1_OF_1_CHAL10_SF_C82B642B.jpg,00555-0066-02_C82B642B,27645,TRUE,10/17/2017 05:31:19 PM,2020-02-10 17:06:08,9499f1cf-2f46-4047-8b71-90aee7dee854-0555-0066-0,9499f1cf-2f46-4047-8b71-90aee7dee854,9,,C48348,ROUND,,2,,b;066;100,,C48325,WHITE,,ISONIAZID 100 mg;,ISONIAZID[ISONIAZID];,"SILICON DIOXIDE;CROSPOVIDONE (15 MPA.S AT 5%);CELLULOSE, MICROCRYSTALLINE;STARCH, CORN;TALC;",HRX,SCD,isoniazid 100 MG Oral Tablet,311166,2020-02-10 15:38:01,0555-0066,0,,5550066,555,66,Isoniazid,active,20190719,bec07e32-c4ec-4282-abf2-abaa66d99d13.xml,,C42998,34391-3,,,LABELER,"Teva Pharmaceuticals USA, Inc.",C73584,NLM,TRUE,,10,,,TRUE,FALSE,FALSE,TRUE,TRUE
00555-0071-01_PART_1_OF_1_CHAL10_SB_BF2B5FAA.jpg,00555-0071-01,71,TRUE,FALSE,FALSE,fcn_mix_weight/dr_224/00555-0071-01_PART_1_OF_1_CHAL10_SB_BF2B5FAA.jpg,00555-0071-01_BF2B5FAA,35398,TRUE,10/17/2017 05:31:54 PM,2020-02-10 17:06:09,9499f1cf-2f46-4047-8b71-90aee7dee854-0555-0071-0,9499f1cf-2f46-4047-8b71-90aee7dee854,18,,C48345,OVAL,,2,,b;071;300,,C48325,WHITE,,ISONIAZID 300 mg;,ISONIAZID[ISONIAZID];,"SILICON DIOXIDE;CROSPOVIDONE (15 MPA.S AT 5%);CELLULOSE, MICROCRYSTALLINE;STARCH, CORN;TALC;",HRX,SCD,isoniazid 300 MG Oral Tablet,197832,2020-02-10 15:38:06,0555-0071,0,,5550071,555,71,Isoniazid,active,20190719,bec07e32-c4ec-4282-abf2-abaa66d99d13.xml,,C42998,34391-3,,,LABELER,"Teva Pharmaceuticals USA, Inc.",C73584,NLM,TRUE,,10,,,TRUE,FALSE,FALSE,TRUE,TRUE
00555-0071-01_PART_1_OF_1_CHAL10_SB_BF2B5FAA.jpg,00555-0071-01,71,TRUE,FALSE,FALSE,fcn_mix_weight/dr_224/00555-0071-01_PART_1_OF_1_CHAL10_SB_BF2B5FAA.jpg,00555-0071-01_BF2B5FAA,83486,TRUE,2020-02-10 16:54:37,2020-02-10 17:08:16,df71204a-9962-4a61-bf72-cd8cfd930fc5-60687-553-0,df71204a-9962-4a61-bf72-cd8cfd930fc5,18,,C48345,OVAL,,2,,b;071;300,,C48325,WHITE,,ISONIAZID 300 mg;,ISONIAZID[ISONIAZID];,"SILICON DIOXIDE;CROSPOVIDONE (15 MPA.S AT 5%);MICROCRYSTALLINE CELLULOSE;STARCH, CORN;TALC;",HRX,,,,2020-02-10 15:49:19,60687-553,0,,606870553,60687,553,Isoniazid,active,20200825,adb4fa85-6583-1b79-e053-2a95a90a8cae.xml,0555-0071,C42998,,,,LABELER,American Health Packaging,C73584,SPL,TRUE,1,2,,,TRUE,FALSE,TRUE,FALSE,TRUE
00555-0071-01_PART_1_OF_1_CHAL10_SF_BF2B5FAA.jpg,00555-0071-01,71,TRUE,TRUE,FALSE,fcn_mix_weight/dr_224/00555-0071-01_PART_1_OF_1_CHAL10_SF_BF2B5FAA.jpg,00555-0071-01_BF2B5FAA,35398,TRUE,10/17/2017 05:31:54 PM,2020-02-10 17:06:09,9499f1cf-2f46-4047-8b71-90aee7dee854-0555-0071-0,9499f1cf-2f46-4047-8b71-90aee7dee854,18,,C48345,OVAL,,2,,b;071;300,,C48325,WHITE,,ISONIAZID 300 mg;,ISONIAZID[ISONIAZID];,"SILICON DIOXIDE;CROSPOVIDONE (15 MPA.S AT 5%);CELLULOSE, MICROCRYSTALLINE;STARCH, CORN;TALC;",HRX,SCD,isoniazid 300 MG Oral Tablet,197832,2020-02-10 15:38:06,0555-0071,0,,5550071,555,71,Isoniazid,active,20190719,bec07e32-c4ec-4282-abf2-abaa66d99d13.xml,,C42998,34391-3,,,LABELER,"Teva Pharmaceuticals USA, Inc.",C73584,NLM,TRUE,,10,,,TRUE,FALSE,FALSE,TRUE,TRUE
00555-0071-01_PART_1_OF_1_CHAL10_SF_BF2B5FAA.jpg,00555-0071-01,71,TRUE,TRUE,FALSE,fcn_mix_weight/dr_224/00555-0071-01_PART_1_OF_1_CHAL10_SF_BF2B5FAA.jpg,00555-0071-01_BF2B5FAA,83486,TRUE,2020-02-10 16:54:37,2020-02-10 17:08:16,df71204a-9962-4a61-bf72-cd8cfd930fc5-60687-553-0,df71204a-9962-4a61-bf72-cd8cfd930fc5,18,,C48345,OVAL,,2,,b;071;300,,C48325,WHITE,,ISONIAZID 300 mg;,ISONIAZID[ISONIAZID];,"SILICON DIOXIDE;CROSPOVIDONE (15 MPA.S AT 5%);MICROCRYSTALLINE CELLULOSE;STARCH, CORN;TALC;",HRX,,,,2020-02-10 15:49:19,60687-553,0,,606870553,60687,553,Isoniazid,active,20200825,adb4fa85-6583-1b79-e053-2a95a90a8cae.xml,0555-0071,C42998,,,,LABELER,American Health Packaging,C73584,SPL,TRUE,1,2,,,TRUE,FALSE,TRUE,FALSE,TRUE
00555-0211-10_PART_1_OF_1_CHAL10_SB_C32B61BB.jpg,00555-0211-10,211,TRUE,FALSE,FALSE,fcn_mix_weight/dr_224/00555-0211-10_PART_1_OF_1_CHAL10_SB_C32B61BB.jpg,00555-0211-10_C32B61BB,33679,TRUE,10/17/2017 05:31:46 PM,2020-02-10 17:11:57,f73f9807-4af6-4faa-ba9a-656a47a4c5e0-0555-0211-0,f73f9807-4af6-4faa-ba9a-656a47a4c5e0,11,,C48345,OVAL,,2,,b;211;5,,C48325,WHITE,,NORETHINDRONE ACETATE 5 mg;,NORETHINDRONE ACETATE[NORETHINDRONE];,"ANHYDROUS LACTOSE;MAGNESIUM STEARATE;CELLULOSE, MICROCRYSTALLINE;",HRX,SCD,norethindrone acetate 5 MG Oral Tablet,1000405,2020-02-10 16:09:38,0555-0211,0,,5550211,555,211,Norethindrone Acetate,active,20151031,72d42937-15a5-4178-beef-cf56b886bda3.xml,,C42998,34391-3,,,LABELER,"Teva Pharmaceuticals USA, Inc.",C73584,NLM,TRUE,,7,,,TRUE,FALSE,FALSE,TRUE,TRUE
00555-0211-10_PART_1_OF_1_CHAL10_SF_C32B61BB.jpg,00555-0211-10,211,TRUE,TRUE,FALSE,fcn_mix_weight/dr_224/00555-0211-10_PART_1_OF_1_CHAL10_SF_C32B61BB.jpg,00555-0211-10_C32B61BB,33679,TRUE,10/17/2017 05:31:46 PM,2020-02-10 17:11:57,f73f9807-4af6-4faa-ba9a-656a47a4c5e0-0555-0211-0,f73f9807-4af6-4faa-ba9a-656a47a4c5e0,11,,C48345,OVAL,,2,,b;211;5,,C48325,WHITE,,NORETHINDRONE ACETATE 5 mg;,NORETHINDRONE ACETATE[NORETHINDRONE];,"ANHYDROUS LACTOSE;MAGNESIUM STEARATE;CELLULOSE, MICROCRYSTALLINE;",HRX,SCD,norethindrone acetate 5 MG Oral Tablet,1000405,2020-02-10 16:09:38,0555-0211,0,,5550211,555,211,Norethindrone Acetate,active,20151031,72d42937-15a5-4178-beef-cf56b886bda3.xml,,C42998,34391-3,,,LABELER,"Teva Pharmaceuticals USA, Inc.",C73584,NLM,TRUE,,7,,,TRUE,FALSE,FALSE,TRUE,TRUE
00555-0252-02_PART_1_OF_1_CHAL10_SB_162B8B5C.jpg,00555-0252-02,252,TRUE,FALSE,FALSE,fcn_mix_weight/dr_224/00555-0252-02_PART_1_OF_1_CHAL10_SB_162B8B5C.jpg,00555-0252-02_162B8B5C,18571,TRUE,10/17/2017 05:30:40 PM,2020-02-10 17:04:56,cc41deca-c10f-437d-b639-e5875712f168-0555-0252-0,cc41deca-c10f-437d-b639-e5875712f168,6,,C48348,ROUND,,1,,b;252,,C48325,WHITE,,DIPYRIDAMOLE 25 mg;,DIPYRIDAMOLE[DIPYRIDAMOLE];,"SILICON DIOXIDE;HYPROMELLOSE 2910 (3 MPA.S);HYPROMELLOSE 2910 (6 MPA.S);ANHYDROUS LACTOSE;MAGNESIUM STEARATE;CELLULOSE, MICROCRYSTALLINE;POLYETHYLENE GLYCOLS;POLYSORBATE 80;PROPYLENE GLYCOL;STEARIC ACID;SODIUM STARCH GLYCOLATE TYPE A POTATO;TITANIUM DIOXIDE;",HRX,SCD,dipyridamole 25 MG Oral Tablet,309952,2020-02-10 15:32:20,0555-0252,0,,5550252,555,252,Dipyridamole,active,20160908,a85d628f-3079-42ab-a123-3acb50aea1b3.xml,,C42931,34391-3,,,LABELER,"Teva Pharmaceuticals USA, Inc.",C73584,NLM,TRUE,,9,,,TRUE,FALSE,FALSE,TRUE,TRUE
00555-0252-02_PART_1_OF_1_CHAL10_SF_162B8B5C.jpg,00555-0252-02,252,TRUE,TRUE,FALSE,fcn_mix_weight/dr_224/00555-0252-02_PART_1_OF_1_CHAL10_SF_162B8B5C.jpg,00555-0252-02_162B8B5C,18571,TRUE,10/17/2017 05:30:40 PM,2020-02-10 17:04:56,cc41deca-c10f-437d-b639-e5875712f168-0555-0252-0,cc41deca-c10f-437d-b639-e5875712f168,6,,C48348,ROUND,,1,,b;252,,C48325,WHITE,,DIPYRIDAMOLE 25 mg;,DIPYRIDAMOLE[DIPYRIDAMOLE];,"SILICON DIOXIDE;HYPROMELLOSE 2910 (3 MPA.S);HYPROMELLOSE 2910 (6 MPA.S);ANHYDROUS LACTOSE;MAGNESIUM STEARATE;CELLULOSE, MICROCRYSTALLINE;POLYETHYLENE GLYCOLS;POLYSORBATE 80;PROPYLENE GLYCOL;STEARIC ACID;SODIUM STARCH GLYCOLATE TYPE A POTATO;TITANIUM DIOXIDE;",HRX,SCD,dipyridamole 25 MG Oral Tablet,309952,2020-02-10 15:32:20,0555-0252,0,,5550252,555,252,Dipyridamole,active,20160908,a85d628f-3079-42ab-a123-3acb50aea1b3.xml,,C42931,34391-3,,,LABELER,"Teva Pharmaceuticals USA, Inc.",C73584,NLM,TRUE,,9,,,TRUE,FALSE,FALSE,TRUE,TRUE
00555-0285-02_PART_1_OF_1_CHAL10_SB_F52B7AAB.jpg,00555-0285-02,285,TRUE,FALSE,FALSE,fcn_mix_weight/dr_224/00555-0285-02_PART_1_OF_1_CHAL10_SB_F52B7AAB.jpg,00555-0285-02_F52B7AAB,45196,TRUE,10/17/2017 05:32:38 PM,2020-02-10 17:13:08,cc41deca-c10f-437d-b639-e5875712f168-0555-0285-0,cc41deca-c10f-437d-b639-e5875712f168,7,,C48348,ROUND,,1,,b;285,,C48325,WHITE,,DIPYRIDAMOLE 50 mg;,DIPYRIDAMOLE[DIPYRIDAMOLE];,"SILICON DIOXIDE;HYPROMELLOSE 2910 (3 MPA.S);HYPROMELLOSE 2910 (6 MPA.S);ANHYDROUS LACTOSE;CELLULOSE, MICROCRYSTALLINE;MAGNESIUM STEARATE;POLYETHYLENE GLYCOLS;POLYSORBATE 80;PROPYLENE GLYCOL;STEARIC ACID;SODIUM STARCH GLYCOLATE TYPE A POTATO;TITANIUM DIOXIDE;",HRX,,,,2020-02-10 16:16:23,0555-0285,0,,5550285,555,285,Dipyridamole,active,20160908,a85d628f-3079-42ab-a123-3acb50aea1b3.xml,,C42931,34391-3,,,LABELER,"Teva Pharmaceuticals USA, Inc.",C73584,NLM,TRUE,,9,,,TRUE,FALSE,FALSE,TRUE,TRUE
00555-0285-02_PART_1_OF_1_CHAL10_SF_F52B7AAB.jpg,00555-0285-02,285,TRUE,TRUE,FALSE,fcn_mix_weight/dr_224/00555-0285-02_PART_1_OF_1_CHAL10_SF_F52B7AAB.jpg,00555-0285-02_F52B7AAB,45196,TRUE,10/17/2017 05:32:38 PM,2020-02-10 17:13:08,cc41deca-c10f-437d-b639-e5875712f168-0555-0285-0,cc41deca-c10f-437d-b639-e5875712f168,7,,C48348,ROUND,,1,,b;285,,C48325,WHITE,,DIPYRIDAMOLE 50 mg;,DIPYRIDAMOLE[DIPYRIDAMOLE];,"SILICON DIOXIDE;HYPROMELLOSE 2910 (3 MPA.S);HYPROMELLOSE 2910 (6 MPA.S);ANHYDROUS LACTOSE;CELLULOSE, MICROCRYSTALLINE;MAGNESIUM STEARATE;POLYETHYLENE GLYCOLS;POLYSORBATE 80;PROPYLENE GLYCOL;STEARIC ACID;SODIUM STARCH GLYCOLATE TYPE A POTATO;TITANIUM DIOXIDE;",HRX,,,,2020-02-10 16:16:23,0555-0285,0,,5550285,555,285,Dipyridamole,active,20160908,a85d628f-3079-42ab-a123-3acb50aea1b3.xml,,C42931,34391-3,,,LABELER,"Teva Pharmaceuticals USA, Inc.",C73584,NLM,TRUE,,9,,,TRUE,FALSE,FALSE,TRUE,TRUE
00555-0286-02_PART_1_OF_1_CHAL10_SB_F92B7CEB.jpg,00555-0286-02,286,TRUE,FALSE,FALSE,fcn_mix_weight/dr_224/00555-0286-02_PART_1_OF_1_CHAL10_SB_F92B7CEB.jpg,00555-0286-02_F92B7CEB,27571,TRUE,10/17/2017 05:31:19 PM,2020-02-10 17:11:35,cc41deca-c10f-437d-b639-e5875712f168-0555-0286-0,cc41deca-c10f-437d-b639-e5875712f168,9,,C48348,ROUND,,1,,BARR;286,,C48325,WHITE,,DIPYRIDAMOLE 75 mg;,DIPYRIDAMOLE[DIPYRIDAMOLE];,"SILICON DIOXIDE;HYPROMELLOSE 2910 (3 MPA.S);HYPROMELLOSE 2910 (6 MPA.S);ANHYDROUS LACTOSE;MAGNESIUM STEARATE;CELLULOSE, MICROCRYSTALLINE;POLYETHYLENE GLYCOLS;POLYSORBATE 80;PROPYLENE GLYCOL;STEARIC ACID;SODIUM STARCH GLYCOLATE TYPE A POTATO;TITANIUM DIOXIDE;",HRX,,,,2020-02-10 16:07:36,0555-0286,0,,5550286,555,286,Dipyridamole,active,20160908,a85d628f-3079-42ab-a123-3acb50aea1b3.xml,,C42931,34391-3,,,LABELER,"Teva Pharmaceuticals USA, Inc.",C73584,NLM,TRUE,,9,,,TRUE,FALSE,FALSE,TRUE,TRUE
00555-0286-02_PART_1_OF_1_CHAL10_SF_F92B7CEB.jpg,00555-0286-02,286,TRUE,TRUE,FALSE,fcn_mix_weight/dr_224/00555-0286-02_PART_1_OF_1_CHAL10_SF_F92B7CEB.jpg,00555-0286-02_F92B7CEB,27571,TRUE,10/17/2017 05:31:19 PM,2020-02-10 17:11:35,cc41deca-c10f-437d-b639-e5875712f168-0555-0286-0,cc41deca-c10f-437d-b639-e5875712f168,9,,C48348,ROUND,,1,,BARR;286,,C48325,WHITE,,DIPYRIDAMOLE 75 mg;,DIPYRIDAMOLE[DIPYRIDAMOLE];,"SILICON DIOXIDE;HYPROMELLOSE 2910 (3 MPA.S);HYPROMELLOSE 2910 (6 MPA.S);ANHYDROUS LACTOSE;MAGNESIUM STEARATE;CELLULOSE, MICROCRYSTALLINE;POLYETHYLENE GLYCOLS;POLYSORBATE 80;PROPYLENE GLYCOL;STEARIC ACID;SODIUM STARCH GLYCOLATE TYPE A POTATO;TITANIUM DIOXIDE;",HRX,,,,2020-02-10 16:07:36,0555-0286,0,,5550286,555,286,Dipyridamole,active,20160908,a85d628f-3079-42ab-a123-3acb50aea1b3.xml,,C42931,34391-3,,,LABELER,"Teva Pharmaceuticals USA, Inc.",C73584,NLM,TRUE,,9,,,TRUE,FALSE,FALSE,TRUE,TRUE
00555-0302-02_PART_1_OF_1_CHAL10_SB_E22B717B.jpg,00555-0302-02,302,TRUE,FALSE,FALSE,fcn_mix_weight/dr_224/00555-0302-02_PART_1_OF_1_CHAL10_SB_E22B717B.jpg,00555-0302-02_E22B717B,29778,TRUE,10/17/2017 05:31:28 PM,2020-02-10 17:13:51,06068fff-2e79-4721-bcc7-b0938aa20e7a-0555-0302-0,06068fff-2e79-4721-bcc7-b0938aa20e7a,16,,C48336,CAPSULE,,1,,barr;302;50,,C48330;C48326,YELLOW;RED,,HYDROXYZINE PAMOATE 50 mg;,HYDROXYZINE PAMOATE[HYDROXYZINE];,"CROSCARMELLOSE SODIUM;MAGNESIUM STEARATE;STARCH, CORN;LACTOSE MONOHYDRATE;D&C RED NO. 33;D&C YELLOW NO. 10;FD&C YELLOW NO. 6;GELATIN;TITANIUM DIOXIDE;FERROSOFERRIC OXIDE;FD&C BLUE NO. 1;FD&C BLUE NO. 2;INDIGOTINDISULFONATE SODIUM;FD&C RED NO. 40;PROPYLENE GLYCOL;SHELLAC;",HRX,SCD,hydroxyzine pamoate 50 MG Oral Capsule,995278,2020-02-10 16:20:08,0555-0302,0,,5550302,555,302,Hydroxyzine Pamoate,active,20191031,df0c6501-dc7b-4330-bcfc-c0b13d37f9bc.xml,,C25158,34391-3,,,LABELER,"Teva Pharmaceuticals USA, Inc.",C73584,NLM,TRUE,,15,,,TRUE,FALSE,FALSE,TRUE,TRUE
00555-0302-02_PART_1_OF_1_CHAL10_SF_E22B717B.jpg,00555-0302-02,302,TRUE,TRUE,FALSE,fcn_mix_weight/dr_224/00555-0302-02_PART_1_OF_1_CHAL10_SF_E22B717B.jpg,00555-0302-02_E22B717B,29778,TRUE,10/17/2017 05:31:28 PM,2020-02-10 17:13:51,06068fff-2e79-4721-bcc7-b0938aa20e7a-0555-0302-0,06068fff-2e79-4721-bcc7-b0938aa20e7a,16,,C48336,CAPSULE,,1,,barr;302;50,,C48330;C48326,YELLOW;RED,,HYDROXYZINE PAMOATE 50 mg;,HYDROXYZINE PAMOATE[HYDROXYZINE];,"CROSCARMELLOSE SODIUM;MAGNESIUM STEARATE;STARCH, CORN;LACTOSE MONOHYDRATE;D&C RED NO. 33;D&C YELLOW NO. 10;FD&C YELLOW NO. 6;GELATIN;TITANIUM DIOXIDE;FERROSOFERRIC OXIDE;FD&C BLUE NO. 1;FD&C BLUE NO. 2;INDIGOTINDISULFONATE SODIUM;FD&C RED NO. 40;PROPYLENE GLYCOL;SHELLAC;",HRX,SCD,hydroxyzine pamoate 50 MG Oral Capsule,995278,2020-02-10 16:20:08,0555-0302,0,,5550302,555,302,Hydroxyzine Pamoate,active,20191031,df0c6501-dc7b-4330-bcfc-c0b13d37f9bc.xml,,C25158,34391-3,,,LABELER,"Teva Pharmaceuticals USA, Inc.",C73584,NLM,TRUE,,15,,,TRUE,FALSE,FALSE,TRUE,TRUE
00555-0323-02_PART_1_OF_1_CHAL10_SB_E72B73EB.jpg,00555-0323-02,323,TRUE,FALSE,FALSE,fcn_mix_weight/dr_224/00555-0323-02_PART_1_OF_1_CHAL10_SB_E72B73EB.jpg,00555-0323-02_E72B73EB,18696,TRUE,10/17/2017 05:30:41 PM,2020-02-10 17:14:20,06068fff-2e79-4721-bcc7-b0938aa20e7a-0555-0323-0,06068fff-2e79-4721-bcc7-b0938aa20e7a,16,,C48336,CAPSULE,,1,,barr;323;25,,C48330;C48328,YELLOW;PINK,,HYDROXYZINE PAMOATE 25 mg;,HYDROXYZINE PAMOATE[HYDROXYZINE];,"CROSCARMELLOSE SODIUM;MAGNESIUM STEARATE;STARCH, CORN;ANHYDROUS LACTOSE;D&C RED NO. 28;D&C YELLOW NO. 10;FD&C BLUE NO. 1;FD&C RED NO. 40;FD&C YELLOW NO. 6;GELATIN;TITANIUM DIOXIDE;FERROSOFERRIC OXIDE;FD&C BLUE NO. 2;INDIGOTINDISULFONATE SODIUM;PROPYLENE GLYCOL;SHELLAC;",HRX,SCD,hydroxyzine pamoate 25 MG Oral Capsule,995253,2020-02-10 16:22:53,0555-0323,0,,5550323,555,323,Hydroxyzine Pamoate,active,20191031,df0c6501-dc7b-4330-bcfc-c0b13d37f9bc.xml,,C25158,34391-3,,,LABELER,"Teva Pharmaceuticals USA, Inc.",C73584,NLM,TRUE,,15,,,TRUE,FALSE,FALSE,TRUE,TRUE
00555-0323-02_PART_1_OF_1_CHAL10_SF_E72B73EB.jpg,00555-0323-02,323,TRUE,TRUE,FALSE,fcn_mix_weight/dr_224/00555-0323-02_PART_1_OF_1_CHAL10_SF_E72B73EB.jpg,00555-0323-02_E72B73EB,18696,TRUE,10/17/2017 05:30:41 PM,2020-02-10 17:14:20,06068fff-2e79-4721-bcc7-b0938aa20e7a-0555-0323-0,06068fff-2e79-4721-bcc7-b0938aa20e7a,16,,C48336,CAPSULE,,1,,barr;323;25,,C48330;C48328,YELLOW;PINK,,HYDROXYZINE PAMOATE 25 mg;,HYDROXYZINE PAMOATE[HYDROXYZINE];,"CROSCARMELLOSE SODIUM;MAGNESIUM STEARATE;STARCH, CORN;ANHYDROUS LACTOSE;D&C RED NO. 28;D&C YELLOW NO. 10;FD&C BLUE NO. 1;FD&C RED NO. 40;FD&C YELLOW NO. 6;GELATIN;TITANIUM DIOXIDE;FERROSOFERRIC OXIDE;FD&C BLUE NO. 2;INDIGOTINDISULFONATE SODIUM;PROPYLENE GLYCOL;SHELLAC;",HRX,SCD,hydroxyzine pamoate 25 MG Oral Capsule,995253,2020-02-10 16:22:53,0555-0323,0,,5550323,555,323,Hydroxyzine Pamoate,active,20191031,df0c6501-dc7b-4330-bcfc-c0b13d37f9bc.xml,,C25158,34391-3,,,LABELER,"Teva Pharmaceuticals USA, Inc.",C73584,NLM,TRUE,,15,,,TRUE,FALSE,FALSE,TRUE,TRUE
00555-0324-02_PART_1_OF_1_CHAL10_SB_DE2B6F6B.jpg,00555-0324-02,324,TRUE,FALSE,FALSE,fcn_mix_weight/dr_224/00555-0324-02_PART_1_OF_1_CHAL10_SB_DE2B6F6B.jpg,00555-0324-02_DE2B6F6B,2208,TRUE,10/17/2017 05:29:29 PM,2020-02-10 17:14:20,06068fff-2e79-4721-bcc7-b0938aa20e7a-0555-0324-0,06068fff-2e79-4721-bcc7-b0938aa20e7a,19,,C48336,CAPSULE,,1,,barr;324;100,,C48330;C48328,YELLOW;PINK,,HYDROXYZINE PAMOATE 100 mg;,HYDROXYZINE PAMOATE[HYDROXYZINE];,"CROSCARMELLOSE SODIUM;MAGNESIUM STEARATE;STARCH, CORN;LACTOSE MONOHYDRATE;D&C RED NO. 28;D&C RED NO. 33;D&C YELLOW NO. 10;FD&C BLUE NO. 1;FD&C RED NO. 40;GELATIN;TITANIUM DIOXIDE;FERROSOFERRIC OXIDE;FD&C BLUE NO. 2;INDIGOTINDISULFONATE SODIUM;PROPYLENE GLYCOL;SHELLAC;",HRX,SCD,hydroxyzine pamoate 100 MG Oral Capsule,995232,2020-02-10 16:22:52,0555-0324,0,,5550324,555,324,Hydroxyzine Pamoate,active,20191031,df0c6501-dc7b-4330-bcfc-c0b13d37f9bc.xml,,C25158,34391-3,,,LABELER,"Teva Pharmaceuticals USA, Inc.",C73584,NLM,TRUE,,15,,,TRUE,FALSE,FALSE,TRUE,TRUE
00555-0324-02_PART_1_OF_1_CHAL10_SF_DE2B6F6B.jpg,00555-0324-02,324,TRUE,TRUE,FALSE,fcn_mix_weight/dr_224/00555-0324-02_PART_1_OF_1_CHAL10_SF_DE2B6F6B.jpg,00555-0324-02_DE2B6F6B,2208,TRUE,10/17/2017 05:29:29 PM,2020-02-10 17:14:20,06068fff-2e79-4721-bcc7-b0938aa20e7a-0555-0324-0,06068fff-2e79-4721-bcc7-b0938aa20e7a,19,,C48336,CAPSULE,,1,,barr;324;100,,C48330;C48328,YELLOW;PINK,,HYDROXYZINE PAMOATE 100 mg;,HYDROXYZINE PAMOATE[HYDROXYZINE];,"CROSCARMELLOSE SODIUM;MAGNESIUM STEARATE;STARCH, CORN;LACTOSE MONOHYDRATE;D&C RED NO. 28;D&C RED NO. 33;D&C YELLOW NO. 10;FD&C BLUE NO. 1;FD&C RED NO. 40;GELATIN;TITANIUM DIOXIDE;FERROSOFERRIC OXIDE;FD&C BLUE NO. 2;INDIGOTINDISULFONATE SODIUM;PROPYLENE GLYCOL;SHELLAC;",HRX,SCD,hydroxyzine pamoate 100 MG Oral Capsule,995232,2020-02-10 16:22:52,0555-0324,0,,5550324,555,324,Hydroxyzine Pamoate,active,20191031,df0c6501-dc7b-4330-bcfc-c0b13d37f9bc.xml,,C25158,34391-3,,,LABELER,"Teva Pharmaceuticals USA, Inc.",C73584,NLM,TRUE,,15,,,TRUE,FALSE,FALSE,TRUE,TRUE
00555-0483-02_PART_1_OF_1_CHAL10_SB_002B804C.jpg,00555-0483-02,483,TRUE,FALSE,FALSE,fcn_mix_weight/dr_224/00555-0483-02_PART_1_OF_1_CHAL10_SB_002B804C.jpg,00555-0483-02_002B804C,23653,TRUE,10/17/2017 05:31:02 PM,2020-02-10 17:06:47,8b2c581a-f955-4a8e-bf85-e768e903fd10-0555-0483-0,8b2c581a-f955-4a8e-bf85-e768e903fd10,9,,C48348,ROUND,,2,,555;483;barr,,C48330,YELLOW,,AMILORIDE HYDROCHLORIDE 5 mg;HYDROCHLOROTHIAZIDE 50 mg;,AMILORIDE HYDROCHLORIDE[AMILORIDE];HYDROCHLOROTHIAZIDE[HYDROCHLOROTHIAZIDE];,"CROSCARMELLOSE SODIUM;D&C YELLOW NO. 10;ALUMINUM OXIDE;LACTOSE MONOHYDRATE;MAGNESIUM OXIDE;MAGNESIUM STEARATE;CELLULOSE, MICROCRYSTALLINE;",HRX,SCD,amiloride hydrochloride 5 MG / hydrochlorothiazide 50 MG Oral Tablet,977883,2020-02-10 15:41:18,0555-0483,0,,5550483,555,483,Amiloride Hydrochloride and Hydrochlorothiazide,active,20200521,3f7bf7c6-187b-4a9d-b659-2c9b064c7bfc.xml,,C42998,34391-3,,,LABELER,"Teva Pharmaceuticals USA, Inc.",C73584,NLM,TRUE,,10,,,TRUE,FALSE,FALSE,TRUE,TRUE
00555-0483-02_PART_1_OF_1_CHAL10_SF_002B804C.jpg,00555-0483-02,483,TRUE,TRUE,FALSE,fcn_mix_weight/dr_224/00555-0483-02_PART_1_OF_1_CHAL10_SF_002B804C.jpg,00555-0483-02_002B804C,23653,TRUE,10/17/2017 05:31:02 PM,2020-02-10 17:06:47,8b2c581a-f955-4a8e-bf85-e768e903fd10-0555-0483-0,8b2c581a-f955-4a8e-bf85-e768e903fd10,9,,C48348,ROUND,,2,,555;483;barr,,C48330,YELLOW,,AMILORIDE HYDROCHLORIDE 5 mg;HYDROCHLOROTHIAZIDE 50 mg;,AMILORIDE HYDROCHLORIDE[AMILORIDE];HYDROCHLOROTHIAZIDE[HYDROCHLOROTHIAZIDE];,"CROSCARMELLOSE SODIUM;D&C YELLOW NO. 10;ALUMINUM OXIDE;LACTOSE MONOHYDRATE;MAGNESIUM OXIDE;MAGNESIUM STEARATE;CELLULOSE, MICROCRYSTALLINE;",HRX,SCD,amiloride hydrochloride 5 MG / hydrochlorothiazide 50 MG Oral Tablet,977883,2020-02-10 15:41:18,0555-0483,0,,5550483,555,483,Amiloride Hydrochloride and Hydrochlorothiazide,active,20200521,3f7bf7c6-187b-4a9d-b659-2c9b064c7bfc.xml,,C42998,34391-3,,,LABELER,"Teva Pharmaceuticals USA, Inc.",C73584,NLM,TRUE,,10,,,TRUE,FALSE,FALSE,TRUE,TRUE
00555-0484-01_PART_1_OF_1_CHAL10_SB_092B84CC.jpg,00555-0484-01,484,TRUE,FALSE,FALSE,fcn_mix_weight/dr_224/00555-0484-01_PART_1_OF_1_CHAL10_SB_092B84CC.jpg,00555-0484-01_092B84CC,35640,TRUE,10/17/2017 05:31:55 PM,2020-02-10 17:09:13,94669fc8-3c1c-4228-be27-09a1cd468c36-0555-0484-0,94669fc8-3c1c-4228-be27-09a1cd468c36,8,,C48348,ROUND,,1,,b;484,,C48325,WHITE,,LEUCOVORIN CALCIUM 5 mg;,LEUCOVORIN CALCIUM[LEUCOVORIN];,"SILICON DIOXIDE;CROSCARMELLOSE SODIUM;LACTOSE MONOHYDRATE;MAGNESIUM STEARATE;CELLULOSE, MICROCRYSTALLINE;",HRX,SCD,leucovorin 5 MG Oral Tablet,197863,2020-02-10 15:54:16,0555-0484,0,,5550484,555,484,Leucovorin Calcium,active,20160501,10437632-62ed-4f1f-9848-f017c0e9e627.xml,,C42998,34391-3,,,LABELER,"Teva Pharmaceuticals USA, Inc.",C73584,NLM,TRUE,,9,,,TRUE,FALSE,FALSE,TRUE,TRUE
00555-0484-01_PART_1_OF_1_CHAL10_SF_092B84CC.jpg,00555-0484-01,484,TRUE,TRUE,FALSE,fcn_mix_weight/dr_224/00555-0484-01_PART_1_OF_1_CHAL10_SF_092B84CC.jpg,00555-0484-01_092B84CC,35640,TRUE,10/17/2017 05:31:55 PM,2020-02-10 17:09:13,94669fc8-3c1c-4228-be27-09a1cd468c36-0555-0484-0,94669fc8-3c1c-4228-be27-09a1cd468c36,8,,C48348,ROUND,,1,,b;484,,C48325,WHITE,,LEUCOVORIN CALCIUM 5 mg;,LEUCOVORIN CALCIUM[LEUCOVORIN];,"SILICON DIOXIDE;CROSCARMELLOSE SODIUM;LACTOSE MONOHYDRATE;MAGNESIUM STEARATE;CELLULOSE, MICROCRYSTALLINE;",HRX,SCD,leucovorin 5 MG Oral Tablet,197863,2020-02-10 15:54:16,0555-0484,0,,5550484,555,484,Leucovorin Calcium,active,20160501,10437632-62ed-4f1f-9848-f017c0e9e627.xml,,C42998,34391-3,,,LABELER,"Teva Pharmaceuticals USA, Inc.",C73584,NLM,TRUE,,9,,,TRUE,FALSE,FALSE,TRUE,TRUE
00555-0485-27_PART_1_OF_1_CHAL10_SB_0D2B86DC.jpg,00555-0485-27,485,TRUE,FALSE,FALSE,fcn_mix_weight/dr_224/00555-0485-27_PART_1_OF_1_CHAL10_SB_0D2B86DC.jpg,00555-0485-27_0D2B86DC,29114,TRUE,10/17/2017 05:31:25 PM,2020-02-10 17:15:38,94669fc8-3c1c-4228-be27-09a1cd468c36-0555-0485-0,94669fc8-3c1c-4228-be27-09a1cd468c36,8,,C48348,ROUND,,1,,b;485,,C48329,GREEN,,LEUCOVORIN CALCIUM 25 mg;,LEUCOVORIN CALCIUM[LEUCOVORIN];,"SILICON DIOXIDE;CROSCARMELLOSE SODIUM;LACTOSE MONOHYDRATE;MAGNESIUM STEARATE;CELLULOSE, MICROCRYSTALLINE;D&C YELLOW NO. 10;FD&C BLUE NO. 1;",HRX,,,,2020-02-10 16:29:35,0555-0485,0,,5550485,555,485,Leucovorin Calcium,active,20160501,10437632-62ed-4f1f-9848-f017c0e9e627.xml,,C42998,34391-3,,,LABELER,"Teva Pharmaceuticals USA, Inc.",C73584,NLM,TRUE,,9,,,TRUE,FALSE,FALSE,TRUE,TRUE
00555-0485-27_PART_1_OF_1_CHAL10_SF_0D2B86DC.jpg,00555-0485-27,485,TRUE,TRUE,FALSE,fcn_mix_weight/dr_224/00555-0485-27_PART_1_OF_1_CHAL10_SF_0D2B86DC.jpg,00555-0485-27_0D2B86DC,29114,TRUE,10/17/2017 05:31:25 PM,2020-02-10 17:15:38,94669fc8-3c1c-4228-be27-09a1cd468c36-0555-0485-0,94669fc8-3c1c-4228-be27-09a1cd468c36,8,,C48348,ROUND,,1,,b;485,,C48329,GREEN,,LEUCOVORIN CALCIUM 25 mg;,LEUCOVORIN CALCIUM[LEUCOVORIN];,"SILICON DIOXIDE;CROSCARMELLOSE SODIUM;LACTOSE MONOHYDRATE;MAGNESIUM STEARATE;CELLULOSE, MICROCRYSTALLINE;D&C YELLOW NO. 10;FD&C BLUE NO. 1;",HRX,,,,2020-02-10 16:29:35,0555-0485,0,,5550485,555,485,Leucovorin Calcium,active,20160501,10437632-62ed-4f1f-9848-f017c0e9e627.xml,,C42998,34391-3,,,LABELER,"Teva Pharmaceuticals USA, Inc.",C73584,NLM,TRUE,,9,,,TRUE,FALSE,FALSE,TRUE,TRUE
00555-0572-35_PART_1_OF_1_CHAL10_SB_1B2B8DCC.jpg,00555-0572-35,572,TRUE,FALSE,FALSE,fcn_mix_weight/dr_224/00555-0572-35_PART_1_OF_1_CHAL10_SB_1B2B8DCC.jpg,00555-0572-35_1B2B8DCC,10289,TRUE,10/17/2017 05:30:05 PM,2020-02-10 17:09:21,9b34b1d8-d125-41a2-9f6f-3fab67b573bd-0555-0572-0,9b34b1d8-d125-41a2-9f6f-3fab67b573bd,8,,C48345,OVAL,,2,,b;572,,C48330,YELLOW,,METHOTREXATE SODIUM 2.5 mg;,METHOTREXATE SODIUM[METHOTREXATE];,"ANHYDROUS LACTOSE;HYPROMELLOSES;MAGNESIUM STEARATE;MICROCRYSTALLINE CELLULOSE;POLYETHYLENE GLYCOL, UNSPECIFIED;STARCH, CORN;PROPYLENE GLYCOL;SODIUM CARBONATE MONOHYDRATE;TALC;",HRX,SCD,methotrexate 2.5 MG Oral Tablet,105585,2020-02-10 15:55:01,0555-0572,0,,5550572,555,572,Methotrexate,active,20200921,f3757d95-0086-4b8a-a349-827d1cb71ba0.xml,,C42998,34391-3,,,LABELER,"Teva Pharmaceuticals USA, Inc.",C73584,NLM,TRUE,,11,,,TRUE,FALSE,FALSE,TRUE,TRUE
00555-0572-35_PART_1_OF_1_CHAL10_SF_1B2B8DCC.jpg,00555-0572-35,572,TRUE,TRUE,FALSE,fcn_mix_weight/dr_224/00555-0572-35_PART_1_OF_1_CHAL10_SF_1B2B8DCC.jpg,00555-0572-35_1B2B8DCC,10289,TRUE,10/17/2017 05:30:05 PM,2020-02-10 17:09:21,9b34b1d8-d125-41a2-9f6f-3fab67b573bd-0555-0572-0,9b34b1d8-d125-41a2-9f6f-3fab67b573bd,8,,C48345,OVAL,,2,,b;572,,C48330,YELLOW,,METHOTREXATE SODIUM 2.5 mg;,METHOTREXATE SODIUM[METHOTREXATE];,"ANHYDROUS LACTOSE;HYPROMELLOSES;MAGNESIUM STEARATE;MICROCRYSTALLINE CELLULOSE;POLYETHYLENE GLYCOL, UNSPECIFIED;STARCH, CORN;PROPYLENE GLYCOL;SODIUM CARBONATE MONOHYDRATE;TALC;",HRX,SCD,methotrexate 2.5 MG Oral Tablet,105585,2020-02-10 15:55:01,0555-0572,0,,5550572,555,572,Methotrexate,active,20200921,f3757d95-0086-4b8a-a349-827d1cb71ba0.xml,,C42998,34391-3,,,LABELER,"Teva Pharmaceuticals USA, Inc.",C73584,NLM,TRUE,,11,,,TRUE,FALSE,FALSE,TRUE,TRUE
00555-0607-02_PART_1_OF_1_CHAL10_SB_3F2F1F98.jpg,00555-0607-02,607,TRUE,FALSE,FALSE,fcn_mix_weight/dr_224/00555-0607-02_PART_1_OF_1_CHAL10_SB_3F2F1F98.jpg,00555-0607-02_3F2F1F98,45224,TRUE,10/17/2017 05:32:38 PM,2020-02-10 17:05:57,66573d39-f2a7-49fd-9ed2-97ac8f6e8456-0555-0607-0,66573d39-f2a7-49fd-9ed2-97ac8f6e8456,10,,C48348,ROUND,,2,,555;607;barr,,C48325,WHITE,,MEGESTROL ACETATE 40 mg;,MEGESTROL ACETATE[MEGESTROL];,ANHYDROUS LACTOSE;DIBASIC CALCIUM PHOSPHATE DIHYDRATE;MAGNESIUM STEARATE;MICROCRYSTALLINE CELLULOSE;SODIUM STARCH GLYCOLATE TYPE A POTATO;,HRX,SCD,megestrol acetate 40 MG Oral Tablet,860221,2020-02-10 15:36:58,0555-0607,0,,5550607,555,607,Megestrol Acetate,active,20160531,f4092c9c-f0dc-4f4d-93d1-009e88424508.xml,,C42998,34391-3,,,LABELER,"Teva Pharmaceuticals USA, Inc.",C73584,NLM,TRUE,,10,,,TRUE,FALSE,FALSE,TRUE,TRUE
00555-0607-02_PART_1_OF_1_CHAL10_SF_3F2F1F98.jpg,00555-0607-02,607,TRUE,TRUE,FALSE,fcn_mix_weight/dr_224/00555-0607-02_PART_1_OF_1_CHAL10_SF_3F2F1F98.jpg,00555-0607-02_3F2F1F98,45224,TRUE,10/17/2017 05:32:38 PM,2020-02-10 17:05:57,66573d39-f2a7-49fd-9ed2-97ac8f6e8456-0555-0607-0,66573d39-f2a7-49fd-9ed2-97ac8f6e8456,10,,C48348,ROUND,,2,,555;607;barr,,C48325,WHITE,,MEGESTROL ACETATE 40 mg;,MEGESTROL ACETATE[MEGESTROL];,ANHYDROUS LACTOSE;DIBASIC CALCIUM PHOSPHATE DIHYDRATE;MAGNESIUM STEARATE;MICROCRYSTALLINE CELLULOSE;SODIUM STARCH GLYCOLATE TYPE A POTATO;,HRX,SCD,megestrol acetate 40 MG Oral Tablet,860221,2020-02-10 15:36:58,0555-0607,0,,5550607,555,607,Megestrol Acetate,active,20160531,f4092c9c-f0dc-4f4d-93d1-009e88424508.xml,,C42998,34391-3,,,LABELER,"Teva Pharmaceuticals USA, Inc.",C73584,NLM,TRUE,,10,,,TRUE,FALSE,FALSE,TRUE,TRUE
00555-0779-02_PART_1_OF_1_CHAL10_SB_42302161.jpg,00555-0779-02,779,TRUE,FALSE,FALSE,fcn_mix_weight/dr_224/00555-0779-02_PART_1_OF_1_CHAL10_SB_42302161.jpg,00555-0779-02_42302161,27993,TRUE,10/17/2017 05:31:21 PM,2020-02-10 17:08:01,9eb200b0-db96-4a51-87ea-04db862978c8-0555-0779-0,9eb200b0-db96-4a51-87ea-04db862978c8,7,,C48348,ROUND,,2,,555;779;b,,C48325,WHITE,,MEDROXYPROGESTERONE ACETATE 10 mg;,MEDROXYPROGESTERONE ACETATE[MEDROXYPROGESTERONE];,"CROSPOVIDONE;LACTOSE MONOHYDRATE;MAGNESIUM STEARATE;METHYLCELLULOSE (15 CPS);STARCH, CORN;SODIUM LAURYL SULFATE;",HRX,SCD,medroxyprogesterone acetate 10 MG Oral Tablet,1000114,2020-02-10 15:47:50,0555-0779,0,,5550779,555,779,Medroxyprogesterone Acetate,active,20150531,a8279b07-4e82-4b6c-af8f-a293a01558b8.xml,,C42998,34391-3,,,LABELER,"Teva Pharmaceuticals USA, Inc.",C73584,NLM,TRUE,,13,,,TRUE,FALSE,FALSE,TRUE,TRUE
00555-0779-02_PART_1_OF_1_CHAL10_SF_42302161.jpg,00555-0779-02,779,TRUE,TRUE,FALSE,fcn_mix_weight/dr_224/00555-0779-02_PART_1_OF_1_CHAL10_SF_42302161.jpg,00555-0779-02_42302161,27993,TRUE,10/17/2017 05:31:21 PM,2020-02-10 17:08:01,9eb200b0-db96-4a51-87ea-04db862978c8-0555-0779-0,9eb200b0-db96-4a51-87ea-04db862978c8,7,,C48348,ROUND,,2,,555;779;b,,C48325,WHITE,,MEDROXYPROGESTERONE ACETATE 10 mg;,MEDROXYPROGESTERONE ACETATE[MEDROXYPROGESTERONE];,"CROSPOVIDONE;LACTOSE MONOHYDRATE;MAGNESIUM STEARATE;METHYLCELLULOSE (15 CPS);STARCH, CORN;SODIUM LAURYL SULFATE;",HRX,SCD,medroxyprogesterone acetate 10 MG Oral Tablet,1000114,2020-02-10 15:47:50,0555-0779,0,,5550779,555,779,Medroxyprogesterone Acetate,active,20150531,a8279b07-4e82-4b6c-af8f-a293a01558b8.xml,,C42998,34391-3,,,LABELER,"Teva Pharmaceuticals USA, Inc.",C73584,NLM,TRUE,,13,,,TRUE,FALSE,FALSE,TRUE,TRUE
00555-0873-02_PART_1_OF_1_CHAL10_SB_BA305D62.jpg,00555-0873-02,873,TRUE,FALSE,FALSE,fcn_mix_weight/dr_224/00555-0873-02_PART_1_OF_1_CHAL10_SB_BA305D62.jpg,00555-0873-02_BA305D62,40662,TRUE,10/17/2017 05:32:18 PM,2020-02-10 17:16:29,9eb200b0-db96-4a51-87ea-04db862978c8-0555-0873-0,9eb200b0-db96-4a51-87ea-04db862978c8,6,,C48348,ROUND,,2,,555;873;b,,C48325,WHITE,,MEDROXYPROGESTERONE ACETATE 5 mg;,MEDROXYPROGESTERONE ACETATE[MEDROXYPROGESTERONE];,"CROSPOVIDONE;LACTOSE MONOHYDRATE;MAGNESIUM STEARATE;METHYLCELLULOSE (15 CPS);STARCH, CORN;SODIUM LAURYL SULFATE;",HRX,SCD,medroxyprogesterone acetate 5 MG Oral Tablet,1000141,2020-02-10 16:33:49,0555-0873,0,,5550873,555,873,Medroxyprogesterone Acetate,active,20150531,a8279b07-4e82-4b6c-af8f-a293a01558b8.xml,,C42998,34391-3,,,LABELER,"Teva Pharmaceuticals USA, Inc.",C73584,NLM,TRUE,,13,,,TRUE,FALSE,FALSE,TRUE,TRUE
00555-0873-02_PART_1_OF_1_CHAL10_SF_BA305D62.jpg,00555-0873-02,873,TRUE,TRUE,FALSE,fcn_mix_weight/dr_224/00555-0873-02_PART_1_OF_1_CHAL10_SF_BA305D62.jpg,00555-0873-02_BA305D62,40662,TRUE,10/17/2017 05:32:18 PM,2020-02-10 17:16:29,9eb200b0-db96-4a51-87ea-04db862978c8-0555-0873-0,9eb200b0-db96-4a51-87ea-04db862978c8,6,,C48348,ROUND,,2,,555;873;b,,C48325,WHITE,,MEDROXYPROGESTERONE ACETATE 5 mg;,MEDROXYPROGESTERONE ACETATE[MEDROXYPROGESTERONE];,"CROSPOVIDONE;LACTOSE MONOHYDRATE;MAGNESIUM STEARATE;METHYLCELLULOSE (15 CPS);STARCH, CORN;SODIUM LAURYL SULFATE;",HRX,SCD,medroxyprogesterone acetate 5 MG Oral Tablet,1000141,2020-02-10 16:33:49,0555-0873,0,,5550873,555,873,Medroxyprogesterone Acetate,active,20150531,a8279b07-4e82-4b6c-af8f-a293a01558b8.xml,,C42998,34391-3,,,LABELER,"Teva Pharmaceuticals USA, Inc.",C73584,NLM,TRUE,,13,,,TRUE,FALSE,FALSE,TRUE,TRUE
00555-0882-02_PART_1_OF_1_CHAL10_SB_9B304DA2.jpg,00555-0882-02,882,TRUE,FALSE,FALSE,fcn_mix_weight/dr_224/00555-0882-02_PART_1_OF_1_CHAL10_SB_9B304DA2.jpg,00555-0882-02_9B304DA2,40078,TRUE,10/17/2017 05:32:15 PM,2020-02-10 17:12:43,b9514ae5-79ae-4cc2-9d7f-c8f7806d1694-0555-0882-0,b9514ae5-79ae-4cc2-9d7f-c8f7806d1694,22,,C48336,CAPSULE,,1,,barr;882,,C48327;C48328,PURPLE;PINK,,HYDROXYUREA 500 mg;,HYDROXYUREA[HYDROXYUREA];,"ANHYDROUS CITRIC ACID;FERROSOFERRIC OXIDE;D&C RED NO. 28;D&C YELLOW NO. 10;SODIUM PHOSPHATE, DIBASIC, ANHYDROUS;FD&C BLUE NO. 1;FD&C BLUE NO. 1--ALUMINUM LAKE;FD&C BLUE NO. 2--ALUMINUM LAKE;FD&C RED NO. 40;GELATIN;LACTOSE MONOHYDRATE;MAGNESIUM STEARATE;PROPYLENE GLYCOL;FERRIC OXIDE RED;SHELLAC;SODIUM LAURYL SULFATE;TITANIUM DIOXIDE;",HRX,SCD,hydroxyurea 500 MG Oral Capsule,197797,2020-02-10 16:14:12,0555-0882,0,,5550882,555,882,HYDROXYUREA,active,20190930,56110b70-3541-42ef-a8a9-c1f59b6fcfb1.xml,,C25158,34391-3,,,LABELER,"Teva Pharmaceuticals USA, Inc.",C73584,NLM,TRUE,,16,,,TRUE,FALSE,FALSE,TRUE,TRUE
00555-0882-02_PART_1_OF_1_CHAL10_SF_9B304DA2.jpg,00555-0882-02,882,TRUE,TRUE,FALSE,fcn_mix_weight/dr_224/00555-0882-02_PART_1_OF_1_CHAL10_SF_9B304DA2.jpg,00555-0882-02_9B304DA2,40078,TRUE,10/17/2017 05:32:15 PM,2020-02-10 17:12:43,b9514ae5-79ae-4cc2-9d7f-c8f7806d1694-0555-0882-0,b9514ae5-79ae-4cc2-9d7f-c8f7806d1694,22,,C48336,CAPSULE,,1,,barr;882,,C48327;C48328,PURPLE;PINK,,HYDROXYUREA 500 mg;,HYDROXYUREA[HYDROXYUREA];,"ANHYDROUS CITRIC ACID;FERROSOFERRIC OXIDE;D&C RED NO. 28;D&C YELLOW NO. 10;SODIUM PHOSPHATE, DIBASIC, ANHYDROUS;FD&C BLUE NO. 1;FD&C BLUE NO. 1--ALUMINUM LAKE;FD&C BLUE NO. 2--ALUMINUM LAKE;FD&C RED NO. 40;GELATIN;LACTOSE MONOHYDRATE;MAGNESIUM STEARATE;PROPYLENE GLYCOL;FERRIC OXIDE RED;SHELLAC;SODIUM LAURYL SULFATE;TITANIUM DIOXIDE;",HRX,SCD,hydroxyurea 500 MG Oral Capsule,197797,2020-02-10 16:14:12,0555-0882,0,,5550882,555,882,HYDROXYUREA,active,20190930,56110b70-3541-42ef-a8a9-c1f59b6fcfb1.xml,,C25158,34391-3,,,LABELER,"Teva Pharmaceuticals USA, Inc.",C73584,NLM,TRUE,,16,,,TRUE,FALSE,FALSE,TRUE,TRUE
00555-0967-02_PART_1_OF_1_CHAL10_SB_58302C71.jpg,00555-0967-02,967,TRUE,FALSE,FALSE,fcn_mix_weight/dr_224/00555-0967-02_PART_1_OF_1_CHAL10_SB_58302C71.jpg,00555-0967-02_58302C71,15617,TRUE,10/17/2017 05:30:28 PM,10/17/2017 05:30:28 PM,e5073974-ff27-4620-8b4b-79729a957b11-0555-0967-0,e5073974-ff27-4620-8b4b-79729a957b11,10,,C48345,OVAL,,1,,b;967,,C48325,WHITE,,FLUVOXAMINE MALEATE 25 mg,FLUVOXAMINE MALEATE[FLUVOXAMINE],"STARCH, CORN / HYPROMELLOSE 2208 (15000 MPA.S) / MANNITOL / METHYLCELLULOSE (15 MPA.S) / POLYETHYLENE GLYCOLS / POLYSORBATE 80 / SILICON DIOXIDE / SODIUM STEARYL FUMARATE / TITANIUM DIOXIDE / FD&C BLUE NO. 2 / ALUMINUM OXIDE / FD&C RED NO. 40 / FD&C YELLOW NO. 6",HRX,,Fluvoxamine Maleate 25 MG Oral Tablet,903887,,0555-0967,0,,5550967,555,967,Fluvoxamine Maleate,active,20131003,1ec6a354-3f37-4794-b5e0-acbc1d5d3319.xml,,C42931,34391-3,,,LABELER,Barr Laboratories Inc.,C73584,NLM,TRUE,,8,,,FALSE,TRUE,FALSE,TRUE,TRUE
00555-0967-02_PART_1_OF_1_CHAL10_SF_58302C71.jpg,00555-0967-02,967,TRUE,TRUE,FALSE,fcn_mix_weight/dr_224/00555-0967-02_PART_1_OF_1_CHAL10_SF_58302C71.jpg,00555-0967-02_58302C71,15617,TRUE,10/17/2017 05:30:28 PM,10/17/2017 05:30:28 PM,e5073974-ff27-4620-8b4b-79729a957b11-0555-0967-0,e5073974-ff27-4620-8b4b-79729a957b11,10,,C48345,OVAL,,1,,b;967,,C48325,WHITE,,FLUVOXAMINE MALEATE 25 mg,FLUVOXAMINE MALEATE[FLUVOXAMINE],"STARCH, CORN / HYPROMELLOSE 2208 (15000 MPA.S) / MANNITOL / METHYLCELLULOSE (15 MPA.S) / POLYETHYLENE GLYCOLS / POLYSORBATE 80 / SILICON DIOXIDE / SODIUM STEARYL FUMARATE / TITANIUM DIOXIDE / FD&C BLUE NO. 2 / ALUMINUM OXIDE / FD&C RED NO. 40 / FD&C YELLOW NO. 6",HRX,,Fluvoxamine Maleate 25 MG Oral Tablet,903887,,0555-0967,0,,5550967,555,967,Fluvoxamine Maleate,active,20131003,1ec6a354-3f37-4794-b5e0-acbc1d5d3319.xml,,C42931,34391-3,,,LABELER,Barr Laboratories Inc.,C73584,NLM,TRUE,,8,,,FALSE,TRUE,FALSE,TRUE,TRUE
00555-0969-02_PART_1_OF_1_CHAL10_SB_0C300600.jpg,00555-0969-02,969,TRUE,FALSE,FALSE,fcn_mix_weight/dr_224/00555-0969-02_PART_1_OF_1_CHAL10_SB_0C300600.jpg,00555-0969-02_0C300600,10268,TRUE,10/17/2017 05:30:05 PM,10/17/2017 05:30:05 PM,e5073974-ff27-4620-8b4b-79729a957b11-0555-0969-0,e5073974-ff27-4620-8b4b-79729a957b11,15,,C48345,OVAL,,2,,b;969;100,,C48332,BROWN,,FLUVOXAMINE MALEATE 100 mg,FLUVOXAMINE MALEATE[FLUVOXAMINE],"STARCH, CORN / HYPROMELLOSE 2208 (15000 MPA.S) / MANNITOL / METHYLCELLULOSE (15 MPA.S) / POLYETHYLENE GLYCOLS / POLYSORBATE 80 / SILICON DIOXIDE / SODIUM STEARYL FUMARATE / TITANIUM DIOXIDE / FERROSOFERRIC OXIDE / FERRIC OXIDE RED / FERRIC OXIDE YELLOW",HRX,,Fluvoxamine Maleate 100 MG Oral Tablet,903884,,0555-0969,0,,5550969,555,969,Fluvoxamine Maleate,active,20131003,1ec6a354-3f37-4794-b5e0-acbc1d5d3319.xml,,C42931,34391-3,,,LABELER,Barr Laboratories Inc.,C73584,NLM,TRUE,,8,,,FALSE,TRUE,FALSE,TRUE,TRUE
00555-0969-02_PART_1_OF_1_CHAL10_SF_0C300600.jpg,00555-0969-02,969,TRUE,TRUE,FALSE,fcn_mix_weight/dr_224/00555-0969-02_PART_1_OF_1_CHAL10_SF_0C300600.jpg,00555-0969-02_0C300600,10268,TRUE,10/17/2017 05:30:05 PM,10/17/2017 05:30:05 PM,e5073974-ff27-4620-8b4b-79729a957b11-0555-0969-0,e5073974-ff27-4620-8b4b-79729a957b11,15,,C48345,OVAL,,2,,b;969;100,,C48332,BROWN,,FLUVOXAMINE MALEATE 100 mg,FLUVOXAMINE MALEATE[FLUVOXAMINE],"STARCH, CORN / HYPROMELLOSE 2208 (15000 MPA.S) / MANNITOL / METHYLCELLULOSE (15 MPA.S) / POLYETHYLENE GLYCOLS / POLYSORBATE 80 / SILICON DIOXIDE / SODIUM STEARYL FUMARATE / TITANIUM DIOXIDE / FERROSOFERRIC OXIDE / FERRIC OXIDE RED / FERRIC OXIDE YELLOW",HRX,,Fluvoxamine Maleate 100 MG Oral Tablet,903884,,0555-0969,0,,5550969,555,969,Fluvoxamine Maleate,active,20131003,1ec6a354-3f37-4794-b5e0-acbc1d5d3319.xml,,C42931,34391-3,,,LABELER,Barr Laboratories Inc.,C73584,NLM,TRUE,,8,,,FALSE,TRUE,FALSE,TRUE,TRUE
00555-0980-37_PART_1_OF_1_CHAL10_SB_96304B32.jpg,00555-0980-37,980,TRUE,FALSE,FALSE,fcn_mix_weight/dr_224/00555-0980-37_PART_1_OF_1_CHAL10_SB_96304B32.jpg,00555-0980-37_96304B32,15459,TRUE,10/17/2017 05:30:27 PM,10/17/2017 05:30:27 PM,69eb097e-61b7-45b0-a813-e022834473a0-0555-0980-0,69eb097e-61b7-45b0-a813-e022834473a0,25,,C48345,OVAL,,1,,b;980,,C48331,ORANGE,,NIMODIPINE 30 mg,NIMODIPINE[NIMODIPINE],GLYCERIN / MEDIUM-CHAIN TRIGLYCERIDES / GELATIN / PEPPERMINT OIL / POLYETHYLENE GLYCOL 400 / FD&C YELLOW NO. 6 / SORBITOL / TITANIUM DIOXIDE / AMMONIA / FERROSOFERRIC OXIDE / POLYVINYL ACETATE PHTHALATE / PROPYLENE GLYCOL,HRX,,Nimodipine 30 MG Oral Capsule,198037,,0555-0980,0,,5550980,555,980,Nimodipine,completed,20130415,94aea38d-1715-4811-9d5b-17366e49a27f.xml,,C42954,34391-3,,,LABELER,Barr Laboratories Inc.,C73584,NLM,TRUE,,5,,,FALSE,TRUE,FALSE,TRUE,TRUE
00555-0980-37_PART_1_OF_1_CHAL10_SF_96304B32.jpg,00555-0980-37,980,TRUE,TRUE,FALSE,fcn_mix_weight/dr_224/00555-0980-37_PART_1_OF_1_CHAL10_SF_96304B32.jpg,00555-0980-37_96304B32,15459,TRUE,10/17/2017 05:30:27 PM,10/17/2017 05:30:27 PM,69eb097e-61b7-45b0-a813-e022834473a0-0555-0980-0,69eb097e-61b7-45b0-a813-e022834473a0,25,,C48345,OVAL,,1,,b;980,,C48331,ORANGE,,NIMODIPINE 30 mg,NIMODIPINE[NIMODIPINE],GLYCERIN / MEDIUM-CHAIN TRIGLYCERIDES / GELATIN / PEPPERMINT OIL / POLYETHYLENE GLYCOL 400 / FD&C YELLOW NO. 6 / SORBITOL / TITANIUM DIOXIDE / AMMONIA / FERROSOFERRIC OXIDE / POLYVINYL ACETATE PHTHALATE / PROPYLENE GLYCOL,HRX,,Nimodipine 30 MG Oral Capsule,198037,,0555-0980,0,,5550980,555,980,Nimodipine,completed,20130415,94aea38d-1715-4811-9d5b-17366e49a27f.xml,,C42954,34391-3,,,LABELER,Barr Laboratories Inc.,C73584,NLM,TRUE,,5,,,FALSE,TRUE,FALSE,TRUE,TRUE
00555-0997-02_PART_1_OF_1_CHAL10_SB_BC2F5E6A.jpg,00555-0997-02,997,TRUE,FALSE,FALSE,fcn_mix_weight/dr_224/00555-0997-02_PART_1_OF_1_CHAL10_SB_BC2F5E6A.jpg,00555-0997-02_BC2F5E6A,38321,TRUE,10/17/2017 05:32:07 PM,2020-02-10 17:10:19,f5cffa20-9a22-43c5-9e89-3225852c2dfa-0555-0997-0,f5cffa20-9a22-43c5-9e89-3225852c2dfa,9,,C48345,OVAL,,2,,b;997;1;10,,C48330,YELLOW,,FLUDROCORTISONE ACETATE 0.1 mg;,FLUDROCORTISONE ACETATE[FLUDROCORTISONE];,"ANHYDROUS LACTOSE;STARCH, CORN;DIBASIC CALCIUM PHOSPHATE DIHYDRATE;D&C YELLOW NO. 10;MAGNESIUM STEARATE;SODIUM STARCH GLYCOLATE TYPE A POTATO;TALC;",HRX,SCD,fludrocortisone acetate 0.1 MG Oral Tablet,313979,2020-02-10 16:00:38,0555-0997,0,,5550997,555,997,Fludrocortisone Acetate,active,20160501,ac70a2fd-0c1b-4ecc-86df-9d996e98e672.xml,,C42998,34391-3,,,LABELER,"Teva Pharmaceuticals USA, Inc.",C73584,NLM,TRUE,,11,,,TRUE,FALSE,FALSE,TRUE,TRUE
00555-0997-02_PART_1_OF_1_CHAL10_SF_BC2F5E6A.jpg,00555-0997-02,997,TRUE,TRUE,FALSE,fcn_mix_weight/dr_224/00555-0997-02_PART_1_OF_1_CHAL10_SF_BC2F5E6A.jpg,00555-0997-02_BC2F5E6A,38321,TRUE,10/17/2017 05:32:07 PM,2020-02-10 17:10:19,f5cffa20-9a22-43c5-9e89-3225852c2dfa-0555-0997-0,f5cffa20-9a22-43c5-9e89-3225852c2dfa,9,,C48345,OVAL,,2,,b;997;1;10,,C48330,YELLOW,,FLUDROCORTISONE ACETATE 0.1 mg;,FLUDROCORTISONE ACETATE[FLUDROCORTISONE];,"ANHYDROUS LACTOSE;STARCH, CORN;DIBASIC CALCIUM PHOSPHATE DIHYDRATE;D&C YELLOW NO. 10;MAGNESIUM STEARATE;SODIUM STARCH GLYCOLATE TYPE A POTATO;TALC;",HRX,SCD,fludrocortisone acetate 0.1 MG Oral Tablet,313979,2020-02-10 16:00:38,0555-0997,0,,5550997,555,997,Fludrocortisone Acetate,active,20160501,ac70a2fd-0c1b-4ecc-86df-9d996e98e672.xml,,C42998,34391-3,,,LABELER,"Teva Pharmaceuticals USA, Inc.",C73584,NLM,TRUE,,11,,,TRUE,FALSE,FALSE,TRUE,TRUE
00555-9012-58_PART_1_OF_4_CHAL10_SB_762FBB3D.jpg,00555-9012-58,9012,TRUE,FALSE,FALSE,fcn_mix_weight/dr_224/00555-9012-58_PART_1_OF_4_CHAL10_SB_762FBB3D.jpg,00555-9012-58_762FBB3D,29432,TRUE,10/17/2017 05:31:27 PM,2020-02-10 17:08:31,992dcc56-90ab-4691-8114-16d47a8b9982-0555-9012-3,992dcc56-90ab-4691-8114-16d47a8b9982,6,,C48348,ROUND,,1,,b;943,,C48331,ORANGE,,NORETHINDRONE 1 mg;ETHINYL ESTRADIOL 0.035 mg;,NORETHINDRONE[NORETHINDRONE];ETHINYL ESTRADIOL[ETHINYL ESTRADIOL];,"FD&C YELLOW NO. 6;LACTOSE MONOHYDRATE;MAGNESIUM STEARATE;STARCH, CORN;",HRX,BPCK,{7 (ethinyl estradiol 0.035 MG / norethindrone 0.5 MG Oral Tablet) / 7 (ethinyl estradiol 0.035 MG / norethindrone 0.75 MG Oral Tablet) / 7 (ethinyl estradiol 0.035 MG / norethindrone 1 MG Oral Tablet) / 7 (inert ingredients 1 MG Oral Tablet) } Pack [Nortrel 7/7/7 28 Day],762007,2020-02-10 15:50:40,0555-9012,3,Nortrel 7/7/7,5559012,555,9012,Nortrel 7/7/7,active,20170801,37485cc5-b6ef-43fa-891b-91133cd9448e.xml,,C42998,34391-3,,,LABELER,"Teva Pharmaceuticals USA, Inc.",C73584,NLM,TRUE,,14,,,TRUE,FALSE,FALSE,TRUE,TRUE
00555-9012-58_PART_1_OF_4_CHAL10_SB_762FBB3D.jpg,00555-9012-58,9012,TRUE,FALSE,FALSE,fcn_mix_weight/dr_224/00555-9012-58_PART_1_OF_4_CHAL10_SB_762FBB3D.jpg,00555-9012-58_762FBB3D,21828,TRUE,10/17/2017 05:30:54 PM,2020-02-10 17:16:16,992dcc56-90ab-4691-8114-16d47a8b9982-0555-9012-1,992dcc56-90ab-4691-8114-16d47a8b9982,6,,C48348,ROUND,,1,,b;951,,C48330,YELLOW,,NORETHINDRONE 0.5 mg;ETHINYL ESTRADIOL 0.035 mg;,NORETHINDRONE[NORETHINDRONE];ETHINYL ESTRADIOL[ETHINYL ESTRADIOL];,"D&C YELLOW NO. 10;LACTOSE MONOHYDRATE;MAGNESIUM STEARATE;STARCH, CORN;",HRX,BPCK,{7 (ethinyl estradiol 0.035 MG / norethindrone 0.5 MG Oral Tablet) / 7 (ethinyl estradiol 0.035 MG / norethindrone 0.75 MG Oral Tablet) / 7 (ethinyl estradiol 0.035 MG / norethindrone 1 MG Oral Tablet) / 7 (inert ingredients 1 MG Oral Tablet) } Pack [Nortrel 7/7/7 28 Day],762007,2020-02-10 16:32:48,0555-9012,1,Nortrel 7/7/7,5559012,555,9012,Nortrel 7/7/7,active,20170801,37485cc5-b6ef-43fa-891b-91133cd9448e.xml,,C42998,34391-3,,,LABELER,"Teva Pharmaceuticals USA, Inc.",C73584,NLM,TRUE,,14,,,TRUE,FALSE,FALSE,TRUE,TRUE
00555-9012-58_PART_1_OF_4_CHAL10_SB_762FBB3D.jpg,00555-9012-58,9012,TRUE,FALSE,FALSE,fcn_mix_weight/dr_224/00555-9012-58_PART_1_OF_4_CHAL10_SB_762FBB3D.jpg,00555-9012-58_762FBB3D,2754,TRUE,10/17/2017 05:29:32 PM,2020-02-10 17:07:36,992dcc56-90ab-4691-8114-16d47a8b9982-0555-9012-2,992dcc56-90ab-4691-8114-16d47a8b9982,6,,C48348,ROUND,,1,,b;942,,C48333,BLUE,,NORETHINDRONE 0.75 mg;ETHINYL ESTRADIOL 0.035 mg;,NORETHINDRONE[NORETHINDRONE];ETHINYL ESTRADIOL[ETHINYL ESTRADIOL];,"FD&C BLUE NO. 1;LACTOSE MONOHYDRATE;MAGNESIUM STEARATE;STARCH, CORN;",HRX,BPCK,{7 (ethinyl estradiol 0.035 MG / norethindrone 0.5 MG Oral Tablet) / 7 (ethinyl estradiol 0.035 MG / norethindrone 0.75 MG Oral Tablet) / 7 (ethinyl estradiol 0.035 MG / norethindrone 1 MG Oral Tablet) / 7 (inert ingredients 1 MG Oral Tablet) } Pack [Nortrel 7/7/7 28 Day],762007,2020-02-10 15:45:20,0555-9012,2,Nortrel 7/7/7,5559012,555,9012,Nortrel 7/7/7,active,20170801,37485cc5-b6ef-43fa-891b-91133cd9448e.xml,,C42998,34391-3,,,LABELER,"Teva Pharmaceuticals USA, Inc.",C73584,NLM,TRUE,,14,,,TRUE,FALSE,FALSE,TRUE,TRUE
00555-9012-58_PART_1_OF_4_CHAL10_SB_762FBB3D.jpg,00555-9012-58,9012,TRUE,FALSE,FALSE,fcn_mix_weight/dr_224/00555-9012-58_PART_1_OF_4_CHAL10_SB_762FBB3D.jpg,00555-9012-58_762FBB3D,18784,TRUE,10/17/2017 05:30:41 PM,2020-02-10 17:14:20,992dcc56-90ab-4691-8114-16d47a8b9982-0555-9012-4,992dcc56-90ab-4691-8114-16d47a8b9982,6,,C48348,ROUND,,1,,b;944,,C48325,WHITE,,,,"LACTOSE MONOHYDRATE;MAGNESIUM STEARATE;STARCH, CORN;",HRX,BPCK,{7 (ethinyl estradiol 0.035 MG / norethindrone 0.5 MG Oral Tablet) / 7 (ethinyl estradiol 0.035 MG / norethindrone 0.75 MG Oral Tablet) / 7 (ethinyl estradiol 0.035 MG / norethindrone 1 MG Oral Tablet) / 7 (inert ingredients 1 MG Oral Tablet) } Pack [Nortrel 7/7/7 28 Day],762007,2020-02-10 16:22:49,0555-9012,4,Inert,5559012,555,9012,Nortrel 7/7/7,active,20170801,37485cc5-b6ef-43fa-891b-91133cd9448e.xml,,C42998,34391-3,,,LABELER,"Teva Pharmaceuticals USA, Inc.",C73584,NLM,TRUE,,14,,,TRUE,FALSE,FALSE,TRUE,TRUE
00555-9012-58_PART_1_OF_4_CHAL10_SF_762FBB3D.jpg,00555-9012-58,9012,TRUE,TRUE,FALSE,fcn_mix_weight/dr_224/00555-9012-58_PART_1_OF_4_CHAL10_SF_762FBB3D.jpg,00555-9012-58_762FBB3D,29432,TRUE,10/17/2017 05:31:27 PM,2020-02-10 17:08:31,992dcc56-90ab-4691-8114-16d47a8b9982-0555-9012-3,992dcc56-90ab-4691-8114-16d47a8b9982,6,,C48348,ROUND,,1,,b;943,,C48331,ORANGE,,NORETHINDRONE 1 mg;ETHINYL ESTRADIOL 0.035 mg;,NORETHINDRONE[NORETHINDRONE];ETHINYL ESTRADIOL[ETHINYL ESTRADIOL];,"FD&C YELLOW NO. 6;LACTOSE MONOHYDRATE;MAGNESIUM STEARATE;STARCH, CORN;",HRX,BPCK,{7 (ethinyl estradiol 0.035 MG / norethindrone 0.5 MG Oral Tablet) / 7 (ethinyl estradiol 0.035 MG / norethindrone 0.75 MG Oral Tablet) / 7 (ethinyl estradiol 0.035 MG / norethindrone 1 MG Oral Tablet) / 7 (inert ingredients 1 MG Oral Tablet) } Pack [Nortrel 7/7/7 28 Day],762007,2020-02-10 15:50:40,0555-9012,3,Nortrel 7/7/7,5559012,555,9012,Nortrel 7/7/7,active,20170801,37485cc5-b6ef-43fa-891b-91133cd9448e.xml,,C42998,34391-3,,,LABELER,"Teva Pharmaceuticals USA, Inc.",C73584,NLM,TRUE,,14,,,TRUE,FALSE,FALSE,TRUE,TRUE
00555-9012-58_PART_1_OF_4_CHAL10_SF_762FBB3D.jpg,00555-9012-58,9012,TRUE,TRUE,FALSE,fcn_mix_weight/dr_224/00555-9012-58_PART_1_OF_4_CHAL10_SF_762FBB3D.jpg,00555-9012-58_762FBB3D,21828,TRUE,10/17/2017 05:30:54 PM,2020-02-10 17:16:16,992dcc56-90ab-4691-8114-16d47a8b9982-0555-9012-1,992dcc56-90ab-4691-8114-16d47a8b9982,6,,C48348,ROUND,,1,,b;951,,C48330,YELLOW,,NORETHINDRONE 0.5 mg;ETHINYL ESTRADIOL 0.035 mg;,NORETHINDRONE[NORETHINDRONE];ETHINYL ESTRADIOL[ETHINYL ESTRADIOL];,"D&C YELLOW NO. 10;LACTOSE MONOHYDRATE;MAGNESIUM STEARATE;STARCH, CORN;",HRX,BPCK,{7 (ethinyl estradiol 0.035 MG / norethindrone 0.5 MG Oral Tablet) / 7 (ethinyl estradiol 0.035 MG / norethindrone 0.75 MG Oral Tablet) / 7 (ethinyl estradiol 0.035 MG / norethindrone 1 MG Oral Tablet) / 7 (inert ingredients 1 MG Oral Tablet) } Pack [Nortrel 7/7/7 28 Day],762007,2020-02-10 16:32:48,0555-9012,1,Nortrel 7/7/7,5559012,555,9012,Nortrel 7/7/7,active,20170801,37485cc5-b6ef-43fa-891b-91133cd9448e.xml,,C42998,34391-3,,,LABELER,"Teva Pharmaceuticals USA, Inc.",C73584,NLM,TRUE,,14,,,TRUE,FALSE,FALSE,TRUE,TRUE
00555-9012-58_PART_1_OF_4_CHAL10_SF_762FBB3D.jpg,00555-9012-58,9012,TRUE,TRUE,FALSE,fcn_mix_weight/dr_224/00555-9012-58_PART_1_OF_4_CHAL10_SF_762FBB3D.jpg,00555-9012-58_762FBB3D,2754,TRUE,10/17/2017 05:29:32 PM,2020-02-10 17:07:36,992dcc56-90ab-4691-8114-16d47a8b9982-0555-9012-2,992dcc56-90ab-4691-8114-16d47a8b9982,6,,C48348,ROUND,,1,,b;942,,C48333,BLUE,,NORETHINDRONE 0.75 mg;ETHINYL ESTRADIOL 0.035 mg;,NORETHINDRONE[NORETHINDRONE];ETHINYL ESTRADIOL[ETHINYL ESTRADIOL];,"FD&C BLUE NO. 1;LACTOSE MONOHYDRATE;MAGNESIUM STEARATE;STARCH, CORN;",HRX,BPCK,{7 (ethinyl estradiol 0.035 MG / norethindrone 0.5 MG Oral Tablet) / 7 (ethinyl estradiol 0.035 MG / norethindrone 0.75 MG Oral Tablet) / 7 (ethinyl estradiol 0.035 MG / norethindrone 1 MG Oral Tablet) / 7 (inert ingredients 1 MG Oral Tablet) } Pack [Nortrel 7/7/7 28 Day],762007,2020-02-10 15:45:20,0555-9012,2,Nortrel 7/7/7,5559012,555,9012,Nortrel 7/7/7,active,20170801,37485cc5-b6ef-43fa-891b-91133cd9448e.xml,,C42998,34391-3,,,LABELER,"Teva Pharmaceuticals USA, Inc.",C73584,NLM,TRUE,,14,,,TRUE,FALSE,FALSE,TRUE,TRUE
00555-9012-58_PART_1_OF_4_CHAL10_SF_762FBB3D.jpg,00555-9012-58,9012,TRUE,TRUE,FALSE,fcn_mix_weight/dr_224/00555-9012-58_PART_1_OF_4_CHAL10_SF_762FBB3D.jpg,00555-9012-58_762FBB3D,18784,TRUE,10/17/2017 05:30:41 PM,2020-02-10 17:14:20,992dcc56-90ab-4691-8114-16d47a8b9982-0555-9012-4,992dcc56-90ab-4691-8114-16d47a8b9982,6,,C48348,ROUND,,1,,b;944,,C48325,WHITE,,,,"LACTOSE MONOHYDRATE;MAGNESIUM STEARATE;STARCH, CORN;",HRX,BPCK,{7 (ethinyl estradiol 0.035 MG / norethindrone 0.5 MG Oral Tablet) / 7 (ethinyl estradiol 0.035 MG / norethindrone 0.75 MG Oral Tablet) / 7 (ethinyl estradiol 0.035 MG / norethindrone 1 MG Oral Tablet) / 7 (inert ingredients 1 MG Oral Tablet) } Pack [Nortrel 7/7/7 28 Day],762007,2020-02-10 16:22:49,0555-9012,4,Inert,5559012,555,9012,Nortrel 7/7/7,active,20170801,37485cc5-b6ef-43fa-891b-91133cd9448e.xml,,C42998,34391-3,,,LABELER,"Teva Pharmaceuticals USA, Inc.",C73584,NLM,TRUE,,14,,,TRUE,FALSE,FALSE,TRUE,TRUE
00555-9012-58_PART_2_OF_4_CHAL10_SB_7A2FBD4D.jpg,00555-9012-58,9012,TRUE,FALSE,FALSE,fcn_mix_weight/dr_224/00555-9012-58_PART_2_OF_4_CHAL10_SB_7A2FBD4D.jpg,00555-9012-58_7A2FBD4D,29432,TRUE,10/17/2017 05:31:27 PM,2020-02-10 17:08:31,992dcc56-90ab-4691-8114-16d47a8b9982-0555-9012-3,992dcc56-90ab-4691-8114-16d47a8b9982,6,,C48348,ROUND,,1,,b;943,,C48331,ORANGE,,NORETHINDRONE 1 mg;ETHINYL ESTRADIOL 0.035 mg;,NORETHINDRONE[NORETHINDRONE];ETHINYL ESTRADIOL[ETHINYL ESTRADIOL];,"FD&C YELLOW NO. 6;LACTOSE MONOHYDRATE;MAGNESIUM STEARATE;STARCH, CORN;",HRX,BPCK,{7 (ethinyl estradiol 0.035 MG / norethindrone 0.5 MG Oral Tablet) / 7 (ethinyl estradiol 0.035 MG / norethindrone 0.75 MG Oral Tablet) / 7 (ethinyl estradiol 0.035 MG / norethindrone 1 MG Oral Tablet) / 7 (inert ingredients 1 MG Oral Tablet) } Pack [Nortrel 7/7/7 28 Day],762007,2020-02-10 15:50:40,0555-9012,3,Nortrel 7/7/7,5559012,555,9012,Nortrel 7/7/7,active,20170801,37485cc5-b6ef-43fa-891b-91133cd9448e.xml,,C42998,34391-3,,,LABELER,"Teva Pharmaceuticals USA, Inc.",C73584,NLM,TRUE,,14,,,TRUE,FALSE,FALSE,TRUE,TRUE
00555-9012-58_PART_2_OF_4_CHAL10_SB_7A2FBD4D.jpg,00555-9012-58,9012,TRUE,FALSE,FALSE,fcn_mix_weight/dr_224/00555-9012-58_PART_2_OF_4_CHAL10_SB_7A2FBD4D.jpg,00555-9012-58_7A2FBD4D,21828,TRUE,10/17/2017 05:30:54 PM,2020-02-10 17:16:16,992dcc56-90ab-4691-8114-16d47a8b9982-0555-9012-1,992dcc56-90ab-4691-8114-16d47a8b9982,6,,C48348,ROUND,,1,,b;951,,C48330,YELLOW,,NORETHINDRONE 0.5 mg;ETHINYL ESTRADIOL 0.035 mg;,NORETHINDRONE[NORETHINDRONE];ETHINYL ESTRADIOL[ETHINYL ESTRADIOL];,"D&C YELLOW NO. 10;LACTOSE MONOHYDRATE;MAGNESIUM STEARATE;STARCH, CORN;",HRX,BPCK,{7 (ethinyl estradiol 0.035 MG / norethindrone 0.5 MG Oral Tablet) / 7 (ethinyl estradiol 0.035 MG / norethindrone 0.75 MG Oral Tablet) / 7 (ethinyl estradiol 0.035 MG / norethindrone 1 MG Oral Tablet) / 7 (inert ingredients 1 MG Oral Tablet) } Pack [Nortrel 7/7/7 28 Day],762007,2020-02-10 16:32:48,0555-9012,1,Nortrel 7/7/7,5559012,555,9012,Nortrel 7/7/7,active,20170801,37485cc5-b6ef-43fa-891b-91133cd9448e.xml,,C42998,34391-3,,,LABELER,"Teva Pharmaceuticals USA, Inc.",C73584,NLM,TRUE,,14,,,TRUE,FALSE,FALSE,TRUE,TRUE
00555-9012-58_PART_2_OF_4_CHAL10_SB_7A2FBD4D.jpg,00555-9012-58,9012,TRUE,FALSE,FALSE,fcn_mix_weight/dr_224/00555-9012-58_PART_2_OF_4_CHAL10_SB_7A2FBD4D.jpg,00555-9012-58_7A2FBD4D,2754,TRUE,10/17/2017 05:29:32 PM,2020-02-10 17:07:36,992dcc56-90ab-4691-8114-16d47a8b9982-0555-9012-2,992dcc56-90ab-4691-8114-16d47a8b9982,6,,C48348,ROUND,,1,,b;942,,C48333,BLUE,,NORETHINDRONE 0.75 mg;ETHINYL ESTRADIOL 0.035 mg;,NORETHINDRONE[NORETHINDRONE];ETHINYL ESTRADIOL[ETHINYL ESTRADIOL];,"FD&C BLUE NO. 1;LACTOSE MONOHYDRATE;MAGNESIUM STEARATE;STARCH, CORN;",HRX,BPCK,{7 (ethinyl estradiol 0.035 MG / norethindrone 0.5 MG Oral Tablet) / 7 (ethinyl estradiol 0.035 MG / norethindrone 0.75 MG Oral Tablet) / 7 (ethinyl estradiol 0.035 MG / norethindrone 1 MG Oral Tablet) / 7 (inert ingredients 1 MG Oral Tablet) } Pack [Nortrel 7/7/7 28 Day],762007,2020-02-10 15:45:20,0555-9012,2,Nortrel 7/7/7,5559012,555,9012,Nortrel 7/7/7,active,20170801,37485cc5-b6ef-43fa-891b-91133cd9448e.xml,,C42998,34391-3,,,LABELER,"Teva Pharmaceuticals USA, Inc.",C73584,NLM,TRUE,,14,,,TRUE,FALSE,FALSE,TRUE,TRUE
00555-9012-58_PART_2_OF_4_CHAL10_SB_7A2FBD4D.jpg,00555-9012-58,9012,TRUE,FALSE,FALSE,fcn_mix_weight/dr_224/00555-9012-58_PART_2_OF_4_CHAL10_SB_7A2FBD4D.jpg,00555-9012-58_7A2FBD4D,18784,TRUE,10/17/2017 05:30:41 PM,2020-02-10 17:14:20,992dcc56-90ab-4691-8114-16d47a8b9982-0555-9012-4,992dcc56-90ab-4691-8114-16d47a8b9982,6,,C48348,ROUND,,1,,b;944,,C48325,WHITE,,,,"LACTOSE MONOHYDRATE;MAGNESIUM STEARATE;STARCH, CORN;",HRX,BPCK,{7 (ethinyl estradiol 0.035 MG / norethindrone 0.5 MG Oral Tablet) / 7 (ethinyl estradiol 0.035 MG / norethindrone 0.75 MG Oral Tablet) / 7 (ethinyl estradiol 0.035 MG / norethindrone 1 MG Oral Tablet) / 7 (inert ingredients 1 MG Oral Tablet) } Pack [Nortrel 7/7/7 28 Day],762007,2020-02-10 16:22:49,0555-9012,4,Inert,5559012,555,9012,Nortrel 7/7/7,active,20170801,37485cc5-b6ef-43fa-891b-91133cd9448e.xml,,C42998,34391-3,,,LABELER,"Teva Pharmaceuticals USA, Inc.",C73584,NLM,TRUE,,14,,,TRUE,FALSE,FALSE,TRUE,TRUE
00555-9012-58_PART_2_OF_4_CHAL10_SF_7A2FBD4D.jpg,00555-9012-58,9012,TRUE,TRUE,FALSE,fcn_mix_weight/dr_224/00555-9012-58_PART_2_OF_4_CHAL10_SF_7A2FBD4D.jpg,00555-9012-58_7A2FBD4D,29432,TRUE,10/17/2017 05:31:27 PM,2020-02-10 17:08:31,992dcc56-90ab-4691-8114-16d47a8b9982-0555-9012-3,992dcc56-90ab-4691-8114-16d47a8b9982,6,,C48348,ROUND,,1,,b;943,,C48331,ORANGE,,NORETHINDRONE 1 mg;ETHINYL ESTRADIOL 0.035 mg;,NORETHINDRONE[NORETHINDRONE];ETHINYL ESTRADIOL[ETHINYL ESTRADIOL];,"FD&C YELLOW NO. 6;LACTOSE MONOHYDRATE;MAGNESIUM STEARATE;STARCH, CORN;",HRX,BPCK,{7 (ethinyl estradiol 0.035 MG / norethindrone 0.5 MG Oral Tablet) / 7 (ethinyl estradiol 0.035 MG / norethindrone 0.75 MG Oral Tablet) / 7 (ethinyl estradiol 0.035 MG / norethindrone 1 MG Oral Tablet) / 7 (inert ingredients 1 MG Oral Tablet) } Pack [Nortrel 7/7/7 28 Day],762007,2020-02-10 15:50:40,0555-9012,3,Nortrel 7/7/7,5559012,555,9012,Nortrel 7/7/7,active,20170801,37485cc5-b6ef-43fa-891b-91133cd9448e.xml,,C42998,34391-3,,,LABELER,"Teva Pharmaceuticals USA, Inc.",C73584,NLM,TRUE,,14,,,TRUE,FALSE,FALSE,TRUE,TRUE
00555-9012-58_PART_2_OF_4_CHAL10_SF_7A2FBD4D.jpg,00555-9012-58,9012,TRUE,TRUE,FALSE,fcn_mix_weight/dr_224/00555-9012-58_PART_2_OF_4_CHAL10_SF_7A2FBD4D.jpg,00555-9012-58_7A2FBD4D,21828,TRUE,10/17/2017 05:30:54 PM,2020-02-10 17:16:16,992dcc56-90ab-4691-8114-16d47a8b9982-0555-9012-1,992dcc56-90ab-4691-8114-16d47a8b9982,6,,C48348,ROUND,,1,,b;951,,C48330,YELLOW,,NORETHINDRONE 0.5 mg;ETHINYL ESTRADIOL 0.035 mg;,NORETHINDRONE[NORETHINDRONE];ETHINYL ESTRADIOL[ETHINYL ESTRADIOL];,"D&C YELLOW NO. 10;LACTOSE MONOHYDRATE;MAGNESIUM STEARATE;STARCH, CORN;",HRX,BPCK,{7 (ethinyl estradiol 0.035 MG / norethindrone 0.5 MG Oral Tablet) / 7 (ethinyl estradiol 0.035 MG / norethindrone 0.75 MG Oral Tablet) / 7 (ethinyl estradiol 0.035 MG / norethindrone 1 MG Oral Tablet) / 7 (inert ingredients 1 MG Oral Tablet) } Pack [Nortrel 7/7/7 28 Day],762007,2020-02-10 16:32:48,0555-9012,1,Nortrel 7/7/7,5559012,555,9012,Nortrel 7/7/7,active,20170801,37485cc5-b6ef-43fa-891b-91133cd9448e.xml,,C42998,34391-3,,,LABELER,"Teva Pharmaceuticals USA, Inc.",C73584,NLM,TRUE,,14,,,TRUE,FALSE,FALSE,TRUE,TRUE
00555-9012-58_PART_2_OF_4_CHAL10_SF_7A2FBD4D.jpg,00555-9012-58,9012,TRUE,TRUE,FALSE,fcn_mix_weight/dr_224/00555-9012-58_PART_2_OF_4_CHAL10_SF_7A2FBD4D.jpg,00555-9012-58_7A2FBD4D,2754,TRUE,10/17/2017 05:29:32 PM,2020-02-10 17:07:36,992dcc56-90ab-4691-8114-16d47a8b9982-0555-9012-2,992dcc56-90ab-4691-8114-16d47a8b9982,6,,C48348,ROUND,,1,,b;942,,C48333,BLUE,,NORETHINDRONE 0.75 mg;ETHINYL ESTRADIOL 0.035 mg;,NORETHINDRONE[NORETHINDRONE];ETHINYL ESTRADIOL[ETHINYL ESTRADIOL];,"FD&C BLUE NO. 1;LACTOSE MONOHYDRATE;MAGNESIUM STEARATE;STARCH, CORN;",HRX,BPCK,{7 (ethinyl estradiol 0.035 MG / norethindrone 0.5 MG Oral Tablet) / 7 (ethinyl estradiol 0.035 MG / norethindrone 0.75 MG Oral Tablet) / 7 (ethinyl estradiol 0.035 MG / norethindrone 1 MG Oral Tablet) / 7 (inert ingredients 1 MG Oral Tablet) } Pack [Nortrel 7/7/7 28 Day],762007,2020-02-10 15:45:20,0555-9012,2,Nortrel 7/7/7,5559012,555,9012,Nortrel 7/7/7,active,20170801,37485cc5-b6ef-43fa-891b-91133cd9448e.xml,,C42998,34391-3,,,LABELER,"Teva Pharmaceuticals USA, Inc.",C73584,NLM,TRUE,,14,,,TRUE,FALSE,FALSE,TRUE,TRUE
00555-9012-58_PART_2_OF_4_CHAL10_SF_7A2FBD4D.jpg,00555-9012-58,9012,TRUE,TRUE,FALSE,fcn_mix_weight/dr_224/00555-9012-58_PART_2_OF_4_CHAL10_SF_7A2FBD4D.jpg,00555-9012-58_7A2FBD4D,18784,TRUE,10/17/2017 05:30:41 PM,2020-02-10 17:14:20,992dcc56-90ab-4691-8114-16d47a8b9982-0555-9012-4,992dcc56-90ab-4691-8114-16d47a8b9982,6,,C48348,ROUND,,1,,b;944,,C48325,WHITE,,,,"LACTOSE MONOHYDRATE;MAGNESIUM STEARATE;STARCH, CORN;",HRX,BPCK,{7 (ethinyl estradiol 0.035 MG / norethindrone 0.5 MG Oral Tablet) / 7 (ethinyl estradiol 0.035 MG / norethindrone 0.75 MG Oral Tablet) / 7 (ethinyl estradiol 0.035 MG / norethindrone 1 MG Oral Tablet) / 7 (inert ingredients 1 MG Oral Tablet) } Pack [Nortrel 7/7/7 28 Day],762007,2020-02-10 16:22:49,0555-9012,4,Inert,5559012,555,9012,Nortrel 7/7/7,active,20170801,37485cc5-b6ef-43fa-891b-91133cd9448e.xml,,C42998,34391-3,,,LABELER,"Teva Pharmaceuticals USA, Inc.",C73584,NLM,TRUE,,14,,,TRUE,FALSE,FALSE,TRUE,TRUE
00555-9012-58_PART_3_OF_4_CHAL10_SB_7F2FBFBD.jpg,00555-9012-58,9012,TRUE,FALSE,FALSE,fcn_mix_weight/dr_224/00555-9012-58_PART_3_OF_4_CHAL10_SB_7F2FBFBD.jpg,00555-9012-58_7F2FBFBD,29432,TRUE,10/17/2017 05:31:27 PM,2020-02-10 17:08:31,992dcc56-90ab-4691-8114-16d47a8b9982-0555-9012-3,992dcc56-90ab-4691-8114-16d47a8b9982,6,,C48348,ROUND,,1,,b;943,,C48331,ORANGE,,NORETHINDRONE 1 mg;ETHINYL ESTRADIOL 0.035 mg;,NORETHINDRONE[NORETHINDRONE];ETHINYL ESTRADIOL[ETHINYL ESTRADIOL];,"FD&C YELLOW NO. 6;LACTOSE MONOHYDRATE;MAGNESIUM STEARATE;STARCH, CORN;",HRX,BPCK,{7 (ethinyl estradiol 0.035 MG / norethindrone 0.5 MG Oral Tablet) / 7 (ethinyl estradiol 0.035 MG / norethindrone 0.75 MG Oral Tablet) / 7 (ethinyl estradiol 0.035 MG / norethindrone 1 MG Oral Tablet) / 7 (inert ingredients 1 MG Oral Tablet) } Pack [Nortrel 7/7/7 28 Day],762007,2020-02-10 15:50:40,0555-9012,3,Nortrel 7/7/7,5559012,555,9012,Nortrel 7/7/7,active,20170801,37485cc5-b6ef-43fa-891b-91133cd9448e.xml,,C42998,34391-3,,,LABELER,"Teva Pharmaceuticals USA, Inc.",C73584,NLM,TRUE,,14,,,TRUE,FALSE,FALSE,TRUE,TRUE
00555-9012-58_PART_3_OF_4_CHAL10_SB_7F2FBFBD.jpg,00555-9012-58,9012,TRUE,FALSE,FALSE,fcn_mix_weight/dr_224/00555-9012-58_PART_3_OF_4_CHAL10_SB_7F2FBFBD.jpg,00555-9012-58_7F2FBFBD,21828,TRUE,10/17/2017 05:30:54 PM,2020-02-10 17:16:16,992dcc56-90ab-4691-8114-16d47a8b9982-0555-9012-1,992dcc56-90ab-4691-8114-16d47a8b9982,6,,C48348,ROUND,,1,,b;951,,C48330,YELLOW,,NORETHINDRONE 0.5 mg;ETHINYL ESTRADIOL 0.035 mg;,NORETHINDRONE[NORETHINDRONE];ETHINYL ESTRADIOL[ETHINYL ESTRADIOL];,"D&C YELLOW NO. 10;LACTOSE MONOHYDRATE;MAGNESIUM STEARATE;STARCH, CORN;",HRX,BPCK,{7 (ethinyl estradiol 0.035 MG / norethindrone 0.5 MG Oral Tablet) / 7 (ethinyl estradiol 0.035 MG / norethindrone 0.75 MG Oral Tablet) / 7 (ethinyl estradiol 0.035 MG / norethindrone 1 MG Oral Tablet) / 7 (inert ingredients 1 MG Oral Tablet) } Pack [Nortrel 7/7/7 28 Day],762007,2020-02-10 16:32:48,0555-9012,1,Nortrel 7/7/7,5559012,555,9012,Nortrel 7/7/7,active,20170801,37485cc5-b6ef-43fa-891b-91133cd9448e.xml,,C42998,34391-3,,,LABELER,"Teva Pharmaceuticals USA, Inc.",C73584,NLM,TRUE,,14,,,TRUE,FALSE,FALSE,TRUE,TRUE
00555-9012-58_PART_3_OF_4_CHAL10_SB_7F2FBFBD.jpg,00555-9012-58,9012,TRUE,FALSE,FALSE,fcn_mix_weight/dr_224/00555-9012-58_PART_3_OF_4_CHAL10_SB_7F2FBFBD.jpg,00555-9012-58_7F2FBFBD,2754,TRUE,10/17/2017 05:29:32 PM,2020-02-10 17:07:36,992dcc56-90ab-4691-8114-16d47a8b9982-0555-9012-2,992dcc56-90ab-4691-8114-16d47a8b9982,6,,C48348,ROUND,,1,,b;942,,C48333,BLUE,,NORETHINDRONE 0.75 mg;ETHINYL ESTRADIOL 0.035 mg;,NORETHINDRONE[NORETHINDRONE];ETHINYL ESTRADIOL[ETHINYL ESTRADIOL];,"FD&C BLUE NO. 1;LACTOSE MONOHYDRATE;MAGNESIUM STEARATE;STARCH, CORN;",HRX,BPCK,{7 (ethinyl estradiol 0.035 MG / norethindrone 0.5 MG Oral Tablet) / 7 (ethinyl estradiol 0.035 MG / norethindrone 0.75 MG Oral Tablet) / 7 (ethinyl estradiol 0.035 MG / norethindrone 1 MG Oral Tablet) / 7 (inert ingredients 1 MG Oral Tablet) } Pack [Nortrel 7/7/7 28 Day],762007,2020-02-10 15:45:20,0555-9012,2,Nortrel 7/7/7,5559012,555,9012,Nortrel 7/7/7,active,20170801,37485cc5-b6ef-43fa-891b-91133cd9448e.xml,,C42998,34391-3,,,LABELER,"Teva Pharmaceuticals USA, Inc.",C73584,NLM,TRUE,,14,,,TRUE,FALSE,FALSE,TRUE,TRUE
00555-9012-58_PART_3_OF_4_CHAL10_SB_7F2FBFBD.jpg,00555-9012-58,9012,TRUE,FALSE,FALSE,fcn_mix_weight/dr_224/00555-9012-58_PART_3_OF_4_CHAL10_SB_7F2FBFBD.jpg,00555-9012-58_7F2FBFBD,18784,TRUE,10/17/2017 05:30:41 PM,2020-02-10 17:14:20,992dcc56-90ab-4691-8114-16d47a8b9982-0555-9012-4,992dcc56-90ab-4691-8114-16d47a8b9982,6,,C48348,ROUND,,1,,b;944,,C48325,WHITE,,,,"LACTOSE MONOHYDRATE;MAGNESIUM STEARATE;STARCH, CORN;",HRX,BPCK,{7 (ethinyl estradiol 0.035 MG / norethindrone 0.5 MG Oral Tablet) / 7 (ethinyl estradiol 0.035 MG / norethindrone 0.75 MG Oral Tablet) / 7 (ethinyl estradiol 0.035 MG / norethindrone 1 MG Oral Tablet) / 7 (inert ingredients 1 MG Oral Tablet) } Pack [Nortrel 7/7/7 28 Day],762007,2020-02-10 16:22:49,0555-9012,4,Inert,5559012,555,9012,Nortrel 7/7/7,active,20170801,37485cc5-b6ef-43fa-891b-91133cd9448e.xml,,C42998,34391-3,,,LABELER,"Teva Pharmaceuticals USA, Inc.",C73584,NLM,TRUE,,14,,,TRUE,FALSE,FALSE,TRUE,TRUE
00555-9012-58_PART_3_OF_4_CHAL10_SF_7F2FBFBD.jpg,00555-9012-58,9012,TRUE,TRUE,FALSE,fcn_mix_weight/dr_224/00555-9012-58_PART_3_OF_4_CHAL10_SF_7F2FBFBD.jpg,00555-9012-58_7F2FBFBD,29432,TRUE,10/17/2017 05:31:27 PM,2020-02-10 17:08:31,992dcc56-90ab-4691-8114-16d47a8b9982-0555-9012-3,992dcc56-90ab-4691-8114-16d47a8b9982,6,,C48348,ROUND,,1,,b;943,,C48331,ORANGE,,NORETHINDRONE 1 mg;ETHINYL ESTRADIOL 0.035 mg;,NORETHINDRONE[NORETHINDRONE];ETHINYL ESTRADIOL[ETHINYL ESTRADIOL];,"FD&C YELLOW NO. 6;LACTOSE MONOHYDRATE;MAGNESIUM STEARATE;STARCH, CORN;",HRX,BPCK,{7 (ethinyl estradiol 0.035 MG / norethindrone 0.5 MG Oral Tablet) / 7 (ethinyl estradiol 0.035 MG / norethindrone 0.75 MG Oral Tablet) / 7 (ethinyl estradiol 0.035 MG / norethindrone 1 MG Oral Tablet) / 7 (inert ingredients 1 MG Oral Tablet) } Pack [Nortrel 7/7/7 28 Day],762007,2020-02-10 15:50:40,0555-9012,3,Nortrel 7/7/7,5559012,555,9012,Nortrel 7/7/7,active,20170801,37485cc5-b6ef-43fa-891b-91133cd9448e.xml,,C42998,34391-3,,,LABELER,"Teva Pharmaceuticals USA, Inc.",C73584,NLM,TRUE,,14,,,TRUE,FALSE,FALSE,TRUE,TRUE
00555-9012-58_PART_3_OF_4_CHAL10_SF_7F2FBFBD.jpg,00555-9012-58,9012,TRUE,TRUE,FALSE,fcn_mix_weight/dr_224/00555-9012-58_PART_3_OF_4_CHAL10_SF_7F2FBFBD.jpg,00555-9012-58_7F2FBFBD,21828,TRUE,10/17/2017 05:30:54 PM,2020-02-10 17:16:16,992dcc56-90ab-4691-8114-16d47a8b9982-0555-9012-1,992dcc56-90ab-4691-8114-16d47a8b9982,6,,C48348,ROUND,,1,,b;951,,C48330,YELLOW,,NORETHINDRONE 0.5 mg;ETHINYL ESTRADIOL 0.035 mg;,NORETHINDRONE[NORETHINDRONE];ETHINYL ESTRADIOL[ETHINYL ESTRADIOL];,"D&C YELLOW NO. 10;LACTOSE MONOHYDRATE;MAGNESIUM STEARATE;STARCH, CORN;",HRX,BPCK,{7 (ethinyl estradiol 0.035 MG / norethindrone 0.5 MG Oral Tablet) / 7 (ethinyl estradiol 0.035 MG / norethindrone 0.75 MG Oral Tablet) / 7 (ethinyl estradiol 0.035 MG / norethindrone 1 MG Oral Tablet) / 7 (inert ingredients 1 MG Oral Tablet) } Pack [Nortrel 7/7/7 28 Day],762007,2020-02-10 16:32:48,0555-9012,1,Nortrel 7/7/7,5559012,555,9012,Nortrel 7/7/7,active,20170801,37485cc5-b6ef-43fa-891b-91133cd9448e.xml,,C42998,34391-3,,,LABELER,"Teva Pharmaceuticals USA, Inc.",C73584,NLM,TRUE,,14,,,TRUE,FALSE,FALSE,TRUE,TRUE
00555-9012-58_PART_3_OF_4_CHAL10_SF_7F2FBFBD.jpg,00555-9012-58,9012,TRUE,TRUE,FALSE,fcn_mix_weight/dr_224/00555-9012-58_PART_3_OF_4_CHAL10_SF_7F2FBFBD.jpg,00555-9012-58_7F2FBFBD,2754,TRUE,10/17/2017 05:29:32 PM,2020-02-10 17:07:36,992dcc56-90ab-4691-8114-16d47a8b9982-0555-9012-2,992dcc56-90ab-4691-8114-16d47a8b9982,6,,C48348,ROUND,,1,,b;942,,C48333,BLUE,,NORETHINDRONE 0.75 mg;ETHINYL ESTRADIOL 0.035 mg;,NORETHINDRONE[NORETHINDRONE];ETHINYL ESTRADIOL[ETHINYL ESTRADIOL];,"FD&C BLUE NO. 1;LACTOSE MONOHYDRATE;MAGNESIUM STEARATE;STARCH, CORN;",HRX,BPCK,{7 (ethinyl estradiol 0.035 MG / norethindrone 0.5 MG Oral Tablet) / 7 (ethinyl estradiol 0.035 MG / norethindrone 0.75 MG Oral Tablet) / 7 (ethinyl estradiol 0.035 MG / norethindrone 1 MG Oral Tablet) / 7 (inert ingredients 1 MG Oral Tablet) } Pack [Nortrel 7/7/7 28 Day],762007,2020-02-10 15:45:20,0555-9012,2,Nortrel 7/7/7,5559012,555,9012,Nortrel 7/7/7,active,20170801,37485cc5-b6ef-43fa-891b-91133cd9448e.xml,,C42998,34391-3,,,LABELER,"Teva Pharmaceuticals USA, Inc.",C73584,NLM,TRUE,,14,,,TRUE,FALSE,FALSE,TRUE,TRUE
00555-9012-58_PART_3_OF_4_CHAL10_SF_7F2FBFBD.jpg,00555-9012-58,9012,TRUE,TRUE,FALSE,fcn_mix_weight/dr_224/00555-9012-58_PART_3_OF_4_CHAL10_SF_7F2FBFBD.jpg,00555-9012-58_7F2FBFBD,18784,TRUE,10/17/2017 05:30:41 PM,2020-02-10 17:14:20,992dcc56-90ab-4691-8114-16d47a8b9982-0555-9012-4,992dcc56-90ab-4691-8114-16d47a8b9982,6,,C48348,ROUND,,1,,b;944,,C48325,WHITE,,,,"LACTOSE MONOHYDRATE;MAGNESIUM STEARATE;STARCH, CORN;",HRX,BPCK,{7 (ethinyl estradiol 0.035 MG / norethindrone 0.5 MG Oral Tablet) / 7 (ethinyl estradiol 0.035 MG / norethindrone 0.75 MG Oral Tablet) / 7 (ethinyl estradiol 0.035 MG / norethindrone 1 MG Oral Tablet) / 7 (inert ingredients 1 MG Oral Tablet) } Pack [Nortrel 7/7/7 28 Day],762007,2020-02-10 16:22:49,0555-9012,4,Inert,5559012,555,9012,Nortrel 7/7/7,active,20170801,37485cc5-b6ef-43fa-891b-91133cd9448e.xml,,C42998,34391-3,,,LABELER,"Teva Pharmaceuticals USA, Inc.",C73584,NLM,TRUE,,14,,,TRUE,FALSE,FALSE,TRUE,TRUE
00555-9012-58_PART_4_OF_4_CHAL10_SB_832FC1CE.jpg,00555-9012-58,9012,TRUE,FALSE,FALSE,fcn_mix_weight/dr_224/00555-9012-58_PART_4_OF_4_CHAL10_SB_832FC1CE.jpg,00555-9012-58_832FC1CE,29432,TRUE,10/17/2017 05:31:27 PM,2020-02-10 17:08:31,992dcc56-90ab-4691-8114-16d47a8b9982-0555-9012-3,992dcc56-90ab-4691-8114-16d47a8b9982,6,,C48348,ROUND,,1,,b;943,,C48331,ORANGE,,NORETHINDRONE 1 mg;ETHINYL ESTRADIOL 0.035 mg;,NORETHINDRONE[NORETHINDRONE];ETHINYL ESTRADIOL[ETHINYL ESTRADIOL];,"FD&C YELLOW NO. 6;LACTOSE MONOHYDRATE;MAGNESIUM STEARATE;STARCH, CORN;",HRX,BPCK,{7 (ethinyl estradiol 0.035 MG / norethindrone 0.5 MG Oral Tablet) / 7 (ethinyl estradiol 0.035 MG / norethindrone 0.75 MG Oral Tablet) / 7 (ethinyl estradiol 0.035 MG / norethindrone 1 MG Oral Tablet) / 7 (inert ingredients 1 MG Oral Tablet) } Pack [Nortrel 7/7/7 28 Day],762007,2020-02-10 15:50:40,0555-9012,3,Nortrel 7/7/7,5559012,555,9012,Nortrel 7/7/7,active,20170801,37485cc5-b6ef-43fa-891b-91133cd9448e.xml,,C42998,34391-3,,,LABELER,"Teva Pharmaceuticals USA, Inc.",C73584,NLM,TRUE,,14,,,TRUE,FALSE,FALSE,TRUE,TRUE
00555-9012-58_PART_4_OF_4_CHAL10_SB_832FC1CE.jpg,00555-9012-58,9012,TRUE,FALSE,FALSE,fcn_mix_weight/dr_224/00555-9012-58_PART_4_OF_4_CHAL10_SB_832FC1CE.jpg,00555-9012-58_832FC1CE,21828,TRUE,10/17/2017 05:30:54 PM,2020-02-10 17:16:16,992dcc56-90ab-4691-8114-16d47a8b9982-0555-9012-1,992dcc56-90ab-4691-8114-16d47a8b9982,6,,C48348,ROUND,,1,,b;951,,C48330,YELLOW,,NORETHINDRONE 0.5 mg;ETHINYL ESTRADIOL 0.035 mg;,NORETHINDRONE[NORETHINDRONE];ETHINYL ESTRADIOL[ETHINYL ESTRADIOL];,"D&C YELLOW NO. 10;LACTOSE MONOHYDRATE;MAGNESIUM STEARATE;STARCH, CORN;",HRX,BPCK,{7 (ethinyl estradiol 0.035 MG / norethindrone 0.5 MG Oral Tablet) / 7 (ethinyl estradiol 0.035 MG / norethindrone 0.75 MG Oral Tablet) / 7 (ethinyl estradiol 0.035 MG / norethindrone 1 MG Oral Tablet) / 7 (inert ingredients 1 MG Oral Tablet) } Pack [Nortrel 7/7/7 28 Day],762007,2020-02-10 16:32:48,0555-9012,1,Nortrel 7/7/7,5559012,555,9012,Nortrel 7/7/7,active,20170801,37485cc5-b6ef-43fa-891b-91133cd9448e.xml,,C42998,34391-3,,,LABELER,"Teva Pharmaceuticals USA, Inc.",C73584,NLM,TRUE,,14,,,TRUE,FALSE,FALSE,TRUE,TRUE
00555-9012-58_PART_4_OF_4_CHAL10_SB_832FC1CE.jpg,00555-9012-58,9012,TRUE,FALSE,FALSE,fcn_mix_weight/dr_224/00555-9012-58_PART_4_OF_4_CHAL10_SB_832FC1CE.jpg,00555-9012-58_832FC1CE,2754,TRUE,10/17/2017 05:29:32 PM,2020-02-10 17:07:36,992dcc56-90ab-4691-8114-16d47a8b9982-0555-9012-2,992dcc56-90ab-4691-8114-16d47a8b9982,6,,C48348,ROUND,,1,,b;942,,C48333,BLUE,,NORETHINDRONE 0.75 mg;ETHINYL ESTRADIOL 0.035 mg;,NORETHINDRONE[NORETHINDRONE];ETHINYL ESTRADIOL[ETHINYL ESTRADIOL];,"FD&C BLUE NO. 1;LACTOSE MONOHYDRATE;MAGNESIUM STEARATE;STARCH, CORN;",HRX,BPCK,{7 (ethinyl estradiol 0.035 MG / norethindrone 0.5 MG Oral Tablet) / 7 (ethinyl estradiol 0.035 MG / norethindrone 0.75 MG Oral Tablet) / 7 (ethinyl estradiol 0.035 MG / norethindrone 1 MG Oral Tablet) / 7 (inert ingredients 1 MG Oral Tablet) } Pack [Nortrel 7/7/7 28 Day],762007,2020-02-10 15:45:20,0555-9012,2,Nortrel 7/7/7,5559012,555,9012,Nortrel 7/7/7,active,20170801,37485cc5-b6ef-43fa-891b-91133cd9448e.xml,,C42998,34391-3,,,LABELER,"Teva Pharmaceuticals USA, Inc.",C73584,NLM,TRUE,,14,,,TRUE,FALSE,FALSE,TRUE,TRUE
00555-9012-58_PART_4_OF_4_CHAL10_SB_832FC1CE.jpg,00555-9012-58,9012,TRUE,FALSE,FALSE,fcn_mix_weight/dr_224/00555-9012-58_PART_4_OF_4_CHAL10_SB_832FC1CE.jpg,00555-9012-58_832FC1CE,18784,TRUE,10/17/2017 05:30:41 PM,2020-02-10 17:14:20,992dcc56-90ab-4691-8114-16d47a8b9982-0555-9012-4,992dcc56-90ab-4691-8114-16d47a8b9982,6,,C48348,ROUND,,1,,b;944,,C48325,WHITE,,,,"LACTOSE MONOHYDRATE;MAGNESIUM STEARATE;STARCH, CORN;",HRX,BPCK,{7 (ethinyl estradiol 0.035 MG / norethindrone 0.5 MG Oral Tablet) / 7 (ethinyl estradiol 0.035 MG / norethindrone 0.75 MG Oral Tablet) / 7 (ethinyl estradiol 0.035 MG / norethindrone 1 MG Oral Tablet) / 7 (inert ingredients 1 MG Oral Tablet) } Pack [Nortrel 7/7/7 28 Day],762007,2020-02-10 16:22:49,0555-9012,4,Inert,5559012,555,9012,Nortrel 7/7/7,active,20170801,37485cc5-b6ef-43fa-891b-91133cd9448e.xml,,C42998,34391-3,,,LABELER,"Teva Pharmaceuticals USA, Inc.",C73584,NLM,TRUE,,14,,,TRUE,FALSE,FALSE,TRUE,TRUE
00555-9012-58_PART_4_OF_4_CHAL10_SF_832FC1CE.jpg,00555-9012-58,9012,TRUE,TRUE,FALSE,fcn_mix_weight/dr_224/00555-9012-58_PART_4_OF_4_CHAL10_SF_832FC1CE.jpg,00555-9012-58_832FC1CE,29432,TRUE,10/17/2017 05:31:27 PM,2020-02-10 17:08:31,992dcc56-90ab-4691-8114-16d47a8b9982-0555-9012-3,992dcc56-90ab-4691-8114-16d47a8b9982,6,,C48348,ROUND,,1,,b;943,,C48331,ORANGE,,NORETHINDRONE 1 mg;ETHINYL ESTRADIOL 0.035 mg;,NORETHINDRONE[NORETHINDRONE];ETHINYL ESTRADIOL[ETHINYL ESTRADIOL];,"FD&C YELLOW NO. 6;LACTOSE MONOHYDRATE;MAGNESIUM STEARATE;STARCH, CORN;",HRX,BPCK,{7 (ethinyl estradiol 0.035 MG / norethindrone 0.5 MG Oral Tablet) / 7 (ethinyl estradiol 0.035 MG / norethindrone 0.75 MG Oral Tablet) / 7 (ethinyl estradiol 0.035 MG / norethindrone 1 MG Oral Tablet) / 7 (inert ingredients 1 MG Oral Tablet) } Pack [Nortrel 7/7/7 28 Day],762007,2020-02-10 15:50:40,0555-9012,3,Nortrel 7/7/7,5559012,555,9012,Nortrel 7/7/7,active,20170801,37485cc5-b6ef-43fa-891b-91133cd9448e.xml,,C42998,34391-3,,,LABELER,"Teva Pharmaceuticals USA, Inc.",C73584,NLM,TRUE,,14,,,TRUE,FALSE,FALSE,TRUE,TRUE
00555-9012-58_PART_4_OF_4_CHAL10_SF_832FC1CE.jpg,00555-9012-58,9012,TRUE,TRUE,FALSE,fcn_mix_weight/dr_224/00555-9012-58_PART_4_OF_4_CHAL10_SF_832FC1CE.jpg,00555-9012-58_832FC1CE,21828,TRUE,10/17/2017 05:30:54 PM,2020-02-10 17:16:16,992dcc56-90ab-4691-8114-16d47a8b9982-0555-9012-1,992dcc56-90ab-4691-8114-16d47a8b9982,6,,C48348,ROUND,,1,,b;951,,C48330,YELLOW,,NORETHINDRONE 0.5 mg;ETHINYL ESTRADIOL 0.035 mg;,NORETHINDRONE[NORETHINDRONE];ETHINYL ESTRADIOL[ETHINYL ESTRADIOL];,"D&C YELLOW NO. 10;LACTOSE MONOHYDRATE;MAGNESIUM STEARATE;STARCH, CORN;",HRX,BPCK,{7 (ethinyl estradiol 0.035 MG / norethindrone 0.5 MG Oral Tablet) / 7 (ethinyl estradiol 0.035 MG / norethindrone 0.75 MG Oral Tablet) / 7 (ethinyl estradiol 0.035 MG / norethindrone 1 MG Oral Tablet) / 7 (inert ingredients 1 MG Oral Tablet) } Pack [Nortrel 7/7/7 28 Day],762007,2020-02-10 16:32:48,0555-9012,1,Nortrel 7/7/7,5559012,555,9012,Nortrel 7/7/7,active,20170801,37485cc5-b6ef-43fa-891b-91133cd9448e.xml,,C42998,34391-3,,,LABELER,"Teva Pharmaceuticals USA, Inc.",C73584,NLM,TRUE,,14,,,TRUE,FALSE,FALSE,TRUE,TRUE
00555-9012-58_PART_4_OF_4_CHAL10_SF_832FC1CE.jpg,00555-9012-58,9012,TRUE,TRUE,FALSE,fcn_mix_weight/dr_224/00555-9012-58_PART_4_OF_4_CHAL10_SF_832FC1CE.jpg,00555-9012-58_832FC1CE,2754,TRUE,10/17/2017 05:29:32 PM,2020-02-10 17:07:36,992dcc56-90ab-4691-8114-16d47a8b9982-0555-9012-2,992dcc56-90ab-4691-8114-16d47a8b9982,6,,C48348,ROUND,,1,,b;942,,C48333,BLUE,,NORETHINDRONE 0.75 mg;ETHINYL ESTRADIOL 0.035 mg;,NORETHINDRONE[NORETHINDRONE];ETHINYL ESTRADIOL[ETHINYL ESTRADIOL];,"FD&C BLUE NO. 1;LACTOSE MONOHYDRATE;MAGNESIUM STEARATE;STARCH, CORN;",HRX,BPCK,{7 (ethinyl estradiol 0.035 MG / norethindrone 0.5 MG Oral Tablet) / 7 (ethinyl estradiol 0.035 MG / norethindrone 0.75 MG Oral Tablet) / 7 (ethinyl estradiol 0.035 MG / norethindrone 1 MG Oral Tablet) / 7 (inert ingredients 1 MG Oral Tablet) } Pack [Nortrel 7/7/7 28 Day],762007,2020-02-10 15:45:20,0555-9012,2,Nortrel 7/7/7,5559012,555,9012,Nortrel 7/7/7,active,20170801,37485cc5-b6ef-43fa-891b-91133cd9448e.xml,,C42998,34391-3,,,LABELER,"Teva Pharmaceuticals USA, Inc.",C73584,NLM,TRUE,,14,,,TRUE,FALSE,FALSE,TRUE,TRUE
00555-9012-58_PART_4_OF_4_CHAL10_SF_832FC1CE.jpg,00555-9012-58,9012,TRUE,TRUE,FALSE,fcn_mix_weight/dr_224/00555-9012-58_PART_4_OF_4_CHAL10_SF_832FC1CE.jpg,00555-9012-58_832FC1CE,18784,TRUE,10/17/2017 05:30:41 PM,2020-02-10 17:14:20,992dcc56-90ab-4691-8114-16d47a8b9982-0555-9012-4,992dcc56-90ab-4691-8114-16d47a8b9982,6,,C48348,ROUND,,1,,b;944,,C48325,WHITE,,,,"LACTOSE MONOHYDRATE;MAGNESIUM STEARATE;STARCH, CORN;",HRX,BPCK,{7 (ethinyl estradiol 0.035 MG / norethindrone 0.5 MG Oral Tablet) / 7 (ethinyl estradiol 0.035 MG / norethindrone 0.75 MG Oral Tablet) / 7 (ethinyl estradiol 0.035 MG / norethindrone 1 MG Oral Tablet) / 7 (inert ingredients 1 MG Oral Tablet) } Pack [Nortrel 7/7/7 28 Day],762007,2020-02-10 16:22:49,0555-9012,4,Inert,5559012,555,9012,Nortrel 7/7/7,active,20170801,37485cc5-b6ef-43fa-891b-91133cd9448e.xml,,C42998,34391-3,,,LABELER,"Teva Pharmaceuticals USA, Inc.",C73584,NLM,TRUE,,14,,,TRUE,FALSE,FALSE,TRUE,TRUE
00555-9016-58_PART_1_OF_2_CHAL10_SB_492FA48D.jpg,00555-9016-58,9016,TRUE,FALSE,FALSE,fcn_mix_weight/dr_224/00555-9016-58_PART_1_OF_2_CHAL10_SB_492FA48D.jpg,00555-9016-58_492FA48D,21722,TRUE,10/17/2017 05:30:54 PM,2020-02-10 17:13:56,d9252820-131a-4870-8b11-945d1bfd5659-0555-9016-2,d9252820-131a-4870-8b11-945d1bfd5659,6,,C48348,ROUND,,1,,b;143,,C48325,WHITE,,,,ANHYDROUS LACTOSE;HYPROMELLOSE 2208 (3 MPA.S);MAGNESIUM STEARATE;MICROCRYSTALLINE CELLULOSE;,HRX,BPCK,{21 (ethinyl estradiol 0.035 MG / norgestimate 0.25 MG Oral Tablet) / 7 (inert ingredients 1 MG Oral Tablet) } Pack [Sprintec 28 Day],753481,2020-02-10 16:20:45,0555-9016,2,Inert,5559016,555,9016,Sprintec,active,20170831,10312b04-ca96-40e0-9d57-5e111d228656.xml,,C42998,34391-3,,,LABELER,"Teva Pharmaceuticals USA, Inc.",C73584,NLM,TRUE,,11,,,TRUE,FALSE,FALSE,TRUE,TRUE
00555-9016-58_PART_1_OF_2_CHAL10_SB_492FA48D.jpg,00555-9016-58,9016,TRUE,FALSE,FALSE,fcn_mix_weight/dr_224/00555-9016-58_PART_1_OF_2_CHAL10_SB_492FA48D.jpg,00555-9016-58_492FA48D,30159,TRUE,10/17/2017 05:31:30 PM,2020-02-10 17:09:18,d9252820-131a-4870-8b11-945d1bfd5659-0555-9016-1,d9252820-131a-4870-8b11-945d1bfd5659,6,,C48348,ROUND,,1,,b;987,,C48333,BLUE,,NORGESTIMATE 0.25 mg;ETHINYL ESTRADIOL 0.035 mg;,NORGESTIMATE[NORGESTIMATE];ETHINYL ESTRADIOL[ETHINYL ESTRADIOL];,"ANHYDROUS LACTOSE;FD&C BLUE NO. 2;INDIGOTINDISULFONATE SODIUM;AMMONIUM SULFATE;SODIUM CARBONATE;SODIUM BICARBONATE;ALUMINUM CHLORIDE;LACTOSE MONOHYDRATE;MAGNESIUM STEARATE;STARCH, CORN;",HRX,BPCK,{21 (ethinyl estradiol 0.035 MG / norgestimate 0.25 MG Oral Tablet) / 7 (inert ingredients 1 MG Oral Tablet) } Pack [Sprintec 28 Day],753481,2020-02-10 15:54:44,0555-9016,1,Sprintec,5559016,555,9016,Sprintec,active,20170831,10312b04-ca96-40e0-9d57-5e111d228656.xml,,C42998,34391-3,,,LABELER,"Teva Pharmaceuticals USA, Inc.",C73584,NLM,TRUE,,11,,,TRUE,FALSE,FALSE,TRUE,TRUE
00555-9016-58_PART_1_OF_2_CHAL10_SF_492FA48D.jpg,00555-9016-58,9016,TRUE,TRUE,FALSE,fcn_mix_weight/dr_224/00555-9016-58_PART_1_OF_2_CHAL10_SF_492FA48D.jpg,00555-9016-58_492FA48D,21722,TRUE,10/17/2017 05:30:54 PM,2020-02-10 17:13:56,d9252820-131a-4870-8b11-945d1bfd5659-0555-9016-2,d9252820-131a-4870-8b11-945d1bfd5659,6,,C48348,ROUND,,1,,b;143,,C48325,WHITE,,,,ANHYDROUS LACTOSE;HYPROMELLOSE 2208 (3 MPA.S);MAGNESIUM STEARATE;MICROCRYSTALLINE CELLULOSE;,HRX,BPCK,{21 (ethinyl estradiol 0.035 MG / norgestimate 0.25 MG Oral Tablet) / 7 (inert ingredients 1 MG Oral Tablet) } Pack [Sprintec 28 Day],753481,2020-02-10 16:20:45,0555-9016,2,Inert,5559016,555,9016,Sprintec,active,20170831,10312b04-ca96-40e0-9d57-5e111d228656.xml,,C42998,34391-3,,,LABELER,"Teva Pharmaceuticals USA, Inc.",C73584,NLM,TRUE,,11,,,TRUE,FALSE,FALSE,TRUE,TRUE
00555-9016-58_PART_1_OF_2_CHAL10_SF_492FA48D.jpg,00555-9016-58,9016,TRUE,TRUE,FALSE,fcn_mix_weight/dr_224/00555-9016-58_PART_1_OF_2_CHAL10_SF_492FA48D.jpg,00555-9016-58_492FA48D,30159,TRUE,10/17/2017 05:31:30 PM,2020-02-10 17:09:18,d9252820-131a-4870-8b11-945d1bfd5659-0555-9016-1,d9252820-131a-4870-8b11-945d1bfd5659,6,,C48348,ROUND,,1,,b;987,,C48333,BLUE,,NORGESTIMATE 0.25 mg;ETHINYL ESTRADIOL 0.035 mg;,NORGESTIMATE[NORGESTIMATE];ETHINYL ESTRADIOL[ETHINYL ESTRADIOL];,"ANHYDROUS LACTOSE;FD&C BLUE NO. 2;INDIGOTINDISULFONATE SODIUM;AMMONIUM SULFATE;SODIUM CARBONATE;SODIUM BICARBONATE;ALUMINUM CHLORIDE;LACTOSE MONOHYDRATE;MAGNESIUM STEARATE;STARCH, CORN;",HRX,BPCK,{21 (ethinyl estradiol 0.035 MG / norgestimate 0.25 MG Oral Tablet) / 7 (inert ingredients 1 MG Oral Tablet) } Pack [Sprintec 28 Day],753481,2020-02-10 15:54:44,0555-9016,1,Sprintec,5559016,555,9016,Sprintec,active,20170831,10312b04-ca96-40e0-9d57-5e111d228656.xml,,C42998,34391-3,,,LABELER,"Teva Pharmaceuticals USA, Inc.",C73584,NLM,TRUE,,11,,,TRUE,FALSE,FALSE,TRUE,TRUE
00555-9016-58_PART_2_OF_2_CHAL10_SB_4D2FA69D.jpg,00555-9016-58,9016,TRUE,FALSE,FALSE,fcn_mix_weight/dr_224/00555-9016-58_PART_2_OF_2_CHAL10_SB_4D2FA69D.jpg,00555-9016-58_4D2FA69D,21722,TRUE,10/17/2017 05:30:54 PM,2020-02-10 17:13:56,d9252820-131a-4870-8b11-945d1bfd5659-0555-9016-2,d9252820-131a-4870-8b11-945d1bfd5659,6,,C48348,ROUND,,1,,b;143,,C48325,WHITE,,,,ANHYDROUS LACTOSE;HYPROMELLOSE 2208 (3 MPA.S);MAGNESIUM STEARATE;MICROCRYSTALLINE CELLULOSE;,HRX,BPCK,{21 (ethinyl estradiol 0.035 MG / norgestimate 0.25 MG Oral Tablet) / 7 (inert ingredients 1 MG Oral Tablet) } Pack [Sprintec 28 Day],753481,2020-02-10 16:20:45,0555-9016,2,Inert,5559016,555,9016,Sprintec,active,20170831,10312b04-ca96-40e0-9d57-5e111d228656.xml,,C42998,34391-3,,,LABELER,"Teva Pharmaceuticals USA, Inc.",C73584,NLM,TRUE,,11,,,TRUE,FALSE,FALSE,TRUE,TRUE
00555-9016-58_PART_2_OF_2_CHAL10_SB_4D2FA69D.jpg,00555-9016-58,9016,TRUE,FALSE,FALSE,fcn_mix_weight/dr_224/00555-9016-58_PART_2_OF_2_CHAL10_SB_4D2FA69D.jpg,00555-9016-58_4D2FA69D,30159,TRUE,10/17/2017 05:31:30 PM,2020-02-10 17:09:18,d9252820-131a-4870-8b11-945d1bfd5659-0555-9016-1,d9252820-131a-4870-8b11-945d1bfd5659,6,,C48348,ROUND,,1,,b;987,,C48333,BLUE,,NORGESTIMATE 0.25 mg;ETHINYL ESTRADIOL 0.035 mg;,NORGESTIMATE[NORGESTIMATE];ETHINYL ESTRADIOL[ETHINYL ESTRADIOL];,"ANHYDROUS LACTOSE;FD&C BLUE NO. 2;INDIGOTINDISULFONATE SODIUM;AMMONIUM SULFATE;SODIUM CARBONATE;SODIUM BICARBONATE;ALUMINUM CHLORIDE;LACTOSE MONOHYDRATE;MAGNESIUM STEARATE;STARCH, CORN;",HRX,BPCK,{21 (ethinyl estradiol 0.035 MG / norgestimate 0.25 MG Oral Tablet) / 7 (inert ingredients 1 MG Oral Tablet) } Pack [Sprintec 28 Day],753481,2020-02-10 15:54:44,0555-9016,1,Sprintec,5559016,555,9016,Sprintec,active,20170831,10312b04-ca96-40e0-9d57-5e111d228656.xml,,C42998,34391-3,,,LABELER,"Teva Pharmaceuticals USA, Inc.",C73584,NLM,TRUE,,11,,,TRUE,FALSE,FALSE,TRUE,TRUE
00555-9016-58_PART_2_OF_2_CHAL10_SF_4D2FA69D.jpg,00555-9016-58,9016,TRUE,TRUE,FALSE,fcn_mix_weight/dr_224/00555-9016-58_PART_2_OF_2_CHAL10_SF_4D2FA69D.jpg,00555-9016-58_4D2FA69D,21722,TRUE,10/17/2017 05:30:54 PM,2020-02-10 17:13:56,d9252820-131a-4870-8b11-945d1bfd5659-0555-9016-2,d9252820-131a-4870-8b11-945d1bfd5659,6,,C48348,ROUND,,1,,b;143,,C48325,WHITE,,,,ANHYDROUS LACTOSE;HYPROMELLOSE 2208 (3 MPA.S);MAGNESIUM STEARATE;MICROCRYSTALLINE CELLULOSE;,HRX,BPCK,{21 (ethinyl estradiol 0.035 MG / norgestimate 0.25 MG Oral Tablet) / 7 (inert ingredients 1 MG Oral Tablet) } Pack [Sprintec 28 Day],753481,2020-02-10 16:20:45,0555-9016,2,Inert,5559016,555,9016,Sprintec,active,20170831,10312b04-ca96-40e0-9d57-5e111d228656.xml,,C42998,34391-3,,,LABELER,"Teva Pharmaceuticals USA, Inc.",C73584,NLM,TRUE,,11,,,TRUE,FALSE,FALSE,TRUE,TRUE
00555-9016-58_PART_2_OF_2_CHAL10_SF_4D2FA69D.jpg,00555-9016-58,9016,TRUE,TRUE,FALSE,fcn_mix_weight/dr_224/00555-9016-58_PART_2_OF_2_CHAL10_SF_4D2FA69D.jpg,00555-9016-58_4D2FA69D,30159,TRUE,10/17/2017 05:31:30 PM,2020-02-10 17:09:18,d9252820-131a-4870-8b11-945d1bfd5659-0555-9016-1,d9252820-131a-4870-8b11-945d1bfd5659,6,,C48348,ROUND,,1,,b;987,,C48333,BLUE,,NORGESTIMATE 0.25 mg;ETHINYL ESTRADIOL 0.035 mg;,NORGESTIMATE[NORGESTIMATE];ETHINYL ESTRADIOL[ETHINYL ESTRADIOL];,"ANHYDROUS LACTOSE;FD&C BLUE NO. 2;INDIGOTINDISULFONATE SODIUM;AMMONIUM SULFATE;SODIUM CARBONATE;SODIUM BICARBONATE;ALUMINUM CHLORIDE;LACTOSE MONOHYDRATE;MAGNESIUM STEARATE;STARCH, CORN;",HRX,BPCK,{21 (ethinyl estradiol 0.035 MG / norgestimate 0.25 MG Oral Tablet) / 7 (inert ingredients 1 MG Oral Tablet) } Pack [Sprintec 28 Day],753481,2020-02-10 15:54:44,0555-9016,1,Sprintec,5559016,555,9016,Sprintec,active,20170831,10312b04-ca96-40e0-9d57-5e111d228656.xml,,C42998,34391-3,,,LABELER,"Teva Pharmaceuticals USA, Inc.",C73584,NLM,TRUE,,11,,,TRUE,FALSE,FALSE,TRUE,TRUE
00555-9032-70_PART_1_OF_4_CHAL10_SB_522FA90D.jpg,00555-9032-70,9032,TRUE,FALSE,FALSE,fcn_mix_weight/dr_224/00555-9032-70_PART_1_OF_4_CHAL10_SB_522FA90D.jpg,00555-9032-70_522FA90D,20044,TRUE,10/17/2017 05:30:47 PM,2020-02-10 16:59:19,6f9d30d9-5553-4cbd-a099-ff045bc85821-0555-9032-1,6f9d30d9-5553-4cbd-a099-ff045bc85821,6,,C48348,ROUND,,1,,b;711,,C48328,PINK,,NORETHINDRONE ACETATE 1 mg;ETHINYL ESTRADIOL 20 ug;,NORETHINDRONE ACETATE[NORETHINDRONE];ETHINYL ESTRADIOL[ETHINYL ESTRADIOL];,"CALCIUM STEARATE;FD&C RED NO. 40;LACTOSE MONOHYDRATE;MICROCRYSTALLINE CELLULOSE;STARCH, CORN;SODIUM STARCH GLYCOLATE TYPE A POTATO;",HRX,BPCK,{5 (ethinyl estradiol 0.02 MG / norethindrone acetate 1 MG Oral Tablet) / 7 (ethinyl estradiol 0.03 MG / norethindrone acetate 1 MG Oral Tablet) / 9 (ethinyl estradiol 0.035 MG / norethindrone acetate 1 MG Oral Tablet) / 7 (ferrous fumarate 75 MG Oral Tablet) } Pack [Tri-Legest 28 Day],1359135,2020-02-10 16:23:06,0555-9032,1,Tri-Legest Fe,5559032,555,9032,Tri-Legest Fe,active,20171031,3fb335d2-d9ed-4fcf-91dc-cb84c09aac21.xml,,C42998,34391-3,,,LABELER,"Teva Pharmaceuticals USA, Inc.",C73584,NLM,TRUE,,8,,,TRUE,FALSE,FALSE,TRUE,TRUE
00555-9032-70_PART_1_OF_4_CHAL10_SB_522FA90D.jpg,00555-9032-70,9032,TRUE,FALSE,FALSE,fcn_mix_weight/dr_224/00555-9032-70_PART_1_OF_4_CHAL10_SB_522FA90D.jpg,00555-9032-70_522FA90D,11532,TRUE,10/17/2017 05:30:11 PM,2020-02-10 17:11:41,6f9d30d9-5553-4cbd-a099-ff045bc85821-0555-9032-2,6f9d30d9-5553-4cbd-a099-ff045bc85821,6,,C48348,ROUND,,1,,b;712,,C48330,YELLOW,,NORETHINDRONE ACETATE 1 mg;ETHINYL ESTRADIOL 30 ug;,NORETHINDRONE ACETATE[NORETHINDRONE];ETHINYL ESTRADIOL[ETHINYL ESTRADIOL];,"CALCIUM STEARATE;D&C YELLOW NO. 10;LACTOSE MONOHYDRATE;MICROCRYSTALLINE CELLULOSE;STARCH, CORN;SODIUM STARCH GLYCOLATE TYPE A POTATO;",HRX,BPCK,{5 (ethinyl estradiol 0.02 MG / norethindrone acetate 1 MG Oral Tablet) / 7 (ethinyl estradiol 0.03 MG / norethindrone acetate 1 MG Oral Tablet) / 9 (ethinyl estradiol 0.035 MG / norethindrone acetate 1 MG Oral Tablet) / 7 (ferrous fumarate 75 MG Oral Tablet) } Pack [Tri-Legest 28 Day],1359135,2020-02-10 16:08:05,0555-9032,2,Tri-Legest Fe,5559032,555,9032,Tri-Legest Fe,active,20171031,3fb335d2-d9ed-4fcf-91dc-cb84c09aac21.xml,,C42998,34391-3,,,LABELER,"Teva Pharmaceuticals USA, Inc.",C73584,NLM,TRUE,,8,,,TRUE,FALSE,FALSE,TRUE,TRUE
00555-9032-70_PART_1_OF_4_CHAL10_SB_522FA90D.jpg,00555-9032-70,9032,TRUE,FALSE,FALSE,fcn_mix_weight/dr_224/00555-9032-70_PART_1_OF_4_CHAL10_SB_522FA90D.jpg,00555-9032-70_522FA90D,19098,TRUE,10/17/2017 05:30:43 PM,2020-02-10 16:59:51,6f9d30d9-5553-4cbd-a099-ff045bc85821-0555-9032-3,6f9d30d9-5553-4cbd-a099-ff045bc85821,6,,C48348,ROUND,,1,,b;713,,C48333,BLUE,,NORETHINDRONE ACETATE 1 mg;ETHINYL ESTRADIOL 35 ug;,NORETHINDRONE ACETATE[NORETHINDRONE];ETHINYL ESTRADIOL[ETHINYL ESTRADIOL];,"CALCIUM STEARATE;FD&C BLUE NO. 2;LACTOSE MONOHYDRATE;MICROCRYSTALLINE CELLULOSE;STARCH, CORN;SODIUM STARCH GLYCOLATE TYPE A POTATO;",HRX,BPCK,{5 (ethinyl estradiol 0.02 MG / norethindrone acetate 1 MG Oral Tablet) / 7 (ethinyl estradiol 0.03 MG / norethindrone acetate 1 MG Oral Tablet) / 9 (ethinyl estradiol 0.035 MG / norethindrone acetate 1 MG Oral Tablet) / 7 (ferrous fumarate 75 MG Oral Tablet) } Pack [Tri-Legest 28 Day],1359135,2020-02-10 16:26:03,0555-9032,3,Tri-Legest Fe,5559032,555,9032,Tri-Legest Fe,active,20171031,3fb335d2-d9ed-4fcf-91dc-cb84c09aac21.xml,,C42998,34391-3,,,LABELER,"Teva Pharmaceuticals USA, Inc.",C73584,NLM,TRUE,,8,,,TRUE,FALSE,FALSE,TRUE,TRUE
00555-9032-70_PART_1_OF_4_CHAL10_SB_522FA90D.jpg,00555-9032-70,9032,TRUE,FALSE,FALSE,fcn_mix_weight/dr_224/00555-9032-70_PART_1_OF_4_CHAL10_SB_522FA90D.jpg,00555-9032-70_522FA90D,45940,TRUE,10/17/2017 05:32:42 PM,2020-02-10 17:00:40,6f9d30d9-5553-4cbd-a099-ff045bc85821-0555-9032-4,6f9d30d9-5553-4cbd-a099-ff045bc85821,6,,C48348,ROUND,,1,,b;247,,C48332,BROWN,,,,CROSPOVIDONE (15 MPA.S AT 5%);FERROUS FUMARATE;COTTONSEED OIL;MICROCRYSTALLINE CELLULOSE;,HRX,BPCK,{5 (ethinyl estradiol 0.02 MG / norethindrone acetate 1 MG Oral Tablet) / 7 (ethinyl estradiol 0.03 MG / norethindrone acetate 1 MG Oral Tablet) / 9 (ethinyl estradiol 0.035 MG / norethindrone acetate 1 MG Oral Tablet) / 7 (ferrous fumarate 75 MG Oral Tablet) } Pack [Tri-Legest 28 Day],1359135,2020-02-10 15:12:04,0555-9032,4,Tri-Legest Fe,5559032,555,9032,Tri-Legest Fe,active,20171031,3fb335d2-d9ed-4fcf-91dc-cb84c09aac21.xml,,C42998,34391-3,,,LABELER,"Teva Pharmaceuticals USA, Inc.",C73584,NLM,TRUE,,8,,,TRUE,FALSE,FALSE,TRUE,TRUE
00555-9032-70_PART_1_OF_4_CHAL10_SF_522FA90D.jpg,00555-9032-70,9032,TRUE,TRUE,FALSE,fcn_mix_weight/dr_224/00555-9032-70_PART_1_OF_4_CHAL10_SF_522FA90D.jpg,00555-9032-70_522FA90D,20044,TRUE,10/17/2017 05:30:47 PM,2020-02-10 16:59:19,6f9d30d9-5553-4cbd-a099-ff045bc85821-0555-9032-1,6f9d30d9-5553-4cbd-a099-ff045bc85821,6,,C48348,ROUND,,1,,b;711,,C48328,PINK,,NORETHINDRONE ACETATE 1 mg;ETHINYL ESTRADIOL 20 ug;,NORETHINDRONE ACETATE[NORETHINDRONE];ETHINYL ESTRADIOL[ETHINYL ESTRADIOL];,"CALCIUM STEARATE;FD&C RED NO. 40;LACTOSE MONOHYDRATE;MICROCRYSTALLINE CELLULOSE;STARCH, CORN;SODIUM STARCH GLYCOLATE TYPE A POTATO;",HRX,BPCK,{5 (ethinyl estradiol 0.02 MG / norethindrone acetate 1 MG Oral Tablet) / 7 (ethinyl estradiol 0.03 MG / norethindrone acetate 1 MG Oral Tablet) / 9 (ethinyl estradiol 0.035 MG / norethindrone acetate 1 MG Oral Tablet) / 7 (ferrous fumarate 75 MG Oral Tablet) } Pack [Tri-Legest 28 Day],1359135,2020-02-10 16:23:06,0555-9032,1,Tri-Legest Fe,5559032,555,9032,Tri-Legest Fe,active,20171031,3fb335d2-d9ed-4fcf-91dc-cb84c09aac21.xml,,C42998,34391-3,,,LABELER,"Teva Pharmaceuticals USA, Inc.",C73584,NLM,TRUE,,8,,,TRUE,FALSE,FALSE,TRUE,TRUE
00555-9032-70_PART_1_OF_4_CHAL10_SF_522FA90D.jpg,00555-9032-70,9032,TRUE,TRUE,FALSE,fcn_mix_weight/dr_224/00555-9032-70_PART_1_OF_4_CHAL10_SF_522FA90D.jpg,00555-9032-70_522FA90D,11532,TRUE,10/17/2017 05:30:11 PM,2020-02-10 17:11:41,6f9d30d9-5553-4cbd-a099-ff045bc85821-0555-9032-2,6f9d30d9-5553-4cbd-a099-ff045bc85821,6,,C48348,ROUND,,1,,b;712,,C48330,YELLOW,,NORETHINDRONE ACETATE 1 mg;ETHINYL ESTRADIOL 30 ug;,NORETHINDRONE ACETATE[NORETHINDRONE];ETHINYL ESTRADIOL[ETHINYL ESTRADIOL];,"CALCIUM STEARATE;D&C YELLOW NO. 10;LACTOSE MONOHYDRATE;MICROCRYSTALLINE CELLULOSE;STARCH, CORN;SODIUM STARCH GLYCOLATE TYPE A POTATO;",HRX,BPCK,{5 (ethinyl estradiol 0.02 MG / norethindrone acetate 1 MG Oral Tablet) / 7 (ethinyl estradiol 0.03 MG / norethindrone acetate 1 MG Oral Tablet) / 9 (ethinyl estradiol 0.035 MG / norethindrone acetate 1 MG Oral Tablet) / 7 (ferrous fumarate 75 MG Oral Tablet) } Pack [Tri-Legest 28 Day],1359135,2020-02-10 16:08:05,0555-9032,2,Tri-Legest Fe,5559032,555,9032,Tri-Legest Fe,active,20171031,3fb335d2-d9ed-4fcf-91dc-cb84c09aac21.xml,,C42998,34391-3,,,LABELER,"Teva Pharmaceuticals USA, Inc.",C73584,NLM,TRUE,,8,,,TRUE,FALSE,FALSE,TRUE,TRUE
00555-9032-70_PART_1_OF_4_CHAL10_SF_522FA90D.jpg,00555-9032-70,9032,TRUE,TRUE,FALSE,fcn_mix_weight/dr_224/00555-9032-70_PART_1_OF_4_CHAL10_SF_522FA90D.jpg,00555-9032-70_522FA90D,19098,TRUE,10/17/2017 05:30:43 PM,2020-02-10 16:59:51,6f9d30d9-5553-4cbd-a099-ff045bc85821-0555-9032-3,6f9d30d9-5553-4cbd-a099-ff045bc85821,6,,C48348,ROUND,,1,,b;713,,C48333,BLUE,,NORETHINDRONE ACETATE 1 mg;ETHINYL ESTRADIOL 35 ug;,NORETHINDRONE ACETATE[NORETHINDRONE];ETHINYL ESTRADIOL[ETHINYL ESTRADIOL];,"CALCIUM STEARATE;FD&C BLUE NO. 2;LACTOSE MONOHYDRATE;MICROCRYSTALLINE CELLULOSE;STARCH, CORN;SODIUM STARCH GLYCOLATE TYPE A POTATO;",HRX,BPCK,{5 (ethinyl estradiol 0.02 MG / norethindrone acetate 1 MG Oral Tablet) / 7 (ethinyl estradiol 0.03 MG / norethindrone acetate 1 MG Oral Tablet) / 9 (ethinyl estradiol 0.035 MG / norethindrone acetate 1 MG Oral Tablet) / 7 (ferrous fumarate 75 MG Oral Tablet) } Pack [Tri-Legest 28 Day],1359135,2020-02-10 16:26:03,0555-9032,3,Tri-Legest Fe,5559032,555,9032,Tri-Legest Fe,active,20171031,3fb335d2-d9ed-4fcf-91dc-cb84c09aac21.xml,,C42998,34391-3,,,LABELER,"Teva Pharmaceuticals USA, Inc.",C73584,NLM,TRUE,,8,,,TRUE,FALSE,FALSE,TRUE,TRUE
00555-9032-70_PART_1_OF_4_CHAL10_SF_522FA90D.jpg,00555-9032-70,9032,TRUE,TRUE,FALSE,fcn_mix_weight/dr_224/00555-9032-70_PART_1_OF_4_CHAL10_SF_522FA90D.jpg,00555-9032-70_522FA90D,45940,TRUE,10/17/2017 05:32:42 PM,2020-02-10 17:00:40,6f9d30d9-5553-4cbd-a099-ff045bc85821-0555-9032-4,6f9d30d9-5553-4cbd-a099-ff045bc85821,6,,C48348,ROUND,,1,,b;247,,C48332,BROWN,,,,CROSPOVIDONE (15 MPA.S AT 5%);FERROUS FUMARATE;COTTONSEED OIL;MICROCRYSTALLINE CELLULOSE;,HRX,BPCK,{5 (ethinyl estradiol 0.02 MG / norethindrone acetate 1 MG Oral Tablet) / 7 (ethinyl estradiol 0.03 MG / norethindrone acetate 1 MG Oral Tablet) / 9 (ethinyl estradiol 0.035 MG / norethindrone acetate 1 MG Oral Tablet) / 7 (ferrous fumarate 75 MG Oral Tablet) } Pack [Tri-Legest 28 Day],1359135,2020-02-10 15:12:04,0555-9032,4,Tri-Legest Fe,5559032,555,9032,Tri-Legest Fe,active,20171031,3fb335d2-d9ed-4fcf-91dc-cb84c09aac21.xml,,C42998,34391-3,,,LABELER,"Teva Pharmaceuticals USA, Inc.",C73584,NLM,TRUE,,8,,,TRUE,FALSE,FALSE,TRUE,TRUE
00555-9032-70_PART_2_OF_4_CHAL10_SB_562FAB1D.jpg,00555-9032-70,9032,TRUE,FALSE,FALSE,fcn_mix_weight/dr_224/00555-9032-70_PART_2_OF_4_CHAL10_SB_562FAB1D.jpg,00555-9032-70_562FAB1D,20044,TRUE,10/17/2017 05:30:47 PM,2020-02-10 16:59:19,6f9d30d9-5553-4cbd-a099-ff045bc85821-0555-9032-1,6f9d30d9-5553-4cbd-a099-ff045bc85821,6,,C48348,ROUND,,1,,b;711,,C48328,PINK,,NORETHINDRONE ACETATE 1 mg;ETHINYL ESTRADIOL 20 ug;,NORETHINDRONE ACETATE[NORETHINDRONE];ETHINYL ESTRADIOL[ETHINYL ESTRADIOL];,"CALCIUM STEARATE;FD&C RED NO. 40;LACTOSE MONOHYDRATE;MICROCRYSTALLINE CELLULOSE;STARCH, CORN;SODIUM STARCH GLYCOLATE TYPE A POTATO;",HRX,BPCK,{5 (ethinyl estradiol 0.02 MG / norethindrone acetate 1 MG Oral Tablet) / 7 (ethinyl estradiol 0.03 MG / norethindrone acetate 1 MG Oral Tablet) / 9 (ethinyl estradiol 0.035 MG / norethindrone acetate 1 MG Oral Tablet) / 7 (ferrous fumarate 75 MG Oral Tablet) } Pack [Tri-Legest 28 Day],1359135,2020-02-10 16:23:06,0555-9032,1,Tri-Legest Fe,5559032,555,9032,Tri-Legest Fe,active,20171031,3fb335d2-d9ed-4fcf-91dc-cb84c09aac21.xml,,C42998,34391-3,,,LABELER,"Teva Pharmaceuticals USA, Inc.",C73584,NLM,TRUE,,8,,,TRUE,FALSE,FALSE,TRUE,TRUE
00555-9032-70_PART_2_OF_4_CHAL10_SB_562FAB1D.jpg,00555-9032-70,9032,TRUE,FALSE,FALSE,fcn_mix_weight/dr_224/00555-9032-70_PART_2_OF_4_CHAL10_SB_562FAB1D.jpg,00555-9032-70_562FAB1D,11532,TRUE,10/17/2017 05:30:11 PM,2020-02-10 17:11:41,6f9d30d9-5553-4cbd-a099-ff045bc85821-0555-9032-2,6f9d30d9-5553-4cbd-a099-ff045bc85821,6,,C48348,ROUND,,1,,b;712,,C48330,YELLOW,,NORETHINDRONE ACETATE 1 mg;ETHINYL ESTRADIOL 30 ug;,NORETHINDRONE ACETATE[NORETHINDRONE];ETHINYL ESTRADIOL[ETHINYL ESTRADIOL];,"CALCIUM STEARATE;D&C YELLOW NO. 10;LACTOSE MONOHYDRATE;MICROCRYSTALLINE CELLULOSE;STARCH, CORN;SODIUM STARCH GLYCOLATE TYPE A POTATO;",HRX,BPCK,{5 (ethinyl estradiol 0.02 MG / norethindrone acetate 1 MG Oral Tablet) / 7 (ethinyl estradiol 0.03 MG / norethindrone acetate 1 MG Oral Tablet) / 9 (ethinyl estradiol 0.035 MG / norethindrone acetate 1 MG Oral Tablet) / 7 (ferrous fumarate 75 MG Oral Tablet) } Pack [Tri-Legest 28 Day],1359135,2020-02-10 16:08:05,0555-9032,2,Tri-Legest Fe,5559032,555,9032,Tri-Legest Fe,active,20171031,3fb335d2-d9ed-4fcf-91dc-cb84c09aac21.xml,,C42998,34391-3,,,LABELER,"Teva Pharmaceuticals USA, Inc.",C73584,NLM,TRUE,,8,,,TRUE,FALSE,FALSE,TRUE,TRUE
00555-9032-70_PART_2_OF_4_CHAL10_SB_562FAB1D.jpg,00555-9032-70,9032,TRUE,FALSE,FALSE,fcn_mix_weight/dr_224/00555-9032-70_PART_2_OF_4_CHAL10_SB_562FAB1D.jpg,00555-9032-70_562FAB1D,19098,TRUE,10/17/2017 05:30:43 PM,2020-02-10 16:59:51,6f9d30d9-5553-4cbd-a099-ff045bc85821-0555-9032-3,6f9d30d9-5553-4cbd-a099-ff045bc85821,6,,C48348,ROUND,,1,,b;713,,C48333,BLUE,,NORETHINDRONE ACETATE 1 mg;ETHINYL ESTRADIOL 35 ug;,NORETHINDRONE ACETATE[NORETHINDRONE];ETHINYL ESTRADIOL[ETHINYL ESTRADIOL];,"CALCIUM STEARATE;FD&C BLUE NO. 2;LACTOSE MONOHYDRATE;MICROCRYSTALLINE CELLULOSE;STARCH, CORN;SODIUM STARCH GLYCOLATE TYPE A POTATO;",HRX,BPCK,{5 (ethinyl estradiol 0.02 MG / norethindrone acetate 1 MG Oral Tablet) / 7 (ethinyl estradiol 0.03 MG / norethindrone acetate 1 MG Oral Tablet) / 9 (ethinyl estradiol 0.035 MG / norethindrone acetate 1 MG Oral Tablet) / 7 (ferrous fumarate 75 MG Oral Tablet) } Pack [Tri-Legest 28 Day],1359135,2020-02-10 16:26:03,0555-9032,3,Tri-Legest Fe,5559032,555,9032,Tri-Legest Fe,active,20171031,3fb335d2-d9ed-4fcf-91dc-cb84c09aac21.xml,,C42998,34391-3,,,LABELER,"Teva Pharmaceuticals USA, Inc.",C73584,NLM,TRUE,,8,,,TRUE,FALSE,FALSE,TRUE,TRUE
00555-9032-70_PART_2_OF_4_CHAL10_SB_562FAB1D.jpg,00555-9032-70,9032,TRUE,FALSE,FALSE,fcn_mix_weight/dr_224/00555-9032-70_PART_2_OF_4_CHAL10_SB_562FAB1D.jpg,00555-9032-70_562FAB1D,45940,TRUE,10/17/2017 05:32:42 PM,2020-02-10 17:00:40,6f9d30d9-5553-4cbd-a099-ff045bc85821-0555-9032-4,6f9d30d9-5553-4cbd-a099-ff045bc85821,6,,C48348,ROUND,,1,,b;247,,C48332,BROWN,,,,CROSPOVIDONE (15 MPA.S AT 5%);FERROUS FUMARATE;COTTONSEED OIL;MICROCRYSTALLINE CELLULOSE;,HRX,BPCK,{5 (ethinyl estradiol 0.02 MG / norethindrone acetate 1 MG Oral Tablet) / 7 (ethinyl estradiol 0.03 MG / norethindrone acetate 1 MG Oral Tablet) / 9 (ethinyl estradiol 0.035 MG / norethindrone acetate 1 MG Oral Tablet) / 7 (ferrous fumarate 75 MG Oral Tablet) } Pack [Tri-Legest 28 Day],1359135,2020-02-10 15:12:04,0555-9032,4,Tri-Legest Fe,5559032,555,9032,Tri-Legest Fe,active,20171031,3fb335d2-d9ed-4fcf-91dc-cb84c09aac21.xml,,C42998,34391-3,,,LABELER,"Teva Pharmaceuticals USA, Inc.",C73584,NLM,TRUE,,8,,,TRUE,FALSE,FALSE,TRUE,TRUE
00555-9032-70_PART_2_OF_4_CHAL10_SF_562FAB1D.jpg,00555-9032-70,9032,TRUE,TRUE,FALSE,fcn_mix_weight/dr_224/00555-9032-70_PART_2_OF_4_CHAL10_SF_562FAB1D.jpg,00555-9032-70_562FAB1D,20044,TRUE,10/17/2017 05:30:47 PM,2020-02-10 16:59:19,6f9d30d9-5553-4cbd-a099-ff045bc85821-0555-9032-1,6f9d30d9-5553-4cbd-a099-ff045bc85821,6,,C48348,ROUND,,1,,b;711,,C48328,PINK,,NORETHINDRONE ACETATE 1 mg;ETHINYL ESTRADIOL 20 ug;,NORETHINDRONE ACETATE[NORETHINDRONE];ETHINYL ESTRADIOL[ETHINYL ESTRADIOL];,"CALCIUM STEARATE;FD&C RED NO. 40;LACTOSE MONOHYDRATE;MICROCRYSTALLINE CELLULOSE;STARCH, CORN;SODIUM STARCH GLYCOLATE TYPE A POTATO;",HRX,BPCK,{5 (ethinyl estradiol 0.02 MG / norethindrone acetate 1 MG Oral Tablet) / 7 (ethinyl estradiol 0.03 MG / norethindrone acetate 1 MG Oral Tablet) / 9 (ethinyl estradiol 0.035 MG / norethindrone acetate 1 MG Oral Tablet) / 7 (ferrous fumarate 75 MG Oral Tablet) } Pack [Tri-Legest 28 Day],1359135,2020-02-10 16:23:06,0555-9032,1,Tri-Legest Fe,5559032,555,9032,Tri-Legest Fe,active,20171031,3fb335d2-d9ed-4fcf-91dc-cb84c09aac21.xml,,C42998,34391-3,,,LABELER,"Teva Pharmaceuticals USA, Inc.",C73584,NLM,TRUE,,8,,,TRUE,FALSE,FALSE,TRUE,TRUE
00555-9032-70_PART_2_OF_4_CHAL10_SF_562FAB1D.jpg,00555-9032-70,9032,TRUE,TRUE,FALSE,fcn_mix_weight/dr_224/00555-9032-70_PART_2_OF_4_CHAL10_SF_562FAB1D.jpg,00555-9032-70_562FAB1D,11532,TRUE,10/17/2017 05:30:11 PM,2020-02-10 17:11:41,6f9d30d9-5553-4cbd-a099-ff045bc85821-0555-9032-2,6f9d30d9-5553-4cbd-a099-ff045bc85821,6,,C48348,ROUND,,1,,b;712,,C48330,YELLOW,,NORETHINDRONE ACETATE 1 mg;ETHINYL ESTRADIOL 30 ug;,NORETHINDRONE ACETATE[NORETHINDRONE];ETHINYL ESTRADIOL[ETHINYL ESTRADIOL];,"CALCIUM STEARATE;D&C YELLOW NO. 10;LACTOSE MONOHYDRATE;MICROCRYSTALLINE CELLULOSE;STARCH, CORN;SODIUM STARCH GLYCOLATE TYPE A POTATO;",HRX,BPCK,{5 (ethinyl estradiol 0.02 MG / norethindrone acetate 1 MG Oral Tablet) / 7 (ethinyl estradiol 0.03 MG / norethindrone acetate 1 MG Oral Tablet) / 9 (ethinyl estradiol 0.035 MG / norethindrone acetate 1 MG Oral Tablet) / 7 (ferrous fumarate 75 MG Oral Tablet) } Pack [Tri-Legest 28 Day],1359135,2020-02-10 16:08:05,0555-9032,2,Tri-Legest Fe,5559032,555,9032,Tri-Legest Fe,active,20171031,3fb335d2-d9ed-4fcf-91dc-cb84c09aac21.xml,,C42998,34391-3,,,LABELER,"Teva Pharmaceuticals USA, Inc.",C73584,NLM,TRUE,,8,,,TRUE,FALSE,FALSE,TRUE,TRUE
00555-9032-70_PART_2_OF_4_CHAL10_SF_562FAB1D.jpg,00555-9032-70,9032,TRUE,TRUE,FALSE,fcn_mix_weight/dr_224/00555-9032-70_PART_2_OF_4_CHAL10_SF_562FAB1D.jpg,00555-9032-70_562FAB1D,19098,TRUE,10/17/2017 05:30:43 PM,2020-02-10 16:59:51,6f9d30d9-5553-4cbd-a099-ff045bc85821-0555-9032-3,6f9d30d9-5553-4cbd-a099-ff045bc85821,6,,C48348,ROUND,,1,,b;713,,C48333,BLUE,,NORETHINDRONE ACETATE 1 mg;ETHINYL ESTRADIOL 35 ug;,NORETHINDRONE ACETATE[NORETHINDRONE];ETHINYL ESTRADIOL[ETHINYL ESTRADIOL];,"CALCIUM STEARATE;FD&C BLUE NO. 2;LACTOSE MONOHYDRATE;MICROCRYSTALLINE CELLULOSE;STARCH, CORN;SODIUM STARCH GLYCOLATE TYPE A POTATO;",HRX,BPCK,{5 (ethinyl estradiol 0.02 MG / norethindrone acetate 1 MG Oral Tablet) / 7 (ethinyl estradiol 0.03 MG / norethindrone acetate 1 MG Oral Tablet) / 9 (ethinyl estradiol 0.035 MG / norethindrone acetate 1 MG Oral Tablet) / 7 (ferrous fumarate 75 MG Oral Tablet) } Pack [Tri-Legest 28 Day],1359135,2020-02-10 16:26:03,0555-9032,3,Tri-Legest Fe,5559032,555,9032,Tri-Legest Fe,active,20171031,3fb335d2-d9ed-4fcf-91dc-cb84c09aac21.xml,,C42998,34391-3,,,LABELER,"Teva Pharmaceuticals USA, Inc.",C73584,NLM,TRUE,,8,,,TRUE,FALSE,FALSE,TRUE,TRUE
00555-9032-70_PART_2_OF_4_CHAL10_SF_562FAB1D.jpg,00555-9032-70,9032,TRUE,TRUE,FALSE,fcn_mix_weight/dr_224/00555-9032-70_PART_2_OF_4_CHAL10_SF_562FAB1D.jpg,00555-9032-70_562FAB1D,45940,TRUE,10/17/2017 05:32:42 PM,2020-02-10 17:00:40,6f9d30d9-5553-4cbd-a099-ff045bc85821-0555-9032-4,6f9d30d9-5553-4cbd-a099-ff045bc85821,6,,C48348,ROUND,,1,,b;247,,C48332,BROWN,,,,CROSPOVIDONE (15 MPA.S AT 5%);FERROUS FUMARATE;COTTONSEED OIL;MICROCRYSTALLINE CELLULOSE;,HRX,BPCK,{5 (ethinyl estradiol 0.02 MG / norethindrone acetate 1 MG Oral Tablet) / 7 (ethinyl estradiol 0.03 MG / norethindrone acetate 1 MG Oral Tablet) / 9 (ethinyl estradiol 0.035 MG / norethindrone acetate 1 MG Oral Tablet) / 7 (ferrous fumarate 75 MG Oral Tablet) } Pack [Tri-Legest 28 Day],1359135,2020-02-10 15:12:04,0555-9032,4,Tri-Legest Fe,5559032,555,9032,Tri-Legest Fe,active,20171031,3fb335d2-d9ed-4fcf-91dc-cb84c09aac21.xml,,C42998,34391-3,,,LABELER,"Teva Pharmaceuticals USA, Inc.",C73584,NLM,TRUE,,8,,,TRUE,FALSE,FALSE,TRUE,TRUE
00555-9032-70_PART_3_OF_4_CHAL10_SB_5B2FAD8D.jpg,00555-9032-70,9032,TRUE,FALSE,FALSE,fcn_mix_weight/dr_224/00555-9032-70_PART_3_OF_4_CHAL10_SB_5B2FAD8D.jpg,00555-9032-70_5B2FAD8D,20044,TRUE,10/17/2017 05:30:47 PM,2020-02-10 16:59:19,6f9d30d9-5553-4cbd-a099-ff045bc85821-0555-9032-1,6f9d30d9-5553-4cbd-a099-ff045bc85821,6,,C48348,ROUND,,1,,b;711,,C48328,PINK,,NORETHINDRONE ACETATE 1 mg;ETHINYL ESTRADIOL 20 ug;,NORETHINDRONE ACETATE[NORETHINDRONE];ETHINYL ESTRADIOL[ETHINYL ESTRADIOL];,"CALCIUM STEARATE;FD&C RED NO. 40;LACTOSE MONOHYDRATE;MICROCRYSTALLINE CELLULOSE;STARCH, CORN;SODIUM STARCH GLYCOLATE TYPE A POTATO;",HRX,BPCK,{5 (ethinyl estradiol 0.02 MG / norethindrone acetate 1 MG Oral Tablet) / 7 (ethinyl estradiol 0.03 MG / norethindrone acetate 1 MG Oral Tablet) / 9 (ethinyl estradiol 0.035 MG / norethindrone acetate 1 MG Oral Tablet) / 7 (ferrous fumarate 75 MG Oral Tablet) } Pack [Tri-Legest 28 Day],1359135,2020-02-10 16:23:06,0555-9032,1,Tri-Legest Fe,5559032,555,9032,Tri-Legest Fe,active,20171031,3fb335d2-d9ed-4fcf-91dc-cb84c09aac21.xml,,C42998,34391-3,,,LABELER,"Teva Pharmaceuticals USA, Inc.",C73584,NLM,TRUE,,8,,,TRUE,FALSE,FALSE,TRUE,TRUE
00555-9032-70_PART_3_OF_4_CHAL10_SB_5B2FAD8D.jpg,00555-9032-70,9032,TRUE,FALSE,FALSE,fcn_mix_weight/dr_224/00555-9032-70_PART_3_OF_4_CHAL10_SB_5B2FAD8D.jpg,00555-9032-70_5B2FAD8D,11532,TRUE,10/17/2017 05:30:11 PM,2020-02-10 17:11:41,6f9d30d9-5553-4cbd-a099-ff045bc85821-0555-9032-2,6f9d30d9-5553-4cbd-a099-ff045bc85821,6,,C48348,ROUND,,1,,b;712,,C48330,YELLOW,,NORETHINDRONE ACETATE 1 mg;ETHINYL ESTRADIOL 30 ug;,NORETHINDRONE ACETATE[NORETHINDRONE];ETHINYL ESTRADIOL[ETHINYL ESTRADIOL];,"CALCIUM STEARATE;D&C YELLOW NO. 10;LACTOSE MONOHYDRATE;MICROCRYSTALLINE CELLULOSE;STARCH, CORN;SODIUM STARCH GLYCOLATE TYPE A POTATO;",HRX,BPCK,{5 (ethinyl estradiol 0.02 MG / norethindrone acetate 1 MG Oral Tablet) / 7 (ethinyl estradiol 0.03 MG / norethindrone acetate 1 MG Oral Tablet) / 9 (ethinyl estradiol 0.035 MG / norethindrone acetate 1 MG Oral Tablet) / 7 (ferrous fumarate 75 MG Oral Tablet) } Pack [Tri-Legest 28 Day],1359135,2020-02-10 16:08:05,0555-9032,2,Tri-Legest Fe,5559032,555,9032,Tri-Legest Fe,active,20171031,3fb335d2-d9ed-4fcf-91dc-cb84c09aac21.xml,,C42998,34391-3,,,LABELER,"Teva Pharmaceuticals USA, Inc.",C73584,NLM,TRUE,,8,,,TRUE,FALSE,FALSE,TRUE,TRUE
00555-9032-70_PART_3_OF_4_CHAL10_SB_5B2FAD8D.jpg,00555-9032-70,9032,TRUE,FALSE,FALSE,fcn_mix_weight/dr_224/00555-9032-70_PART_3_OF_4_CHAL10_SB_5B2FAD8D.jpg,00555-9032-70_5B2FAD8D,19098,TRUE,10/17/2017 05:30:43 PM,2020-02-10 16:59:51,6f9d30d9-5553-4cbd-a099-ff045bc85821-0555-9032-3,6f9d30d9-5553-4cbd-a099-ff045bc85821,6,,C48348,ROUND,,1,,b;713,,C48333,BLUE,,NORETHINDRONE ACETATE 1 mg;ETHINYL ESTRADIOL 35 ug;,NORETHINDRONE ACETATE[NORETHINDRONE];ETHINYL ESTRADIOL[ETHINYL ESTRADIOL];,"CALCIUM STEARATE;FD&C BLUE NO. 2;LACTOSE MONOHYDRATE;MICROCRYSTALLINE CELLULOSE;STARCH, CORN;SODIUM STARCH GLYCOLATE TYPE A POTATO;",HRX,BPCK,{5 (ethinyl estradiol 0.02 MG / norethindrone acetate 1 MG Oral Tablet) / 7 (ethinyl estradiol 0.03 MG / norethindrone acetate 1 MG Oral Tablet) / 9 (ethinyl estradiol 0.035 MG / norethindrone acetate 1 MG Oral Tablet) / 7 (ferrous fumarate 75 MG Oral Tablet) } Pack [Tri-Legest 28 Day],1359135,2020-02-10 16:26:03,0555-9032,3,Tri-Legest Fe,5559032,555,9032,Tri-Legest Fe,active,20171031,3fb335d2-d9ed-4fcf-91dc-cb84c09aac21.xml,,C42998,34391-3,,,LABELER,"Teva Pharmaceuticals USA, Inc.",C73584,NLM,TRUE,,8,,,TRUE,FALSE,FALSE,TRUE,TRUE
00555-9032-70_PART_3_OF_4_CHAL10_SB_5B2FAD8D.jpg,00555-9032-70,9032,TRUE,FALSE,FALSE,fcn_mix_weight/dr_224/00555-9032-70_PART_3_OF_4_CHAL10_SB_5B2FAD8D.jpg,00555-9032-70_5B2FAD8D,45940,TRUE,10/17/2017 05:32:42 PM,2020-02-10 17:00:40,6f9d30d9-5553-4cbd-a099-ff045bc85821-0555-9032-4,6f9d30d9-5553-4cbd-a099-ff045bc85821,6,,C48348,ROUND,,1,,b;247,,C48332,BROWN,,,,CROSPOVIDONE (15 MPA.S AT 5%);FERROUS FUMARATE;COTTONSEED OIL;MICROCRYSTALLINE CELLULOSE;,HRX,BPCK,{5 (ethinyl estradiol 0.02 MG / norethindrone acetate 1 MG Oral Tablet) / 7 (ethinyl estradiol 0.03 MG / norethindrone acetate 1 MG Oral Tablet) / 9 (ethinyl estradiol 0.035 MG / norethindrone acetate 1 MG Oral Tablet) / 7 (ferrous fumarate 75 MG Oral Tablet) } Pack [Tri-Legest 28 Day],1359135,2020-02-10 15:12:04,0555-9032,4,Tri-Legest Fe,5559032,555,9032,Tri-Legest Fe,active,20171031,3fb335d2-d9ed-4fcf-91dc-cb84c09aac21.xml,,C42998,34391-3,,,LABELER,"Teva Pharmaceuticals USA, Inc.",C73584,NLM,TRUE,,8,,,TRUE,FALSE,FALSE,TRUE,TRUE
00555-9032-70_PART_3_OF_4_CHAL10_SF_5B2FAD8D.jpg,00555-9032-70,9032,TRUE,TRUE,FALSE,fcn_mix_weight/dr_224/00555-9032-70_PART_3_OF_4_CHAL10_SF_5B2FAD8D.jpg,00555-9032-70_5B2FAD8D,20044,TRUE,10/17/2017 05:30:47 PM,2020-02-10 16:59:19,6f9d30d9-5553-4cbd-a099-ff045bc85821-0555-9032-1,6f9d30d9-5553-4cbd-a099-ff045bc85821,6,,C48348,ROUND,,1,,b;711,,C48328,PINK,,NORETHINDRONE ACETATE 1 mg;ETHINYL ESTRADIOL 20 ug;,NORETHINDRONE ACETATE[NORETHINDRONE];ETHINYL ESTRADIOL[ETHINYL ESTRADIOL];,"CALCIUM STEARATE;FD&C RED NO. 40;LACTOSE MONOHYDRATE;MICROCRYSTALLINE CELLULOSE;STARCH, CORN;SODIUM STARCH GLYCOLATE TYPE A POTATO;",HRX,BPCK,{5 (ethinyl estradiol 0.02 MG / norethindrone acetate 1 MG Oral Tablet) / 7 (ethinyl estradiol 0.03 MG / norethindrone acetate 1 MG Oral Tablet) / 9 (ethinyl estradiol 0.035 MG / norethindrone acetate 1 MG Oral Tablet) / 7 (ferrous fumarate 75 MG Oral Tablet) } Pack [Tri-Legest 28 Day],1359135,2020-02-10 16:23:06,0555-9032,1,Tri-Legest Fe,5559032,555,9032,Tri-Legest Fe,active,20171031,3fb335d2-d9ed-4fcf-91dc-cb84c09aac21.xml,,C42998,34391-3,,,LABELER,"Teva Pharmaceuticals USA, Inc.",C73584,NLM,TRUE,,8,,,TRUE,FALSE,FALSE,TRUE,TRUE
00555-9032-70_PART_3_OF_4_CHAL10_SF_5B2FAD8D.jpg,00555-9032-70,9032,TRUE,TRUE,FALSE,fcn_mix_weight/dr_224/00555-9032-70_PART_3_OF_4_CHAL10_SF_5B2FAD8D.jpg,00555-9032-70_5B2FAD8D,11532,TRUE,10/17/2017 05:30:11 PM,2020-02-10 17:11:41,6f9d30d9-5553-4cbd-a099-ff045bc85821-0555-9032-2,6f9d30d9-5553-4cbd-a099-ff045bc85821,6,,C48348,ROUND,,1,,b;712,,C48330,YELLOW,,NORETHINDRONE ACETATE 1 mg;ETHINYL ESTRADIOL 30 ug;,NORETHINDRONE ACETATE[NORETHINDRONE];ETHINYL ESTRADIOL[ETHINYL ESTRADIOL];,"CALCIUM STEARATE;D&C YELLOW NO. 10;LACTOSE MONOHYDRATE;MICROCRYSTALLINE CELLULOSE;STARCH, CORN;SODIUM STARCH GLYCOLATE TYPE A POTATO;",HRX,BPCK,{5 (ethinyl estradiol 0.02 MG / norethindrone acetate 1 MG Oral Tablet) / 7 (ethinyl estradiol 0.03 MG / norethindrone acetate 1 MG Oral Tablet) / 9 (ethinyl estradiol 0.035 MG / norethindrone acetate 1 MG Oral Tablet) / 7 (ferrous fumarate 75 MG Oral Tablet) } Pack [Tri-Legest 28 Day],1359135,2020-02-10 16:08:05,0555-9032,2,Tri-Legest Fe,5559032,555,9032,Tri-Legest Fe,active,20171031,3fb335d2-d9ed-4fcf-91dc-cb84c09aac21.xml,,C42998,34391-3,,,LABELER,"Teva Pharmaceuticals USA, Inc.",C73584,NLM,TRUE,,8,,,TRUE,FALSE,FALSE,TRUE,TRUE
00555-9032-70_PART_3_OF_4_CHAL10_SF_5B2FAD8D.jpg,00555-9032-70,9032,TRUE,TRUE,FALSE,fcn_mix_weight/dr_224/00555-9032-70_PART_3_OF_4_CHAL10_SF_5B2FAD8D.jpg,00555-9032-70_5B2FAD8D,19098,TRUE,10/17/2017 05:30:43 PM,2020-02-10 16:59:51,6f9d30d9-5553-4cbd-a099-ff045bc85821-0555-9032-3,6f9d30d9-5553-4cbd-a099-ff045bc85821,6,,C48348,ROUND,,1,,b;713,,C48333,BLUE,,NORETHINDRONE ACETATE 1 mg;ETHINYL ESTRADIOL 35 ug;,NORETHINDRONE ACETATE[NORETHINDRONE];ETHINYL ESTRADIOL[ETHINYL ESTRADIOL];,"CALCIUM STEARATE;FD&C BLUE NO. 2;LACTOSE MONOHYDRATE;MICROCRYSTALLINE CELLULOSE;STARCH, CORN;SODIUM STARCH GLYCOLATE TYPE A POTATO;",HRX,BPCK,{5 (ethinyl estradiol 0.02 MG / norethindrone acetate 1 MG Oral Tablet) / 7 (ethinyl estradiol 0.03 MG / norethindrone acetate 1 MG Oral Tablet) / 9 (ethinyl estradiol 0.035 MG / norethindrone acetate 1 MG Oral Tablet) / 7 (ferrous fumarate 75 MG Oral Tablet) } Pack [Tri-Legest 28 Day],1359135,2020-02-10 16:26:03,0555-9032,3,Tri-Legest Fe,5559032,555,9032,Tri-Legest Fe,active,20171031,3fb335d2-d9ed-4fcf-91dc-cb84c09aac21.xml,,C42998,34391-3,,,LABELER,"Teva Pharmaceuticals USA, Inc.",C73584,NLM,TRUE,,8,,,TRUE,FALSE,FALSE,TRUE,TRUE
00555-9032-70_PART_3_OF_4_CHAL10_SF_5B2FAD8D.jpg,00555-9032-70,9032,TRUE,TRUE,FALSE,fcn_mix_weight/dr_224/00555-9032-70_PART_3_OF_4_CHAL10_SF_5B2FAD8D.jpg,00555-9032-70_5B2FAD8D,45940,TRUE,10/17/2017 05:32:42 PM,2020-02-10 17:00:40,6f9d30d9-5553-4cbd-a099-ff045bc85821-0555-9032-4,6f9d30d9-5553-4cbd-a099-ff045bc85821,6,,C48348,ROUND,,1,,b;247,,C48332,BROWN,,,,CROSPOVIDONE (15 MPA.S AT 5%);FERROUS FUMARATE;COTTONSEED OIL;MICROCRYSTALLINE CELLULOSE;,HRX,BPCK,{5 (ethinyl estradiol 0.02 MG / norethindrone acetate 1 MG Oral Tablet) / 7 (ethinyl estradiol 0.03 MG / norethindrone acetate 1 MG Oral Tablet) / 9 (ethinyl estradiol 0.035 MG / norethindrone acetate 1 MG Oral Tablet) / 7 (ferrous fumarate 75 MG Oral Tablet) } Pack [Tri-Legest 28 Day],1359135,2020-02-10 15:12:04,0555-9032,4,Tri-Legest Fe,5559032,555,9032,Tri-Legest Fe,active,20171031,3fb335d2-d9ed-4fcf-91dc-cb84c09aac21.xml,,C42998,34391-3,,,LABELER,"Teva Pharmaceuticals USA, Inc.",C73584,NLM,TRUE,,8,,,TRUE,FALSE,FALSE,TRUE,TRUE
00555-9032-70_PART_4_OF_4_CHAL10_SB_5F2FAFCD.jpg,00555-9032-70,9032,TRUE,FALSE,FALSE,fcn_mix_weight/dr_224/00555-9032-70_PART_4_OF_4_CHAL10_SB_5F2FAFCD.jpg,00555-9032-70_5F2FAFCD,20044,TRUE,10/17/2017 05:30:47 PM,2020-02-10 16:59:19,6f9d30d9-5553-4cbd-a099-ff045bc85821-0555-9032-1,6f9d30d9-5553-4cbd-a099-ff045bc85821,6,,C48348,ROUND,,1,,b;711,,C48328,PINK,,NORETHINDRONE ACETATE 1 mg;ETHINYL ESTRADIOL 20 ug;,NORETHINDRONE ACETATE[NORETHINDRONE];ETHINYL ESTRADIOL[ETHINYL ESTRADIOL];,"CALCIUM STEARATE;FD&C RED NO. 40;LACTOSE MONOHYDRATE;MICROCRYSTALLINE CELLULOSE;STARCH, CORN;SODIUM STARCH GLYCOLATE TYPE A POTATO;",HRX,BPCK,{5 (ethinyl estradiol 0.02 MG / norethindrone acetate 1 MG Oral Tablet) / 7 (ethinyl estradiol 0.03 MG / norethindrone acetate 1 MG Oral Tablet) / 9 (ethinyl estradiol 0.035 MG / norethindrone acetate 1 MG Oral Tablet) / 7 (ferrous fumarate 75 MG Oral Tablet) } Pack [Tri-Legest 28 Day],1359135,2020-02-10 16:23:06,0555-9032,1,Tri-Legest Fe,5559032,555,9032,Tri-Legest Fe,active,20171031,3fb335d2-d9ed-4fcf-91dc-cb84c09aac21.xml,,C42998,34391-3,,,LABELER,"Teva Pharmaceuticals USA, Inc.",C73584,NLM,TRUE,,8,,,TRUE,FALSE,FALSE,TRUE,TRUE
00555-9032-70_PART_4_OF_4_CHAL10_SB_5F2FAFCD.jpg,00555-9032-70,9032,TRUE,FALSE,FALSE,fcn_mix_weight/dr_224/00555-9032-70_PART_4_OF_4_CHAL10_SB_5F2FAFCD.jpg,00555-9032-70_5F2FAFCD,11532,TRUE,10/17/2017 05:30:11 PM,2020-02-10 17:11:41,6f9d30d9-5553-4cbd-a099-ff045bc85821-0555-9032-2,6f9d30d9-5553-4cbd-a099-ff045bc85821,6,,C48348,ROUND,,1,,b;712,,C48330,YELLOW,,NORETHINDRONE ACETATE 1 mg;ETHINYL ESTRADIOL 30 ug;,NORETHINDRONE ACETATE[NORETHINDRONE];ETHINYL ESTRADIOL[ETHINYL ESTRADIOL];,"CALCIUM STEARATE;D&C YELLOW NO. 10;LACTOSE MONOHYDRATE;MICROCRYSTALLINE CELLULOSE;STARCH, CORN;SODIUM STARCH GLYCOLATE TYPE A POTATO;",HRX,BPCK,{5 (ethinyl estradiol 0.02 MG / norethindrone acetate 1 MG Oral Tablet) / 7 (ethinyl estradiol 0.03 MG / norethindrone acetate 1 MG Oral Tablet) / 9 (ethinyl estradiol 0.035 MG / norethindrone acetate 1 MG Oral Tablet) / 7 (ferrous fumarate 75 MG Oral Tablet) } Pack [Tri-Legest 28 Day],1359135,2020-02-10 16:08:05,0555-9032,2,Tri-Legest Fe,5559032,555,9032,Tri-Legest Fe,active,20171031,3fb335d2-d9ed-4fcf-91dc-cb84c09aac21.xml,,C42998,34391-3,,,LABELER,"Teva Pharmaceuticals USA, Inc.",C73584,NLM,TRUE,,8,,,TRUE,FALSE,FALSE,TRUE,TRUE
00555-9032-70_PART_4_OF_4_CHAL10_SB_5F2FAFCD.jpg,00555-9032-70,9032,TRUE,FALSE,FALSE,fcn_mix_weight/dr_224/00555-9032-70_PART_4_OF_4_CHAL10_SB_5F2FAFCD.jpg,00555-9032-70_5F2FAFCD,19098,TRUE,10/17/2017 05:30:43 PM,2020-02-10 16:59:51,6f9d30d9-5553-4cbd-a099-ff045bc85821-0555-9032-3,6f9d30d9-5553-4cbd-a099-ff045bc85821,6,,C48348,ROUND,,1,,b;713,,C48333,BLUE,,NORETHINDRONE ACETATE 1 mg;ETHINYL ESTRADIOL 35 ug;,NORETHINDRONE ACETATE[NORETHINDRONE];ETHINYL ESTRADIOL[ETHINYL ESTRADIOL];,"CALCIUM STEARATE;FD&C BLUE NO. 2;LACTOSE MONOHYDRATE;MICROCRYSTALLINE CELLULOSE;STARCH, CORN;SODIUM STARCH GLYCOLATE TYPE A POTATO;",HRX,BPCK,{5 (ethinyl estradiol 0.02 MG / norethindrone acetate 1 MG Oral Tablet) / 7 (ethinyl estradiol 0.03 MG / norethindrone acetate 1 MG Oral Tablet) / 9 (ethinyl estradiol 0.035 MG / norethindrone acetate 1 MG Oral Tablet) / 7 (ferrous fumarate 75 MG Oral Tablet) } Pack [Tri-Legest 28 Day],1359135,2020-02-10 16:26:03,0555-9032,3,Tri-Legest Fe,5559032,555,9032,Tri-Legest Fe,active,20171031,3fb335d2-d9ed-4fcf-91dc-cb84c09aac21.xml,,C42998,34391-3,,,LABELER,"Teva Pharmaceuticals USA, Inc.",C73584,NLM,TRUE,,8,,,TRUE,FALSE,FALSE,TRUE,TRUE
00555-9032-70_PART_4_OF_4_CHAL10_SB_5F2FAFCD.jpg,00555-9032-70,9032,TRUE,FALSE,FALSE,fcn_mix_weight/dr_224/00555-9032-70_PART_4_OF_4_CHAL10_SB_5F2FAFCD.jpg,00555-9032-70_5F2FAFCD,45940,TRUE,10/17/2017 05:32:42 PM,2020-02-10 17:00:40,6f9d30d9-5553-4cbd-a099-ff045bc85821-0555-9032-4,6f9d30d9-5553-4cbd-a099-ff045bc85821,6,,C48348,ROUND,,1,,b;247,,C48332,BROWN,,,,CROSPOVIDONE (15 MPA.S AT 5%);FERROUS FUMARATE;COTTONSEED OIL;MICROCRYSTALLINE CELLULOSE;,HRX,BPCK,{5 (ethinyl estradiol 0.02 MG / norethindrone acetate 1 MG Oral Tablet) / 7 (ethinyl estradiol 0.03 MG / norethindrone acetate 1 MG Oral Tablet) / 9 (ethinyl estradiol 0.035 MG / norethindrone acetate 1 MG Oral Tablet) / 7 (ferrous fumarate 75 MG Oral Tablet) } Pack [Tri-Legest 28 Day],1359135,2020-02-10 15:12:04,0555-9032,4,Tri-Legest Fe,5559032,555,9032,Tri-Legest Fe,active,20171031,3fb335d2-d9ed-4fcf-91dc-cb84c09aac21.xml,,C42998,34391-3,,,LABELER,"Teva Pharmaceuticals USA, Inc.",C73584,NLM,TRUE,,8,,,TRUE,FALSE,FALSE,TRUE,TRUE
00555-9032-70_PART_4_OF_4_CHAL10_SF_5F2FAFCD.jpg,00555-9032-70,9032,TRUE,TRUE,FALSE,fcn_mix_weight/dr_224/00555-9032-70_PART_4_OF_4_CHAL10_SF_5F2FAFCD.jpg,00555-9032-70_5F2FAFCD,20044,TRUE,10/17/2017 05:30:47 PM,2020-02-10 16:59:19,6f9d30d9-5553-4cbd-a099-ff045bc85821-0555-9032-1,6f9d30d9-5553-4cbd-a099-ff045bc85821,6,,C48348,ROUND,,1,,b;711,,C48328,PINK,,NORETHINDRONE ACETATE 1 mg;ETHINYL ESTRADIOL 20 ug;,NORETHINDRONE ACETATE[NORETHINDRONE];ETHINYL ESTRADIOL[ETHINYL ESTRADIOL];,"CALCIUM STEARATE;FD&C RED NO. 40;LACTOSE MONOHYDRATE;MICROCRYSTALLINE CELLULOSE;STARCH, CORN;SODIUM STARCH GLYCOLATE TYPE A POTATO;",HRX,BPCK,{5 (ethinyl estradiol 0.02 MG / norethindrone acetate 1 MG Oral Tablet) / 7 (ethinyl estradiol 0.03 MG / norethindrone acetate 1 MG Oral Tablet) / 9 (ethinyl estradiol 0.035 MG / norethindrone acetate 1 MG Oral Tablet) / 7 (ferrous fumarate 75 MG Oral Tablet) } Pack [Tri-Legest 28 Day],1359135,2020-02-10 16:23:06,0555-9032,1,Tri-Legest Fe,5559032,555,9032,Tri-Legest Fe,active,20171031,3fb335d2-d9ed-4fcf-91dc-cb84c09aac21.xml,,C42998,34391-3,,,LABELER,"Teva Pharmaceuticals USA, Inc.",C73584,NLM,TRUE,,8,,,TRUE,FALSE,FALSE,TRUE,TRUE
00555-9032-70_PART_4_OF_4_CHAL10_SF_5F2FAFCD.jpg,00555-9032-70,9032,TRUE,TRUE,FALSE,fcn_mix_weight/dr_224/00555-9032-70_PART_4_OF_4_CHAL10_SF_5F2FAFCD.jpg,00555-9032-70_5F2FAFCD,11532,TRUE,10/17/2017 05:30:11 PM,2020-02-10 17:11:41,6f9d30d9-5553-4cbd-a099-ff045bc85821-0555-9032-2,6f9d30d9-5553-4cbd-a099-ff045bc85821,6,,C48348,ROUND,,1,,b;712,,C48330,YELLOW,,NORETHINDRONE ACETATE 1 mg;ETHINYL ESTRADIOL 30 ug;,NORETHINDRONE ACETATE[NORETHINDRONE];ETHINYL ESTRADIOL[ETHINYL ESTRADIOL];,"CALCIUM STEARATE;D&C YELLOW NO. 10;LACTOSE MONOHYDRATE;MICROCRYSTALLINE CELLULOSE;STARCH, CORN;SODIUM STARCH GLYCOLATE TYPE A POTATO;",HRX,BPCK,{5 (ethinyl estradiol 0.02 MG / norethindrone acetate 1 MG Oral Tablet) / 7 (ethinyl estradiol 0.03 MG / norethindrone acetate 1 MG Oral Tablet) / 9 (ethinyl estradiol 0.035 MG / norethindrone acetate 1 MG Oral Tablet) / 7 (ferrous fumarate 75 MG Oral Tablet) } Pack [Tri-Legest 28 Day],1359135,2020-02-10 16:08:05,0555-9032,2,Tri-Legest Fe,5559032,555,9032,Tri-Legest Fe,active,20171031,3fb335d2-d9ed-4fcf-91dc-cb84c09aac21.xml,,C42998,34391-3,,,LABELER,"Teva Pharmaceuticals USA, Inc.",C73584,NLM,TRUE,,8,,,TRUE,FALSE,FALSE,TRUE,TRUE
00555-9032-70_PART_4_OF_4_CHAL10_SF_5F2FAFCD.jpg,00555-9032-70,9032,TRUE,TRUE,FALSE,fcn_mix_weight/dr_224/00555-9032-70_PART_4_OF_4_CHAL10_SF_5F2FAFCD.jpg,00555-9032-70_5F2FAFCD,19098,TRUE,10/17/2017 05:30:43 PM,2020-02-10 16:59:51,6f9d30d9-5553-4cbd-a099-ff045bc85821-0555-9032-3,6f9d30d9-5553-4cbd-a099-ff045bc85821,6,,C48348,ROUND,,1,,b;713,,C48333,BLUE,,NORETHINDRONE ACETATE 1 mg;ETHINYL ESTRADIOL 35 ug;,NORETHINDRONE ACETATE[NORETHINDRONE];ETHINYL ESTRADIOL[ETHINYL ESTRADIOL];,"CALCIUM STEARATE;FD&C BLUE NO. 2;LACTOSE MONOHYDRATE;MICROCRYSTALLINE CELLULOSE;STARCH, CORN;SODIUM STARCH GLYCOLATE TYPE A POTATO;",HRX,BPCK,{5 (ethinyl estradiol 0.02 MG / norethindrone acetate 1 MG Oral Tablet) / 7 (ethinyl estradiol 0.03 MG / norethindrone acetate 1 MG Oral Tablet) / 9 (ethinyl estradiol 0.035 MG / norethindrone acetate 1 MG Oral Tablet) / 7 (ferrous fumarate 75 MG Oral Tablet) } Pack [Tri-Legest 28 Day],1359135,2020-02-10 16:26:03,0555-9032,3,Tri-Legest Fe,5559032,555,9032,Tri-Legest Fe,active,20171031,3fb335d2-d9ed-4fcf-91dc-cb84c09aac21.xml,,C42998,34391-3,,,LABELER,"Teva Pharmaceuticals USA, Inc.",C73584,NLM,TRUE,,8,,,TRUE,FALSE,FALSE,TRUE,TRUE
00555-9032-70_PART_4_OF_4_CHAL10_SF_5F2FAFCD.jpg,00555-9032-70,9032,TRUE,TRUE,FALSE,fcn_mix_weight/dr_224/00555-9032-70_PART_4_OF_4_CHAL10_SF_5F2FAFCD.jpg,00555-9032-70_5F2FAFCD,45940,TRUE,10/17/2017 05:32:42 PM,2020-02-10 17:00:40,6f9d30d9-5553-4cbd-a099-ff045bc85821-0555-9032-4,6f9d30d9-5553-4cbd-a099-ff045bc85821,6,,C48348,ROUND,,1,,b;247,,C48332,BROWN,,,,CROSPOVIDONE (15 MPA.S AT 5%);FERROUS FUMARATE;COTTONSEED OIL;MICROCRYSTALLINE CELLULOSE;,HRX,BPCK,{5 (ethinyl estradiol 0.02 MG / norethindrone acetate 1 MG Oral Tablet) / 7 (ethinyl estradiol 0.03 MG / norethindrone acetate 1 MG Oral Tablet) / 9 (ethinyl estradiol 0.035 MG / norethindrone acetate 1 MG Oral Tablet) / 7 (ferrous fumarate 75 MG Oral Tablet) } Pack [Tri-Legest 28 Day],1359135,2020-02-10 15:12:04,0555-9032,4,Tri-Legest Fe,5559032,555,9032,Tri-Legest Fe,active,20171031,3fb335d2-d9ed-4fcf-91dc-cb84c09aac21.xml,,C42998,34391-3,,,LABELER,"Teva Pharmaceuticals USA, Inc.",C73584,NLM,TRUE,,8,,,TRUE,FALSE,FALSE,TRUE,TRUE
00591-0302-01_PART_1_OF_1_CHAL10_SB_8D2046C2.jpg,00591-0302-01,302,TRUE,FALSE,FALSE,fcn_mix_weight/dr_224/00591-0302-01_PART_1_OF_1_CHAL10_SB_8D2046C2.jpg,00591-0302-01_8D2046C2,31987,TRUE,10/17/2017 05:31:38 PM,2020-02-10 17:08:42,A15D7845-5827-481D-BA3F-E4883489A5EF-0591-0302-0,A15D7845-5827-481D-BA3F-E4883489A5EF,9,,C48348,ROUND,,2,,watson;302,,C48325,WHITE,,,,,HRX,,,,2020-02-10 15:51:39,0591-0302,0,,5910302,591,302,Furosemide,,20070528,A15D7845-5827-481D-BA3F-E4883489A5EF.xml,,C42998,34391-3,,,LABELER,Watson Labs,,NLM,TRUE,,1,,,TRUE,FALSE,FALSE,TRUE,TRUE
00591-0302-01_PART_1_OF_1_CHAL10_SF_8D2046C2.jpg,00591-0302-01,302,TRUE,TRUE,FALSE,fcn_mix_weight/dr_224/00591-0302-01_PART_1_OF_1_CHAL10_SF_8D2046C2.jpg,00591-0302-01_8D2046C2,31987,TRUE,10/17/2017 05:31:38 PM,2020-02-10 17:08:42,A15D7845-5827-481D-BA3F-E4883489A5EF-0591-0302-0,A15D7845-5827-481D-BA3F-E4883489A5EF,9,,C48348,ROUND,,2,,watson;302,,C48325,WHITE,,,,,HRX,,,,2020-02-10 15:51:39,0591-0302,0,,5910302,591,302,Furosemide,,20070528,A15D7845-5827-481D-BA3F-E4883489A5EF.xml,,C42998,34391-3,,,LABELER,Watson Labs,,NLM,TRUE,,1,,,TRUE,FALSE,FALSE,TRUE,TRUE
00591-0406-01_PART_1_OF_1_CHAL10_SB_5C21AE6D.jpg,00591-0406-01,406,TRUE,FALSE,FALSE,fcn_mix_weight/dr_224/00591-0406-01_PART_1_OF_1_CHAL10_SB_5C21AE6D.jpg,00591-0406-01_5C21AE6D,7104,TRUE,10/17/2017 05:29:52 PM,2020-02-10 17:11:24,43e2c8d1-3704-4323-bcaf-f582572b81f7-0591-0406-0,43e2c8d1-3704-4323-bcaf-f582572b81f7,10,,C48345,OVAL,,2,,WAT;SON;406,,C48325,WHITE,,LISINOPRIL 5 mg;,LISINOPRIL[LISINOPRIL ANHYDROUS];,"SILICON DIOXIDE;DIBASIC CALCIUM PHOSPHATE DIHYDRATE;MAGNESIUM STEARATE;MANNITOL;STARCH, CORN;",HRX,SCD,lisinopril 5 MG Oral Tablet,311354,2020-02-10 16:06:36,0591-0406,0,,5910406,591,406,Lisinopril,active,20171130,9e5e55f7-6e43-41eb-91d8-1c6e48abb85a.xml,,C42998,34391-3,,,LABELER,"Actavis Pharma, Inc.",C73584,NLM,TRUE,,32,,,TRUE,FALSE,FALSE,TRUE,TRUE
00591-0406-01_PART_1_OF_1_CHAL10_SF_5C21AE6D.jpg,00591-0406-01,406,TRUE,TRUE,FALSE,fcn_mix_weight/dr_224/00591-0406-01_PART_1_OF_1_CHAL10_SF_5C21AE6D.jpg,00591-0406-01_5C21AE6D,7104,TRUE,10/17/2017 05:29:52 PM,2020-02-10 17:11:24,43e2c8d1-3704-4323-bcaf-f582572b81f7-0591-0406-0,43e2c8d1-3704-4323-bcaf-f582572b81f7,10,,C48345,OVAL,,2,,WAT;SON;406,,C48325,WHITE,,LISINOPRIL 5 mg;,LISINOPRIL[LISINOPRIL ANHYDROUS];,"SILICON DIOXIDE;DIBASIC CALCIUM PHOSPHATE DIHYDRATE;MAGNESIUM STEARATE;MANNITOL;STARCH, CORN;",HRX,SCD,lisinopril 5 MG Oral Tablet,311354,2020-02-10 16:06:36,0591-0406,0,,5910406,591,406,Lisinopril,active,20171130,9e5e55f7-6e43-41eb-91d8-1c6e48abb85a.xml,,C42998,34391-3,,,LABELER,"Actavis Pharma, Inc.",C73584,NLM,TRUE,,32,,,TRUE,FALSE,FALSE,TRUE,TRUE
00591-2473-19_PART_1_OF_1_CHAL10_SB_F11D78AB.jpg,00591-2473-19,2473,TRUE,FALSE,FALSE,fcn_mix_weight/dr_224/00591-2473-19_PART_1_OF_1_CHAL10_SB_F11D78AB.jpg,00591-2473-19_F11D78AB,47801,TRUE,10/17/2017 05:32:50 PM,2020-02-10 17:11:50,9b8a4211-120f-4981-ad69-928accb97637-0591-2473-0,9b8a4211-120f-4981-ad69-928accb97637,10,,C48348,ROUND,,1,,2233;WPI,,C48325,WHITE,,TAMOXIFEN CITRATE 20 mg;,TAMOXIFEN CITRATE[TAMOXIFEN];,"CROSCARMELLOSE SODIUM;LACTOSE MONOHYDRATE;MAGNESIUM STEARATE;CELLULOSE, MICROCRYSTALLINE;STARCH, CORN;",HRX,SCD,tamoxifen 20 MG Oral Tablet,313195,2020-02-10 16:08:55,0591-2473,0,,5912473,591,2473,Tamoxifen Citrate,active,20150401,59d42648-ac44-4c90-b630-700275ab5a0e.xml,,C42998,34391-3,,,LABELER,"Actavis Pharma, Inc.",C73584,NLM,TRUE,,4,,,TRUE,FALSE,FALSE,TRUE,TRUE
00591-2473-19_PART_1_OF_1_CHAL10_SF_F11D78AB.jpg,00591-2473-19,2473,TRUE,TRUE,FALSE,fcn_mix_weight/dr_224/00591-2473-19_PART_1_OF_1_CHAL10_SF_F11D78AB.jpg,00591-2473-19_F11D78AB,47801,TRUE,10/17/2017 05:32:50 PM,2020-02-10 17:11:50,9b8a4211-120f-4981-ad69-928accb97637-0591-2473-0,9b8a4211-120f-4981-ad69-928accb97637,10,,C48348,ROUND,,1,,2233;WPI,,C48325,WHITE,,TAMOXIFEN CITRATE 20 mg;,TAMOXIFEN CITRATE[TAMOXIFEN];,"CROSCARMELLOSE SODIUM;LACTOSE MONOHYDRATE;MAGNESIUM STEARATE;CELLULOSE, MICROCRYSTALLINE;STARCH, CORN;",HRX,SCD,tamoxifen 20 MG Oral Tablet,313195,2020-02-10 16:08:55,0591-2473,0,,5912473,591,2473,Tamoxifen Citrate,active,20150401,59d42648-ac44-4c90-b630-700275ab5a0e.xml,,C42998,34391-3,,,LABELER,"Actavis Pharma, Inc.",C73584,NLM,TRUE,,4,,,TRUE,FALSE,FALSE,TRUE,TRUE
00591-3202-01_PART_1_OF_1_CHAL10_SB_C11FE0FF.jpg,00591-3202-01,3202,TRUE,FALSE,FALSE,fcn_mix_weight/dr_224/00591-3202-01_PART_1_OF_1_CHAL10_SB_C11FE0FF.jpg,00591-3202-01_C11FE0FF,19120,TRUE,10/17/2017 05:30:43 PM,2020-02-10 17:16:25,fa32969f-7210-47ec-bbd1-f62bea8989a7-0591-3202-0,fa32969f-7210-47ec-bbd1-f62bea8989a7,14,,C48336,CAPSULE,OVAL,2,,WATSON;3202,,C48331;C48325,ORANGE;WHITE,,HYDROCODONE BITARTRATE 5 mg;ACETAMINOPHEN 325 mg;,HYDROCODONE BITARTRATE[HYDROCODONE];ACETAMINOPHEN[ACETAMINOPHEN];,"SILICON DIOXIDE;STARCH, CORN;CROSCARMELLOSE SODIUM;CROSPOVIDONE;CELLULOSE, MICROCRYSTALLINE;POVIDONES;STEARIC ACID;SUCROSE;FD&C YELLOW NO. 6;",HRX,,,,2020-02-10 15:58:59,0591-3202,0,,5913202,591,3202,Hydrocodone Bitartate and Acetaminophen,active,20140801,cf53b11b-9eab-4a4c-b44b-e242be57a0ff.xml,,C42998,34391-3,C48675,CII,LABELER,"Actavis Pharma, Inc.",C73584,NLM,TRUE,,10,,,TRUE,FALSE,FALSE,TRUE,TRUE
00591-3202-01_PART_1_OF_1_CHAL10_SF_C11FE0FF.jpg,00591-3202-01,3202,TRUE,TRUE,FALSE,fcn_mix_weight/dr_224/00591-3202-01_PART_1_OF_1_CHAL10_SF_C11FE0FF.jpg,00591-3202-01_C11FE0FF,19120,TRUE,10/17/2017 05:30:43 PM,2020-02-10 17:16:25,fa32969f-7210-47ec-bbd1-f62bea8989a7-0591-3202-0,fa32969f-7210-47ec-bbd1-f62bea8989a7,14,,C48336,CAPSULE,OVAL,2,,WATSON;3202,,C48331;C48325,ORANGE;WHITE,,HYDROCODONE BITARTRATE 5 mg;ACETAMINOPHEN 325 mg;,HYDROCODONE BITARTRATE[HYDROCODONE];ACETAMINOPHEN[ACETAMINOPHEN];,"SILICON DIOXIDE;STARCH, CORN;CROSCARMELLOSE SODIUM;CROSPOVIDONE;CELLULOSE, MICROCRYSTALLINE;POVIDONES;STEARIC ACID;SUCROSE;FD&C YELLOW NO. 6;",HRX,,,,2020-02-10 15:58:59,0591-3202,0,,5913202,591,3202,Hydrocodone Bitartate and Acetaminophen,active,20140801,cf53b11b-9eab-4a4c-b44b-e242be57a0ff.xml,,C42998,34391-3,C48675,CII,LABELER,"Actavis Pharma, Inc.",C73584,NLM,TRUE,,10,,,TRUE,FALSE,FALSE,TRUE,TRUE
00591-3210-60_PART_1_OF_1_CHAL10_SB_341C9A14.jpg,00591-3210-60,3210,TRUE,FALSE,FALSE,fcn_mix_weight/dr_224/00591-3210-60_PART_1_OF_1_CHAL10_SB_341C9A14.jpg,00591-3210-60_341C9A14,48238,TRUE,10/17/2017 05:32:52 PM,2020-02-10 17:09:22,36b4f524-90e6-415c-8c0c-8983da2c7fd4-0591-3210-0,36b4f524-90e6-415c-8c0c-8983da2c7fd4,18,,C48336,CAPSULE,,1,,WATSON;3210,,C48332,BROWN,,RIVASTIGMINE TARTRATE 4.5 mg;,RIVASTIGMINE TARTRATE[RIVASTIGMINE];,"SILICON DIOXIDE;HYPROMELLOSE, UNSPECIFIED;MAGNESIUM STEARATE;MICROCRYSTALLINE CELLULOSE;GELATIN;TITANIUM DIOXIDE;FERRIC OXIDE YELLOW;FERRIC OXIDE RED;FERROSOFERRIC OXIDE;D&C YELLOW NO. 10;FD&C BLUE NO. 1;FD&C BLUE NO. 2;INDIGOTINDISULFONATE SODIUM;FD&C RED NO. 40;SHELLAC;PROPYLENE GLYCOL;",HRX,SCD,rivastigmine 4.5 MG Oral Capsule,314215,2020-02-10 15:55:05,0591-3210,0,,5913210,591,3210,Rivastigmine Tartrate,completed,20190331,b7365bec-a71e-4aa8-a5ee-26b9c5ff9058.xml,,C25158,34391-3,,,LABELER,"Actavis Pharma, Inc.",C73584,NLM,TRUE,,19,,,TRUE,FALSE,FALSE,TRUE,TRUE
00591-3210-60_PART_1_OF_1_CHAL10_SF_341C9A14.jpg,00591-3210-60,3210,TRUE,TRUE,FALSE,fcn_mix_weight/dr_224/00591-3210-60_PART_1_OF_1_CHAL10_SF_341C9A14.jpg,00591-3210-60_341C9A14,48238,TRUE,10/17/2017 05:32:52 PM,2020-02-10 17:09:22,36b4f524-90e6-415c-8c0c-8983da2c7fd4-0591-3210-0,36b4f524-90e6-415c-8c0c-8983da2c7fd4,18,,C48336,CAPSULE,,1,,WATSON;3210,,C48332,BROWN,,RIVASTIGMINE TARTRATE 4.5 mg;,RIVASTIGMINE TARTRATE[RIVASTIGMINE];,"SILICON DIOXIDE;HYPROMELLOSE, UNSPECIFIED;MAGNESIUM STEARATE;MICROCRYSTALLINE CELLULOSE;GELATIN;TITANIUM DIOXIDE;FERRIC OXIDE YELLOW;FERRIC OXIDE RED;FERROSOFERRIC OXIDE;D&C YELLOW NO. 10;FD&C BLUE NO. 1;FD&C BLUE NO. 2;INDIGOTINDISULFONATE SODIUM;FD&C RED NO. 40;SHELLAC;PROPYLENE GLYCOL;",HRX,SCD,rivastigmine 4.5 MG Oral Capsule,314215,2020-02-10 15:55:05,0591-3210,0,,5913210,591,3210,Rivastigmine Tartrate,completed,20190331,b7365bec-a71e-4aa8-a5ee-26b9c5ff9058.xml,,C25158,34391-3,,,LABELER,"Actavis Pharma, Inc.",C73584,NLM,TRUE,,19,,,TRUE,FALSE,FALSE,TRUE,TRUE
00591-5052-01_PART_1_OF_1_CHAL10_SB_BD215E8A.jpg,00591-5052-01,5052,TRUE,FALSE,FALSE,fcn_mix_weight/dr_224/00591-5052-01_PART_1_OF_1_CHAL10_SB_BD215E8A.jpg,00591-5052-01_BD215E8A,23928,TRUE,10/17/2017 05:31:03 PM,2020-02-10 17:13:35,aa0b1582-6ef3-4697-9ea6-5391e6e57853-0591-5052-0,aa0b1582-6ef3-4697-9ea6-5391e6e57853,6,,C48348,ROUND,,2,,DAN;DAN;5052,,C48325,WHITE,,PREDNISONE 5 mg;,PREDNISONE[PREDNISONE];,ANHYDROUS LACTOSE;SILICON DIOXIDE;CROSPOVIDONE;DOCUSATE SODIUM;MAGNESIUM STEARATE;SODIUM BENZOATE;,HRX,GPCK,{21 (prednisone 5 MG Oral Tablet) } Pack,763181,2020-02-10 16:18:43,0591-5052,0,,5915052,591,5052,Prednisone,active,20151030,03ae0f16-3d26-4f67-8ab7-1164b1dbc182.xml,,C42998,34391-3,,,LABELER,"Actavis Pharma, Inc.",C73584,NLM,TRUE,,13,,,TRUE,FALSE,FALSE,TRUE,TRUE
00591-5052-01_PART_1_OF_1_CHAL10_SF_BD215E8A.jpg,00591-5052-01,5052,TRUE,TRUE,FALSE,fcn_mix_weight/dr_224/00591-5052-01_PART_1_OF_1_CHAL10_SF_BD215E8A.jpg,00591-5052-01_BD215E8A,23928,TRUE,10/17/2017 05:31:03 PM,2020-02-10 17:13:35,aa0b1582-6ef3-4697-9ea6-5391e6e57853-0591-5052-0,aa0b1582-6ef3-4697-9ea6-5391e6e57853,6,,C48348,ROUND,,2,,DAN;DAN;5052,,C48325,WHITE,,PREDNISONE 5 mg;,PREDNISONE[PREDNISONE];,ANHYDROUS LACTOSE;SILICON DIOXIDE;CROSPOVIDONE;DOCUSATE SODIUM;MAGNESIUM STEARATE;SODIUM BENZOATE;,HRX,GPCK,{21 (prednisone 5 MG Oral Tablet) } Pack,763181,2020-02-10 16:18:43,0591-5052,0,,5915052,591,5052,Prednisone,active,20151030,03ae0f16-3d26-4f67-8ab7-1164b1dbc182.xml,,C42998,34391-3,,,LABELER,"Actavis Pharma, Inc.",C73584,NLM,TRUE,,13,,,TRUE,FALSE,FALSE,TRUE,TRUE
00591-5307-01_PART_1_OF_1_CHAL10_SB_B8215C7A.jpg,00591-5307-01,5307,TRUE,FALSE,FALSE,fcn_mix_weight/dr_224/00591-5307-01_PART_1_OF_1_CHAL10_SB_B8215C7A.jpg,00591-5307-01_B8215C7A,35615,TRUE,10/17/2017 05:31:55 PM,2020-02-10 17:05:06,a32255f0-0077-489e-bdc6-869aca8cd434-0591-5307-0,a32255f0-0077-489e-bdc6-869aca8cd434,8,,C48348,ROUND,,2,,DAN;DAN;5307,,C48325,WHITE,,PROMETHAZINE HYDROCHLORIDE 25 mg;,PROMETHAZINE HYDROCHLORIDE[PROMETHAZINE];,"CALCIUM PHOSPHATE, DIBASIC, DIHYDRATE;MAGNESIUM STEARATE;CELLULOSE, MICROCRYSTALLINE;SODIUM STARCH GLYCOLATE TYPE A POTATO;STEARIC ACID;",HRX,SCD,promethazine hydrochloride 25 MG Oral Tablet,992447,2020-02-10 15:33:02,0591-5307,0,,5915307,591,5307,Promethazine Hydrochloride,active,20161229,5fd7e4e2-d80d-42aa-8755-11ace6d8bab5.xml,,C42998,34391-3,,,LABELER,"Actavis Pharma, Inc.",C73584,NLM,TRUE,,6,,,TRUE,FALSE,FALSE,TRUE,TRUE
00591-5307-01_PART_1_OF_1_CHAL10_SF_B8215C7A.jpg,00591-5307-01,5307,TRUE,TRUE,FALSE,fcn_mix_weight/dr_224/00591-5307-01_PART_1_OF_1_CHAL10_SF_B8215C7A.jpg,00591-5307-01_B8215C7A,35615,TRUE,10/17/2017 05:31:55 PM,2020-02-10 17:05:06,a32255f0-0077-489e-bdc6-869aca8cd434-0591-5307-0,a32255f0-0077-489e-bdc6-869aca8cd434,8,,C48348,ROUND,,2,,DAN;DAN;5307,,C48325,WHITE,,PROMETHAZINE HYDROCHLORIDE 25 mg;,PROMETHAZINE HYDROCHLORIDE[PROMETHAZINE];,"CALCIUM PHOSPHATE, DIBASIC, DIHYDRATE;MAGNESIUM STEARATE;CELLULOSE, MICROCRYSTALLINE;SODIUM STARCH GLYCOLATE TYPE A POTATO;STEARIC ACID;",HRX,SCD,promethazine hydrochloride 25 MG Oral Tablet,992447,2020-02-10 15:33:02,0591-5307,0,,5915307,591,5307,Promethazine Hydrochloride,active,20161229,5fd7e4e2-d80d-42aa-8755-11ace6d8bab5.xml,,C42998,34391-3,,,LABELER,"Actavis Pharma, Inc.",C73584,NLM,TRUE,,6,,,TRUE,FALSE,FALSE,TRUE,TRUE
00591-5335-01_PART_1_OF_1_CHAL10_SB_501DA84D.jpg,00591-5335-01,5335,TRUE,FALSE,FALSE,fcn_mix_weight/dr_224/00591-5335-01_PART_1_OF_1_CHAL10_SB_501DA84D.jpg,00591-5335-01_501DA84D,37907,TRUE,10/17/2017 05:32:05 PM,2020-02-10 17:08:31,a44d7803-164d-4a67-9356-581c45de8596-0591-5335-0,a44d7803-164d-4a67-9356-581c45de8596,8,,C48348,ROUND,,2,,DAN;DAN;5335,,C48325,WHITE,,TRIHEXYPHENIDYL HYDROCHLORIDE 2 mg;,TRIHEXYPHENIDYL HYDROCHLORIDE[TRIHEXYPHENIDYL];,"SILICON DIOXIDE;ANHYDROUS DIBASIC CALCIUM PHOSPHATE;LACTOSE MONOHYDRATE;MAGNESIUM STEARATE;CELLULOSE, MICROCRYSTALLINE;SODIUM STARCH GLYCOLATE TYPE A POTATO;",HRX,SCD,trihexyphenidyl hydrochloride 2 MG Oral Tablet,905269,2020-02-10 15:50:40,0591-5335,0,,5915335,591,5335,Trihexyphenidyl Hydrochloride,active,20150601,ddc89b6c-1652-4fff-971c-9d8d0596e69f.xml,,C42998,34391-3,,,LABELER,"Actavis Pharma, Inc.",C73584,NLM,TRUE,,8,,,TRUE,FALSE,FALSE,TRUE,TRUE
00591-5335-01_PART_1_OF_1_CHAL10_SF_501DA84D.jpg,00591-5335-01,5335,TRUE,TRUE,FALSE,fcn_mix_weight/dr_224/00591-5335-01_PART_1_OF_1_CHAL10_SF_501DA84D.jpg,00591-5335-01_501DA84D,37907,TRUE,10/17/2017 05:32:05 PM,2020-02-10 17:08:31,a44d7803-164d-4a67-9356-581c45de8596-0591-5335-0,a44d7803-164d-4a67-9356-581c45de8596,8,,C48348,ROUND,,2,,DAN;DAN;5335,,C48325,WHITE,,TRIHEXYPHENIDYL HYDROCHLORIDE 2 mg;,TRIHEXYPHENIDYL HYDROCHLORIDE[TRIHEXYPHENIDYL];,"SILICON DIOXIDE;ANHYDROUS DIBASIC CALCIUM PHOSPHATE;LACTOSE MONOHYDRATE;MAGNESIUM STEARATE;CELLULOSE, MICROCRYSTALLINE;SODIUM STARCH GLYCOLATE TYPE A POTATO;",HRX,SCD,trihexyphenidyl hydrochloride 2 MG Oral Tablet,905269,2020-02-10 15:50:40,0591-5335,0,,5915335,591,5335,Trihexyphenidyl Hydrochloride,active,20150601,ddc89b6c-1652-4fff-971c-9d8d0596e69f.xml,,C42998,34391-3,,,LABELER,"Actavis Pharma, Inc.",C73584,NLM,TRUE,,8,,,TRUE,FALSE,FALSE,TRUE,TRUE
00591-5442-01_PART_1_OF_1_CHAL10_SB_BA205D42.jpg,00591-5442-01,5442,TRUE,FALSE,FALSE,fcn_mix_weight/dr_224/00591-5442-01_PART_1_OF_1_CHAL10_SB_BA205D42.jpg,00591-5442-01_BA205D42,8160,TRUE,10/17/2017 05:29:56 PM,2020-02-10 17:07:12,aa0b1582-6ef3-4697-9ea6-5391e6e57853-0591-5442-0,aa0b1582-6ef3-4697-9ea6-5391e6e57853,9,,C48348,ROUND,,2,,DAN;DAN;5442,,C48325,WHITE,,PREDNISONE 10 mg;,PREDNISONE[PREDNISONE];,ANHYDROUS LACTOSE;SILICON DIOXIDE;CROSPOVIDONE;DOCUSATE SODIUM;MAGNESIUM STEARATE;SODIUM BENZOATE;,HRX,GPCK,{21 (prednisone 10 MG Oral Tablet) } Pack,763185,2020-02-10 15:43:11,0591-5442,0,,5915442,591,5442,Prednisone,active,20151030,03ae0f16-3d26-4f67-8ab7-1164b1dbc182.xml,,C42998,34391-3,,,LABELER,"Actavis Pharma, Inc.",C73584,NLM,TRUE,,13,,,TRUE,FALSE,FALSE,TRUE,TRUE
00591-5442-01_PART_1_OF_1_CHAL10_SF_BA205D42.jpg,00591-5442-01,5442,TRUE,TRUE,FALSE,fcn_mix_weight/dr_224/00591-5442-01_PART_1_OF_1_CHAL10_SF_BA205D42.jpg,00591-5442-01_BA205D42,8160,TRUE,10/17/2017 05:29:56 PM,2020-02-10 17:07:12,aa0b1582-6ef3-4697-9ea6-5391e6e57853-0591-5442-0,aa0b1582-6ef3-4697-9ea6-5391e6e57853,9,,C48348,ROUND,,2,,DAN;DAN;5442,,C48325,WHITE,,PREDNISONE 10 mg;,PREDNISONE[PREDNISONE];,ANHYDROUS LACTOSE;SILICON DIOXIDE;CROSPOVIDONE;DOCUSATE SODIUM;MAGNESIUM STEARATE;SODIUM BENZOATE;,HRX,GPCK,{21 (prednisone 10 MG Oral Tablet) } Pack,763185,2020-02-10 15:43:11,0591-5442,0,,5915442,591,5442,Prednisone,active,20151030,03ae0f16-3d26-4f67-8ab7-1164b1dbc182.xml,,C42998,34391-3,,,LABELER,"Actavis Pharma, Inc.",C73584,NLM,TRUE,,13,,,TRUE,FALSE,FALSE,TRUE,TRUE
00591-5554-01_PART_1_OF_1_CHAL10_SB_E52172FB.jpg,00591-5554-01,5554,TRUE,FALSE,FALSE,fcn_mix_weight/dr_224/00591-5554-01_PART_1_OF_1_CHAL10_SB_E52172FB.jpg,00591-5554-01_E52172FB,31496,TRUE,10/17/2017 05:31:36 PM,2020-02-10 17:03:50,ab9e5678-db53-4354-998a-ed8bf1d33e90-0591-5554-0,ab9e5678-db53-4354-998a-ed8bf1d33e90,7,,C48348,ROUND,,2,,DAN;5554;10,,C48331,ORANGE,,PROPRANOLOL HYDROCHLORIDE 10 mg;,PROPRANOLOL HYDROCHLORIDE[PROPRANOLOL];,"ANHYDROUS LACTOSE;SILICON DIOXIDE;CROSCARMELLOSE SODIUM;D&C YELLOW NO. 10;MAGNESIUM STEARATE;CELLULOSE, MICROCRYSTALLINE;STEARIC ACID;FD&C YELLOW NO. 6;",HRX,SCD,propranolol hydrochloride 10 MG Oral Tablet,856448,2020-02-10 15:27:14,0591-5554,0,,5915554,591,5554,Propranolol Hydrochloride,active,20150801,c9eb1f85-2694-465e-9bca-17793419256c.xml,,C42998,34391-3,,,LABELER,"Actavis Pharma, Inc.",C73584,NLM,TRUE,,13,,,TRUE,FALSE,FALSE,TRUE,TRUE
00591-5554-01_PART_1_OF_1_CHAL10_SF_E52172FB.jpg,00591-5554-01,5554,TRUE,TRUE,FALSE,fcn_mix_weight/dr_224/00591-5554-01_PART_1_OF_1_CHAL10_SF_E52172FB.jpg,00591-5554-01_E52172FB,31496,TRUE,10/17/2017 05:31:36 PM,2020-02-10 17:03:50,ab9e5678-db53-4354-998a-ed8bf1d33e90-0591-5554-0,ab9e5678-db53-4354-998a-ed8bf1d33e90,7,,C48348,ROUND,,2,,DAN;5554;10,,C48331,ORANGE,,PROPRANOLOL HYDROCHLORIDE 10 mg;,PROPRANOLOL HYDROCHLORIDE[PROPRANOLOL];,"ANHYDROUS LACTOSE;SILICON DIOXIDE;CROSCARMELLOSE SODIUM;D&C YELLOW NO. 10;MAGNESIUM STEARATE;CELLULOSE, MICROCRYSTALLINE;STEARIC ACID;FD&C YELLOW NO. 6;",HRX,SCD,propranolol hydrochloride 10 MG Oral Tablet,856448,2020-02-10 15:27:14,0591-5554,0,,5915554,591,5554,Propranolol Hydrochloride,active,20150801,c9eb1f85-2694-465e-9bca-17793419256c.xml,,C42998,34391-3,,,LABELER,"Actavis Pharma, Inc.",C73584,NLM,TRUE,,13,,,TRUE,FALSE,FALSE,TRUE,TRUE
00591-5556-01_PART_1_OF_1_CHAL10_SB_0E21876C.jpg,00591-5556-01,5556,TRUE,FALSE,FALSE,fcn_mix_weight/dr_224/00591-5556-01_PART_1_OF_1_CHAL10_SB_0E21876C.jpg,00591-5556-01_0E21876C,36014,TRUE,10/17/2017 05:31:57 PM,2020-02-10 17:03:50,ab9e5678-db53-4354-998a-ed8bf1d33e90-0591-5556-0,ab9e5678-db53-4354-998a-ed8bf1d33e90,9,,C48348,ROUND,,2,,DAN;5556;40,,C48329,GREEN,,PROPRANOLOL HYDROCHLORIDE 40 mg;,PROPRANOLOL HYDROCHLORIDE[PROPRANOLOL];,"ANHYDROUS LACTOSE;SILICON DIOXIDE;CROSCARMELLOSE SODIUM;D&C YELLOW NO. 10;MAGNESIUM STEARATE;CELLULOSE, MICROCRYSTALLINE;STEARIC ACID;FD&C BLUE NO. 1;",HRX,SCD,propranolol hydrochloride 40 MG Oral Tablet,856519,2020-02-10 15:27:14,0591-5556,0,,5915556,591,5556,Propranolol Hydrochloride,active,20150801,c9eb1f85-2694-465e-9bca-17793419256c.xml,,C42998,34391-3,,,LABELER,"Actavis Pharma, Inc.",C73584,NLM,TRUE,,13,,,TRUE,FALSE,FALSE,TRUE,TRUE
00591-5556-01_PART_1_OF_1_CHAL10_SF_0E21876C.jpg,00591-5556-01,5556,TRUE,TRUE,FALSE,fcn_mix_weight/dr_224/00591-5556-01_PART_1_OF_1_CHAL10_SF_0E21876C.jpg,00591-5556-01_0E21876C,36014,TRUE,10/17/2017 05:31:57 PM,2020-02-10 17:03:50,ab9e5678-db53-4354-998a-ed8bf1d33e90-0591-5556-0,ab9e5678-db53-4354-998a-ed8bf1d33e90,9,,C48348,ROUND,,2,,DAN;5556;40,,C48329,GREEN,,PROPRANOLOL HYDROCHLORIDE 40 mg;,PROPRANOLOL HYDROCHLORIDE[PROPRANOLOL];,"ANHYDROUS LACTOSE;SILICON DIOXIDE;CROSCARMELLOSE SODIUM;D&C YELLOW NO. 10;MAGNESIUM STEARATE;CELLULOSE, MICROCRYSTALLINE;STEARIC ACID;FD&C BLUE NO. 1;",HRX,SCD,propranolol hydrochloride 40 MG Oral Tablet,856519,2020-02-10 15:27:14,0591-5556,0,,5915556,591,5556,Propranolol Hydrochloride,active,20150801,c9eb1f85-2694-465e-9bca-17793419256c.xml,,C42998,34391-3,,,LABELER,"Actavis Pharma, Inc.",C73584,NLM,TRUE,,13,,,TRUE,FALSE,FALSE,TRUE,TRUE
00591-5694-01_PART_1_OF_1_CHAL10_SB_F90E7C93.jpg,00591-5694-01,5694,TRUE,FALSE,FALSE,fcn_mix_weight/dr_224/00591-5694-01_PART_1_OF_1_CHAL10_SB_F90E7C93.jpg,00591-5694-01_F90E7C93,45664,TRUE,10/17/2017 05:32:40 PM,2020-02-10 17:02:54,a5fc4d50-50b2-46e0-b722-4c6b2ec47d06-0591-5694-0,a5fc4d50-50b2-46e0-b722-4c6b2ec47d06,16,,C48336,CAPSULE,,1,,MINOCYCLINE;50;DAN;5694,,C48330,YELLOW,,MINOCYCLINE HYDROCHLORIDE 50 mg;,MINOCYCLINE HYDROCHLORIDE[MINOCYCLINE];,"MAGNESIUM STEARATE;STARCH, CORN;D&C RED NO. 28;D&C YELLOW NO. 10;GELATIN;SILICON DIOXIDE;SODIUM LAURYL SULFATE;TITANIUM DIOXIDE;",HRX,SCD,minocycline 50 MG Oral Capsule,197985,2020-02-10 15:22:48,0591-5694,0,,5915694,591,5694,Minocycline Hydrochloride,active,20180912,5d892333-6f78-4190-9bce-93d3a864913b.xml,,C25158,34391-3,,,LABELER,"Actavis Pharma, Inc.",C73584,NLM,TRUE,,20,,,TRUE,FALSE,FALSE,TRUE,TRUE
00591-5694-01_PART_1_OF_1_CHAL10_SF_F90E7C93.jpg,00591-5694-01,5694,TRUE,TRUE,FALSE,fcn_mix_weight/dr_224/00591-5694-01_PART_1_OF_1_CHAL10_SF_F90E7C93.jpg,00591-5694-01_F90E7C93,45664,TRUE,10/17/2017 05:32:40 PM,2020-02-10 17:02:54,a5fc4d50-50b2-46e0-b722-4c6b2ec47d06-0591-5694-0,a5fc4d50-50b2-46e0-b722-4c6b2ec47d06,16,,C48336,CAPSULE,,1,,MINOCYCLINE;50;DAN;5694,,C48330,YELLOW,,MINOCYCLINE HYDROCHLORIDE 50 mg;,MINOCYCLINE HYDROCHLORIDE[MINOCYCLINE];,"MAGNESIUM STEARATE;STARCH, CORN;D&C RED NO. 28;D&C YELLOW NO. 10;GELATIN;SILICON DIOXIDE;SODIUM LAURYL SULFATE;TITANIUM DIOXIDE;",HRX,SCD,minocycline 50 MG Oral Capsule,197985,2020-02-10 15:22:48,0591-5694,0,,5915694,591,5694,Minocycline Hydrochloride,active,20180912,5d892333-6f78-4190-9bce-93d3a864913b.xml,,C25158,34391-3,,,LABELER,"Actavis Pharma, Inc.",C73584,NLM,TRUE,,20,,,TRUE,FALSE,FALSE,TRUE,TRUE
00597-0044-37_PART_1_OF_1_CHAL10_SB_D116E8D7.jpg,00597-0044-37,44,TRUE,FALSE,FALSE,fcn_mix_weight/dr_224/00597-0044-37_PART_1_OF_1_CHAL10_SB_D116E8D7.jpg,00597-0044-37_D116E8D7,4310,TRUE,10/17/2017 05:29:39 PM,2020-02-10 17:07:50,b078dae2-664d-4144-847a-3b9d9b557402-0597-0044-0,b078dae2-664d-4144-847a-3b9d9b557402,16,,C48345,OVAL,,1,,H8;,,C48325;C48326,WHITE;RED,,TELMISARTAN 80 mg;HYDROCHLOROTHIAZIDE 12.5 mg;,TELMISARTAN[TELMISARTAN];HYDROCHLOROTHIAZIDE[HYDROCHLOROTHIAZIDE];,,HRX,SBD,hydrochlorothiazide 12.5 MG / telmisartan 80 MG Oral Tablet [Micardis-HCT],749837,2020-02-10 15:46:48,0597-0044,0,,5970044,597,44,Micardis HCT,active,20200827,77437456-6473-40c2-9297-fc6050109135.xml,,C42998,34391-3,,,LABELER,"Boehringer Ingelheim Pharmaceuticals, Inc.",C73594,NLM,TRUE,,23,,,TRUE,FALSE,FALSE,TRUE,TRUE
00597-0044-37_PART_1_OF_1_CHAL10_SF_D116E8D7.jpg,00597-0044-37,44,TRUE,TRUE,FALSE,fcn_mix_weight/dr_224/00597-0044-37_PART_1_OF_1_CHAL10_SF_D116E8D7.jpg,00597-0044-37_D116E8D7,4310,TRUE,10/17/2017 05:29:39 PM,2020-02-10 17:07:50,b078dae2-664d-4144-847a-3b9d9b557402-0597-0044-0,b078dae2-664d-4144-847a-3b9d9b557402,16,,C48345,OVAL,,1,,H8;,,C48325;C48326,WHITE;RED,,TELMISARTAN 80 mg;HYDROCHLOROTHIAZIDE 12.5 mg;,TELMISARTAN[TELMISARTAN];HYDROCHLOROTHIAZIDE[HYDROCHLOROTHIAZIDE];,,HRX,SBD,hydrochlorothiazide 12.5 MG / telmisartan 80 MG Oral Tablet [Micardis-HCT],749837,2020-02-10 15:46:48,0597-0044,0,,5970044,597,44,Micardis HCT,active,20200827,77437456-6473-40c2-9297-fc6050109135.xml,,C42998,34391-3,,,LABELER,"Boehringer Ingelheim Pharmaceuticals, Inc.",C73594,NLM,TRUE,,23,,,TRUE,FALSE,FALSE,TRUE,TRUE
00597-0046-60_PART_1_OF_1_CHAL10_SB_C01DE05F.jpg,00597-0046-60,46,TRUE,FALSE,FALSE,fcn_mix_weight/dr_224/00597-0046-60_PART_1_OF_1_CHAL10_SB_C01DE05F.jpg,00597-0046-60_C01DE05F,24019,TRUE,10/17/2017 05:31:04 PM,2020-02-10 17:04:45,5ec05500-6333-4bd0-ac83-464fad0d5162-0597-0046-0,5ec05500-6333-4bd0-ac83-464fad0d5162,19,,C48345,OVAL,,2,,54;193,,C48325,WHITE,,NEVIRAPINE 200 mg;,NEVIRAPINE[NEVIRAPINE];,,HRX,SBD,nevirapine 200 MG Oral Tablet [Viramune],211327,2020-02-10 15:31:34,0597-0046,0,,5970046,597,46,Viramune,active,20191028,625370f8-2aa2-b0fb-b095-35c91cb291da.xml,,C42998,34391-3,,,LABELER,Boehringer Ingelheim Pharmaceuticals Inc.,C73594,NLM,TRUE,,18,,,TRUE,FALSE,FALSE,TRUE,TRUE
00597-0046-60_PART_1_OF_1_CHAL10_SF_C01DE05F.jpg,00597-0046-60,46,TRUE,TRUE,FALSE,fcn_mix_weight/dr_224/00597-0046-60_PART_1_OF_1_CHAL10_SF_C01DE05F.jpg,00597-0046-60_C01DE05F,24019,TRUE,10/17/2017 05:31:04 PM,2020-02-10 17:04:45,5ec05500-6333-4bd0-ac83-464fad0d5162-0597-0046-0,5ec05500-6333-4bd0-ac83-464fad0d5162,19,,C48345,OVAL,,2,,54;193,,C48325,WHITE,,NEVIRAPINE 200 mg;,NEVIRAPINE[NEVIRAPINE];,,HRX,SBD,nevirapine 200 MG Oral Tablet [Viramune],211327,2020-02-10 15:31:34,0597-0046,0,,5970046,597,46,Viramune,active,20191028,625370f8-2aa2-b0fb-b095-35c91cb291da.xml,,C42998,34391-3,,,LABELER,Boehringer Ingelheim Pharmaceuticals Inc.,C73594,NLM,TRUE,,18,,,TRUE,FALSE,FALSE,TRUE,TRUE
00603-2406-21_PART_1_OF_1_CHAL10_SB_92204932.jpg,00603-2406-21,2406,TRUE,FALSE,FALSE,fcn_mix_weight/dr_224/00603-2406-21_PART_1_OF_1_CHAL10_SB_92204932.jpg,00603-2406-21_92204932,43047,TRUE,10/17/2017 05:32:28 PM,2020-02-10 17:03:29,c17527be-661d-42f5-b6f6-56a681ba7870-0603-2406-0,c17527be-661d-42f5-b6f6-56a681ba7870,11,,C48345,OVAL,,2,,2265;V,,C48325,WHITE,,BACLOFEN 10 mg;,BACLOFEN[BACLOFEN];,"SILICON DIOXIDE;CROSPOVIDONE;MAGNESIUM STEARATE;CELLULOSE, MICROCRYSTALLINE;STARCH, CORN;",HRX,,,,2020-02-10 15:25:48,0603-2406,0,,6032406,603,2406,Baclofen,completed,20190518,03475a8a-17ec-41d9-9740-114a6bd72f56.xml,,C42998,34391-3,,,LABELER,Par Pharmaceutical,C73584,NLM,TRUE,,15,,,TRUE,FALSE,FALSE,TRUE,TRUE
00603-2406-21_PART_1_OF_1_CHAL10_SF_92204932.jpg,00603-2406-21,2406,TRUE,TRUE,FALSE,fcn_mix_weight/dr_224/00603-2406-21_PART_1_OF_1_CHAL10_SF_92204932.jpg,00603-2406-21_92204932,43047,TRUE,10/17/2017 05:32:28 PM,2020-02-10 17:03:29,c17527be-661d-42f5-b6f6-56a681ba7870-0603-2406-0,c17527be-661d-42f5-b6f6-56a681ba7870,11,,C48345,OVAL,,2,,2265;V,,C48325,WHITE,,BACLOFEN 10 mg;,BACLOFEN[BACLOFEN];,"SILICON DIOXIDE;CROSPOVIDONE;MAGNESIUM STEARATE;CELLULOSE, MICROCRYSTALLINE;STARCH, CORN;",HRX,,,,2020-02-10 15:25:48,0603-2406,0,,6032406,603,2406,Baclofen,completed,20190518,03475a8a-17ec-41d9-9740-114a6bd72f56.xml,,C42998,34391-3,,,LABELER,Par Pharmaceutical,C73584,NLM,TRUE,,15,,,TRUE,FALSE,FALSE,TRUE,TRUE
00603-2545-21_PART_1_OF_1_CHAL10_SB_F223797B.jpg,00603-2545-21,2545,TRUE,FALSE,FALSE,fcn_mix_weight/dr_224/00603-2545-21_PART_1_OF_1_CHAL10_SB_F223797B.jpg,00603-2545-21_F223797B,13207,TRUE,10/17/2017 05:30:18 PM,10/17/2017 05:30:18 PM,9d319a0b-ee17-4326-8c00-cf98e5dfef14-0603-2545-0,9d319a0b-ee17-4326-8c00-cf98e5dfef14,20,,C48345,OVAL,,2,,23;57;V,,C48325,WHITE,,BUTALBITAL 50 mg / ACETAMINOPHEN 500 mg / CAFFEINE 40 mg,BUTALBITAL[BUTALBITAL] / ACETAMINOPHEN[ACETAMINOPHEN] / CAFFEINE[CAFFEINE],"SILICON DIOXIDE / CROSCARMELLOSE SODIUM / MAGNESIUM STEARATE / CELLULOSE, MICROCRYSTALLINE / STEARIC ACID / CROSPOVIDONE / POVIDONES / STARCH, CORN",HRX,,APAP 500 MG / butalbital 50 MG / caffeine 40 MG Oral Tablet,240093,,0603-2545,0,,6032545,603,2545,"Butalbital, Acetaminophen and Caffeine",active,20131030,3601bad2-b239-4f67-8205-d6ea0db00e2e.xml,,C42998,34391-3,,,LABELER,Qualitest Pharmaceuticals,C73584,NLM,TRUE,,9,,,FALSE,TRUE,FALSE,TRUE,TRUE
00603-2545-21_PART_1_OF_1_CHAL10_SF_F223797B.jpg,00603-2545-21,2545,TRUE,TRUE,FALSE,fcn_mix_weight/dr_224/00603-2545-21_PART_1_OF_1_CHAL10_SF_F223797B.jpg,00603-2545-21_F223797B,13207,TRUE,10/17/2017 05:30:18 PM,10/17/2017 05:30:18 PM,9d319a0b-ee17-4326-8c00-cf98e5dfef14-0603-2545-0,9d319a0b-ee17-4326-8c00-cf98e5dfef14,20,,C48345,OVAL,,2,,23;57;V,,C48325,WHITE,,BUTALBITAL 50 mg / ACETAMINOPHEN 500 mg / CAFFEINE 40 mg,BUTALBITAL[BUTALBITAL] / ACETAMINOPHEN[ACETAMINOPHEN] / CAFFEINE[CAFFEINE],"SILICON DIOXIDE / CROSCARMELLOSE SODIUM / MAGNESIUM STEARATE / CELLULOSE, MICROCRYSTALLINE / STEARIC ACID / CROSPOVIDONE / POVIDONES / STARCH, CORN",HRX,,APAP 500 MG / butalbital 50 MG / caffeine 40 MG Oral Tablet,240093,,0603-2545,0,,6032545,603,2545,"Butalbital, Acetaminophen and Caffeine",active,20131030,3601bad2-b239-4f67-8205-d6ea0db00e2e.xml,,C42998,34391-3,,,LABELER,Qualitest Pharmaceuticals,C73584,NLM,TRUE,,9,,,FALSE,TRUE,FALSE,TRUE,TRUE
00603-2957-21_PART_1_OF_1_CHAL10_SB_46232309.jpg,00603-2957-21,2957,TRUE,FALSE,FALSE,fcn_mix_weight/dr_224/00603-2957-21_PART_1_OF_1_CHAL10_SB_46232309.jpg,00603-2957-21_46232309,29953,TRUE,10/17/2017 05:31:29 PM,2020-02-10 17:05:24,d89ab416-2b0e-4cb0-a869-04e0a5f6ba0a-0603-2957-0,d89ab416-2b0e-4cb0-a869-04e0a5f6ba0a,8,,C48345,OVAL,,2,,25;41;V,,C48332,BROWN,,CLONIDINE HYDROCHLORIDE 0.100 mg;,CLONIDINE HYDROCHLORIDE[CLONIDINE];,"CALCIUM PHOSPHATE, DIBASIC, ANHYDROUS;FD&C YELLOW NO. 6;LACTOSE MONOHYDRATE;MAGNESIUM STEARATE;CELLULOSE, MICROCRYSTALLINE;SODIUM LAURYL SULFATE;SODIUM STARCH GLYCOLATE TYPE A POTATO;FD&C BLUE NO. 1;FD&C RED NO. 40;",HRX,,,,2020-02-10 15:34:15,0603-2957,0,,6032957,603,2957,Clonidine Hydrochloride,completed,20150224,612ff712-bec7-42a3-949e-ad67167087ee.xml,,C42998,34391-3,,,LABELER,Qualitest Pharmaceuticals,C73584,NLM,TRUE,,9,,,TRUE,FALSE,FALSE,TRUE,TRUE
00603-2957-21_PART_1_OF_1_CHAL10_SF_46232309.jpg,00603-2957-21,2957,TRUE,TRUE,FALSE,fcn_mix_weight/dr_224/00603-2957-21_PART_1_OF_1_CHAL10_SF_46232309.jpg,00603-2957-21_46232309,29953,TRUE,10/17/2017 05:31:29 PM,2020-02-10 17:05:24,d89ab416-2b0e-4cb0-a869-04e0a5f6ba0a-0603-2957-0,d89ab416-2b0e-4cb0-a869-04e0a5f6ba0a,8,,C48345,OVAL,,2,,25;41;V,,C48332,BROWN,,CLONIDINE HYDROCHLORIDE 0.100 mg;,CLONIDINE HYDROCHLORIDE[CLONIDINE];,"CALCIUM PHOSPHATE, DIBASIC, ANHYDROUS;FD&C YELLOW NO. 6;LACTOSE MONOHYDRATE;MAGNESIUM STEARATE;CELLULOSE, MICROCRYSTALLINE;SODIUM LAURYL SULFATE;SODIUM STARCH GLYCOLATE TYPE A POTATO;FD&C BLUE NO. 1;FD&C RED NO. 40;",HRX,,,,2020-02-10 15:34:15,0603-2957,0,,6032957,603,2957,Clonidine Hydrochloride,completed,20150224,612ff712-bec7-42a3-949e-ad67167087ee.xml,,C42998,34391-3,,,LABELER,Qualitest Pharmaceuticals,C73584,NLM,TRUE,,9,,,TRUE,FALSE,FALSE,TRUE,TRUE
00603-3079-21_PART_1_OF_1_CHAL10_SB_F4267A63.jpg,00603-3079-21,3079,TRUE,FALSE,FALSE,fcn_mix_weight/dr_224/00603-3079-21_PART_1_OF_1_CHAL10_SB_F4267A63.jpg,00603-3079-21_F4267A63,38612,TRUE,10/17/2017 05:32:09 PM,2020-02-10 17:14:11,6ecd47d4-c618-48b1-a38d-1d558d54fd09-0603-3079-0,6ecd47d4-c618-48b1-a38d-1d558d54fd09,7,,C48348,ROUND,,1,,2632;V,,C48330,YELLOW,,CYCLOBENZAPRINE HYDROCHLORIDE 10 mg;,CYCLOBENZAPRINE HYDROCHLORIDE[CYCLOBENZAPRINE];,"CROSCARMELLOSE SODIUM;FD&C YELLOW NO. 6;HYPROMELLOSES;LACTOSE MONOHYDRATE;MAGNESIUM STEARATE;CELLULOSE, MICROCRYSTALLINE;POLYETHYLENE GLYCOLS;TITANIUM DIOXIDE;D&C YELLOW NO. 10;POLYSORBATE 80;",HRX,,,,2020-02-10 15:48:10,0603-3079,0,,6033079,603,3079,Cyclobenzaprine Hydrochloride,completed,20150506,ca664865-1628-4ec2-b95b-2cbe1ae6c2d5.xml,,C42931,34391-3,,,LABELER,Qualitest Pharmaceuticals,C73584,NLM,TRUE,,11,,,TRUE,FALSE,FALSE,TRUE,TRUE
00603-3079-21_PART_1_OF_1_CHAL10_SF_F4267A63.jpg,00603-3079-21,3079,TRUE,TRUE,FALSE,fcn_mix_weight/dr_224/00603-3079-21_PART_1_OF_1_CHAL10_SF_F4267A63.jpg,00603-3079-21_F4267A63,38612,TRUE,10/17/2017 05:32:09 PM,2020-02-10 17:14:11,6ecd47d4-c618-48b1-a38d-1d558d54fd09-0603-3079-0,6ecd47d4-c618-48b1-a38d-1d558d54fd09,7,,C48348,ROUND,,1,,2632;V,,C48330,YELLOW,,CYCLOBENZAPRINE HYDROCHLORIDE 10 mg;,CYCLOBENZAPRINE HYDROCHLORIDE[CYCLOBENZAPRINE];,"CROSCARMELLOSE SODIUM;FD&C YELLOW NO. 6;HYPROMELLOSES;LACTOSE MONOHYDRATE;MAGNESIUM STEARATE;CELLULOSE, MICROCRYSTALLINE;POLYETHYLENE GLYCOLS;TITANIUM DIOXIDE;D&C YELLOW NO. 10;POLYSORBATE 80;",HRX,,,,2020-02-10 15:48:10,0603-3079,0,,6033079,603,3079,Cyclobenzaprine Hydrochloride,completed,20150506,ca664865-1628-4ec2-b95b-2cbe1ae6c2d5.xml,,C42931,34391-3,,,LABELER,Qualitest Pharmaceuticals,C73584,NLM,TRUE,,11,,,TRUE,FALSE,FALSE,TRUE,TRUE
00603-3741-21_PART_1_OF_1_CHAL10_SB_DD22EEE7.jpg,00603-3741-21,3741,TRUE,FALSE,FALSE,fcn_mix_weight/dr_224/00603-3741-21_PART_1_OF_1_CHAL10_SB_DD22EEE7.jpg,00603-3741-21_DD22EEE7,36237,TRUE,10/17/2017 05:31:58 PM,2020-02-10 17:10:48,b64c46ee-621e-4dd9-8458-beaa654a7c19-0603-3741-0,b64c46ee-621e-4dd9-8458-beaa654a7c19,10,,C48348,ROUND,,2,,3171;V,,C48325,WHITE,,FUROSEMIDE 80 mg;,FUROSEMIDE[FUROSEMIDE];,"STARCH, CORN;LACTOSE MONOHYDRATE;MAGNESIUM STEARATE;TALC;",HRX,,,,2020-02-10 16:03:16,0603-3741,0,,6033741,603,3741,Furosemide,completed,20160322,d458aacc-128c-4f5c-ad1a-badb983f8895.xml,,C42998,34391-3,,,LABELER,Qualitest Pharmaceuticals,C73584,NLM,TRUE,,11,,,TRUE,FALSE,FALSE,TRUE,TRUE
00603-3741-21_PART_1_OF_1_CHAL10_SF_DD22EEE7.jpg,00603-3741-21,3741,TRUE,TRUE,FALSE,fcn_mix_weight/dr_224/00603-3741-21_PART_1_OF_1_CHAL10_SF_DD22EEE7.jpg,00603-3741-21_DD22EEE7,36237,TRUE,10/17/2017 05:31:58 PM,2020-02-10 17:10:48,b64c46ee-621e-4dd9-8458-beaa654a7c19-0603-3741-0,b64c46ee-621e-4dd9-8458-beaa654a7c19,10,,C48348,ROUND,,2,,3171;V,,C48325,WHITE,,FUROSEMIDE 80 mg;,FUROSEMIDE[FUROSEMIDE];,"STARCH, CORN;LACTOSE MONOHYDRATE;MAGNESIUM STEARATE;TALC;",HRX,,,,2020-02-10 16:03:16,0603-3741,0,,6033741,603,3741,Furosemide,completed,20160322,d458aacc-128c-4f5c-ad1a-badb983f8895.xml,,C42998,34391-3,,,LABELER,Qualitest Pharmaceuticals,C73584,NLM,TRUE,,11,,,TRUE,FALSE,FALSE,TRUE,TRUE
00603-3856-21_PART_1_OF_1_CHAL10_SB_AC265632.jpg,00603-3856-21,3856,TRUE,FALSE,FALSE,fcn_mix_weight/dr_224/00603-3856-21_PART_1_OF_1_CHAL10_SB_AC265632.jpg,00603-3856-21_AC265632,42833,TRUE,10/17/2017 05:32:27 PM,2020-02-10 17:14:11,dfea49ab-18db-4c1b-8932-cc5b86cdd232-0603-3856-0,dfea49ab-18db-4c1b-8932-cc5b86cdd232,6,,C48348,ROUND,,2,,3571;V,,C48331,ORANGE,,HYDROCHLOROTHIAZIDE 25 mg;,HYDROCHLOROTHIAZIDE[HYDROCHLOROTHIAZIDE];,"FD&C YELLOW NO. 6;LACTOSE MONOHYDRATE;MAGNESIUM STEARATE;CELLULOSE, MICROCRYSTALLINE;STARCH, CORN;",HRX,,,,2020-02-10 16:22:11,0603-3856,0,,6033856,603,3856,Hydrochlorothiazide,completed,20160226,5a90dc91-61da-42fb-b37a-8cfc28549dad.xml,,C42998,34391-3,,,LABELER,Qualitest Pharmaceuticals,C73584,NLM,TRUE,,21,,,TRUE,FALSE,FALSE,TRUE,TRUE
00603-3856-21_PART_1_OF_1_CHAL10_SF_AC265632.jpg,00603-3856-21,3856,TRUE,TRUE,FALSE,fcn_mix_weight/dr_224/00603-3856-21_PART_1_OF_1_CHAL10_SF_AC265632.jpg,00603-3856-21_AC265632,42833,TRUE,10/17/2017 05:32:27 PM,2020-02-10 17:14:11,dfea49ab-18db-4c1b-8932-cc5b86cdd232-0603-3856-0,dfea49ab-18db-4c1b-8932-cc5b86cdd232,6,,C48348,ROUND,,2,,3571;V,,C48331,ORANGE,,HYDROCHLOROTHIAZIDE 25 mg;,HYDROCHLOROTHIAZIDE[HYDROCHLOROTHIAZIDE];,"FD&C YELLOW NO. 6;LACTOSE MONOHYDRATE;MAGNESIUM STEARATE;CELLULOSE, MICROCRYSTALLINE;STARCH, CORN;",HRX,,,,2020-02-10 16:22:11,0603-3856,0,,6033856,603,3856,Hydrochlorothiazide,completed,20160226,5a90dc91-61da-42fb-b37a-8cfc28549dad.xml,,C42998,34391-3,,,LABELER,Qualitest Pharmaceuticals,C73584,NLM,TRUE,,21,,,TRUE,FALSE,FALSE,TRUE,TRUE
00603-5165-32_PART_1_OF_1_CHAL10_SB_2F1B97BC.jpg,00603-5165-32,5165,TRUE,FALSE,FALSE,fcn_mix_weight/dr_224/00603-5165-32_PART_1_OF_1_CHAL10_SB_2F1B97BC.jpg,00603-5165-32_2F1B97BC,35313,TRUE,10/17/2017 05:31:54 PM,2020-02-10 17:00:07,069b92ce-0061-4724-8c25-08d8596770a2-0603-5165-0,069b92ce-0061-4724-8c25-08d8596770a2,6,,C48348,ROUND,,2,,5011;V,,C48325,WHITE,,PHENOBARBITAL 16.2 mg;,PHENOBARBITAL[PHENOBARBITAL];,"SILICON DIOXIDE;LACTOSE MONOHYDRATE;MAGNESIUM STEARATE;CELLULOSE, MICROCRYSTALLINE;SODIUM STARCH GLYCOLATE TYPE A POTATO;",HRX,SCD,phenobarbital 16.2 MG Oral Tablet,198086,2020-02-10 15:10:16,0603-5165,0,,6035165,603,5165,Phenobarbital,active,20190924,2c9b4d19-8af1-4d07-bf7f-bdf4bdb4b7f5.xml,,C42998,34391-3,C48677,CIV,LABELER,Par Pharmaceutical,C73627,NLM,TRUE,,9,,,TRUE,FALSE,FALSE,TRUE,TRUE
00603-5165-32_PART_1_OF_1_CHAL10_SF_2F1B97BC.jpg,00603-5165-32,5165,TRUE,TRUE,FALSE,fcn_mix_weight/dr_224/00603-5165-32_PART_1_OF_1_CHAL10_SF_2F1B97BC.jpg,00603-5165-32_2F1B97BC,35313,TRUE,10/17/2017 05:31:54 PM,2020-02-10 17:00:07,069b92ce-0061-4724-8c25-08d8596770a2-0603-5165-0,069b92ce-0061-4724-8c25-08d8596770a2,6,,C48348,ROUND,,2,,5011;V,,C48325,WHITE,,PHENOBARBITAL 16.2 mg;,PHENOBARBITAL[PHENOBARBITAL];,"SILICON DIOXIDE;LACTOSE MONOHYDRATE;MAGNESIUM STEARATE;CELLULOSE, MICROCRYSTALLINE;SODIUM STARCH GLYCOLATE TYPE A POTATO;",HRX,SCD,phenobarbital 16.2 MG Oral Tablet,198086,2020-02-10 15:10:16,0603-5165,0,,6035165,603,5165,Phenobarbital,active,20190924,2c9b4d19-8af1-4d07-bf7f-bdf4bdb4b7f5.xml,,C42998,34391-3,C48677,CIV,LABELER,Par Pharmaceutical,C73627,NLM,TRUE,,9,,,TRUE,FALSE,FALSE,TRUE,TRUE
00603-5438-21_PART_1_OF_1_CHAL10_SB_B0265872.jpg,00603-5438-21,5438,TRUE,FALSE,FALSE,fcn_mix_weight/dr_224/00603-5438-21_PART_1_OF_1_CHAL10_SB_B0265872.jpg,00603-5438-21_B0265872,12016,TRUE,10/17/2017 05:30:13 PM,2020-02-10 16:59:39,d3b5ca09-9a02-45bf-a18c-1250ba9be309-0603-5438-0,d3b5ca09-9a02-45bf-a18c-1250ba9be309,8,,C48348,ROUND,,2,,5137;V,,C48325,WHITE,,PROMETHAZINE HYDROCHLORIDE 25 mg;,PROMETHAZINE HYDROCHLORIDE[PROMETHAZINE];,"SILICON DIOXIDE;EDETATE DISODIUM;HYPROMELLOSES;LACTOSE MONOHYDRATE;MAGNESIUM STEARATE;CELLULOSE, MICROCRYSTALLINE;SACCHARIN SODIUM;SODIUM STARCH GLYCOLATE TYPE A POTATO;",HRX,,,,2020-02-10 15:08:20,0603-5438,0,,6035438,603,5438,Promethazine Hydrochloride,completed,20151218,a0c79862-2b12-4dcc-a69b-72800d08b597.xml,,C42998,34391-3,,,LABELER,Qualitest Pharmaceuticals,C73584,NLM,TRUE,,5,,,TRUE,FALSE,FALSE,TRUE,TRUE
00603-5438-21_PART_1_OF_1_CHAL10_SF_B0265872.jpg,00603-5438-21,5438,TRUE,TRUE,FALSE,fcn_mix_weight/dr_224/00603-5438-21_PART_1_OF_1_CHAL10_SF_B0265872.jpg,00603-5438-21_B0265872,12016,TRUE,10/17/2017 05:30:13 PM,2020-02-10 16:59:39,d3b5ca09-9a02-45bf-a18c-1250ba9be309-0603-5438-0,d3b5ca09-9a02-45bf-a18c-1250ba9be309,8,,C48348,ROUND,,2,,5137;V,,C48325,WHITE,,PROMETHAZINE HYDROCHLORIDE 25 mg;,PROMETHAZINE HYDROCHLORIDE[PROMETHAZINE];,"SILICON DIOXIDE;EDETATE DISODIUM;HYPROMELLOSES;LACTOSE MONOHYDRATE;MAGNESIUM STEARATE;CELLULOSE, MICROCRYSTALLINE;SACCHARIN SODIUM;SODIUM STARCH GLYCOLATE TYPE A POTATO;",HRX,,,,2020-02-10 15:08:20,0603-5438,0,,6035438,603,5438,Promethazine Hydrochloride,completed,20151218,a0c79862-2b12-4dcc-a69b-72800d08b597.xml,,C42998,34391-3,,,LABELER,Qualitest Pharmaceuticals,C73584,NLM,TRUE,,5,,,TRUE,FALSE,FALSE,TRUE,TRUE
00603-5771-21_PART_1_OF_1_CHAL10_SB_38231C78.jpg,00603-5771-21,5771,TRUE,FALSE,FALSE,fcn_mix_weight/dr_224/00603-5771-21_PART_1_OF_1_CHAL10_SB_38231C78.jpg,00603-5771-21_38231C78,12505,TRUE,10/17/2017 05:30:15 PM,2020-02-10 17:09:27,576905b7-6e6d-4aa0-b690-24be26e70cd2-0603-5771-0,576905b7-6e6d-4aa0-b690-24be26e70cd2,15,,C48345,OVAL,,2,,5877;V,,C48333,BLUE,,SOTALOL HYDROCHLORIDE 160 mg;,SOTALOL HYDROCHLORIDE[SOTALOL];,"SILICON DIOXIDE;FD&C BLUE NO. 2;LACTOSE MONOHYDRATE;MAGNESIUM STEARATE;CELLULOSE, MICROCRYSTALLINE;SODIUM STARCH GLYCOLATE TYPE A POTATO;STEARIC ACID;",HRX,,,,2020-02-10 15:07:00,0603-5771,0,,6035771,603,5771,Sotalol Hydrochloride,completed,20160525,2398995d-e533-4306-a436-eb87ff0f064f.xml,,C42998,34391-3,,,LABELER,Par Pharmaceutical,C73584,NLM,TRUE,,10,,,TRUE,FALSE,FALSE,TRUE,TRUE
00603-5771-21_PART_1_OF_1_CHAL10_SF_38231C78.jpg,00603-5771-21,5771,TRUE,TRUE,FALSE,fcn_mix_weight/dr_224/00603-5771-21_PART_1_OF_1_CHAL10_SF_38231C78.jpg,00603-5771-21_38231C78,12505,TRUE,10/17/2017 05:30:15 PM,2020-02-10 17:09:27,576905b7-6e6d-4aa0-b690-24be26e70cd2-0603-5771-0,576905b7-6e6d-4aa0-b690-24be26e70cd2,15,,C48345,OVAL,,2,,5877;V,,C48333,BLUE,,SOTALOL HYDROCHLORIDE 160 mg;,SOTALOL HYDROCHLORIDE[SOTALOL];,"SILICON DIOXIDE;FD&C BLUE NO. 2;LACTOSE MONOHYDRATE;MAGNESIUM STEARATE;CELLULOSE, MICROCRYSTALLINE;SODIUM STARCH GLYCOLATE TYPE A POTATO;STEARIC ACID;",HRX,,,,2020-02-10 15:07:00,0603-5771,0,,6035771,603,5771,Sotalol Hydrochloride,completed,20160525,2398995d-e533-4306-a436-eb87ff0f064f.xml,,C42998,34391-3,,,LABELER,Par Pharmaceutical,C73584,NLM,TRUE,,10,,,TRUE,FALSE,FALSE,TRUE,TRUE
00777-3105-02_PART_1_OF_1_CHAL10_SB_061C8364.jpg,00777-3105-02,3105,TRUE,FALSE,FALSE,fcn_mix_weight/dr_224/00777-3105-02_PART_1_OF_1_CHAL10_SB_061C8364.jpg,00777-3105-02_061C8364,5246,TRUE,10/17/2017 05:29:44 PM,2020-02-10 17:12:01,c88f33ed-6dfb-4c5e-bc01-d8e36dd97299-0777-3105-0,c88f33ed-6dfb-4c5e-bc01-d8e36dd97299,16,,C48336,CAPSULE,,1,,DISTA;3105;Prozac;20;mg,,C48330;C48329,YELLOW;GREEN,,Fluoxetine hydrochloride 20 mg;,Fluoxetine hydrochloride[Fluoxetine];,"Gelatin, Unspecified;Sodium lauryl sulfate;STARCH, Corn;Titanium dioxide;FD&C Blue No. 1;DIMETHICONE;FERRIC OXIDE YELLOW;FERROSOFERRIC OXIDE;",HRX,SBD,fluoxetine 20 MG Oral Capsule [Prozac],104849,2020-02-10 16:10:01,0777-3105,0,,7773105,777,3105,Prozac,active,20200428,ef027dfe-1ccd-4c52-ad10-c76d6834d10c.xml,,C25158,34391-3,,,LABELER,Dista Products Company,C73594,NLM,TRUE,,51,,,TRUE,FALSE,FALSE,TRUE,TRUE
00777-3105-02_PART_1_OF_1_CHAL10_SF_061C8364.jpg,00777-3105-02,3105,TRUE,TRUE,FALSE,fcn_mix_weight/dr_224/00777-3105-02_PART_1_OF_1_CHAL10_SF_061C8364.jpg,00777-3105-02_061C8364,5246,TRUE,10/17/2017 05:29:44 PM,2020-02-10 17:12:01,c88f33ed-6dfb-4c5e-bc01-d8e36dd97299-0777-3105-0,c88f33ed-6dfb-4c5e-bc01-d8e36dd97299,16,,C48336,CAPSULE,,1,,DISTA;3105;Prozac;20;mg,,C48330;C48329,YELLOW;GREEN,,Fluoxetine hydrochloride 20 mg;,Fluoxetine hydrochloride[Fluoxetine];,"Gelatin, Unspecified;Sodium lauryl sulfate;STARCH, Corn;Titanium dioxide;FD&C Blue No. 1;DIMETHICONE;FERRIC OXIDE YELLOW;FERROSOFERRIC OXIDE;",HRX,SBD,fluoxetine 20 MG Oral Capsule [Prozac],104849,2020-02-10 16:10:01,0777-3105,0,,7773105,777,3105,Prozac,active,20200428,ef027dfe-1ccd-4c52-ad10-c76d6834d10c.xml,,C25158,34391-3,,,LABELER,Dista Products Company,C73594,NLM,TRUE,,51,,,TRUE,FALSE,FALSE,TRUE,TRUE
00781-1452-01_PART_1_OF_1_CHAL10_SB_D720EBF7.jpg,00781-1452-01,1452,TRUE,FALSE,FALSE,fcn_mix_weight/dr_224/00781-1452-01_PART_1_OF_1_CHAL10_SB_D720EBF7.jpg,00781-1452-01_D720EBF7,45312,TRUE,10/17/2017 05:32:39 PM,2020-02-10 17:06:42,91f17eba-33aa-45c2-9a44-48116a9a6487-0781-1452-0,91f17eba-33aa-45c2-9a44-48116a9a6487,8,,C48348,ROUND,,2,,GG771,,C48325,WHITE,,GLIPIZIDE 5 mg;,GLIPIZIDE[GLIPIZIDE];,"MICROCRYSTALLINE CELLULOSE;CROSCARMELLOSE SODIUM;LACTOSE MONOHYDRATE;MAGNESIUM STEARATE;SILICON DIOXIDE;STARCH, CORN;",HRX,,,,2020-02-10 15:40:51,0781-1452,0,,7811452,781,1452,Glipizide,completed,20190214,3300359a-5212-4a13-a2b5-707be80d76ad.xml,,C42998,34391-3,,,LABELER,Sandoz Inc,C73584,NLM,TRUE,,19,,,TRUE,FALSE,FALSE,TRUE,TRUE
00781-1452-01_PART_1_OF_1_CHAL10_SF_D720EBF7.jpg,00781-1452-01,1452,TRUE,TRUE,FALSE,fcn_mix_weight/dr_224/00781-1452-01_PART_1_OF_1_CHAL10_SF_D720EBF7.jpg,00781-1452-01_D720EBF7,45312,TRUE,10/17/2017 05:32:39 PM,2020-02-10 17:06:42,91f17eba-33aa-45c2-9a44-48116a9a6487-0781-1452-0,91f17eba-33aa-45c2-9a44-48116a9a6487,8,,C48348,ROUND,,2,,GG771,,C48325,WHITE,,GLIPIZIDE 5 mg;,GLIPIZIDE[GLIPIZIDE];,"MICROCRYSTALLINE CELLULOSE;CROSCARMELLOSE SODIUM;LACTOSE MONOHYDRATE;MAGNESIUM STEARATE;SILICON DIOXIDE;STARCH, CORN;",HRX,,,,2020-02-10 15:40:51,0781-1452,0,,7811452,781,1452,Glipizide,completed,20190214,3300359a-5212-4a13-a2b5-707be80d76ad.xml,,C42998,34391-3,,,LABELER,Sandoz Inc,C73584,NLM,TRUE,,19,,,TRUE,FALSE,FALSE,TRUE,TRUE
00781-1486-01_PART_1_OF_1_CHAL10_SB_16240B50.jpg,00781-1486-01,1486,TRUE,FALSE,FALSE,fcn_mix_weight/dr_224/00781-1486-01_PART_1_OF_1_CHAL10_SB_16240B50.jpg,00781-1486-01_16240B50,43274,TRUE,10/17/2017 05:32:30 PM,2020-02-10 17:07:15,705a2bae-031d-4218-82fe-4346542c0baa-0781-1486-0,705a2bae-031d-4218-82fe-4346542c0baa,6,,C48348,ROUND,,1,,GG40,,C48328,PINK,,AMITRIPTYLINE HYDROCHLORIDE 10 mg;,AMITRIPTYLINE HYDROCHLORIDE[AMITRIPTYLINE];,"MICROCRYSTALLINE CELLULOSE;D&C RED NO. 27;D&C YELLOW NO. 10;FD&C BLUE NO. 1;HYDROXYPROPYL CELLULOSE (1600000 WAMW);HYPROMELLOSE, UNSPECIFIED;LACTOSE MONOHYDRATE;MAGNESIUM STEARATE;POLYETHYLENE GLYCOL, UNSPECIFIED;SILICON DIOXIDE;STARCH, CORN;TITANIUM DIOXIDE;",HRX,SCD,amitriptyline hydrochloride 10 MG Oral Tablet,856783,2020-02-10 15:43:24,0781-1486,0,,7811486,781,1486,Amitriptyline Hydrochloride,active,20190818,01b88069-d47c-4a92-9083-7c53df052815.xml,,C42931,34391-3,,,LABELER,Sandoz Inc,C73584,NLM,TRUE,,19,,,TRUE,FALSE,FALSE,TRUE,TRUE
00781-1486-01_PART_1_OF_1_CHAL10_SF_16240B50.jpg,00781-1486-01,1486,TRUE,TRUE,FALSE,fcn_mix_weight/dr_224/00781-1486-01_PART_1_OF_1_CHAL10_SF_16240B50.jpg,00781-1486-01_16240B50,43274,TRUE,10/17/2017 05:32:30 PM,2020-02-10 17:07:15,705a2bae-031d-4218-82fe-4346542c0baa-0781-1486-0,705a2bae-031d-4218-82fe-4346542c0baa,6,,C48348,ROUND,,1,,GG40,,C48328,PINK,,AMITRIPTYLINE HYDROCHLORIDE 10 mg;,AMITRIPTYLINE HYDROCHLORIDE[AMITRIPTYLINE];,"MICROCRYSTALLINE CELLULOSE;D&C RED NO. 27;D&C YELLOW NO. 10;FD&C BLUE NO. 1;HYDROXYPROPYL CELLULOSE (1600000 WAMW);HYPROMELLOSE, UNSPECIFIED;LACTOSE MONOHYDRATE;MAGNESIUM STEARATE;POLYETHYLENE GLYCOL, UNSPECIFIED;SILICON DIOXIDE;STARCH, CORN;TITANIUM DIOXIDE;",HRX,SCD,amitriptyline hydrochloride 10 MG Oral Tablet,856783,2020-02-10 15:43:24,0781-1486,0,,7811486,781,1486,Amitriptyline Hydrochloride,active,20190818,01b88069-d47c-4a92-9083-7c53df052815.xml,,C42931,34391-3,,,LABELER,Sandoz Inc,C73584,NLM,TRUE,,19,,,TRUE,FALSE,FALSE,TRUE,TRUE
00781-1487-01_PART_1_OF_1_CHAL10_SB_112408E0.jpg,00781-1487-01,1487,TRUE,FALSE,FALSE,fcn_mix_weight/dr_224/00781-1487-01_PART_1_OF_1_CHAL10_SB_112408E0.jpg,00781-1487-01_112408E0,29082,TRUE,10/17/2017 05:31:25 PM,2020-02-10 17:16:04,705a2bae-031d-4218-82fe-4346542c0baa-0781-1487-0,705a2bae-031d-4218-82fe-4346542c0baa,6,,C48348,ROUND,,1,,GG44,,C48329,GREEN,,AMITRIPTYLINE HYDROCHLORIDE 25 mg;,AMITRIPTYLINE HYDROCHLORIDE[AMITRIPTYLINE];,"MICROCRYSTALLINE CELLULOSE;D&C YELLOW NO. 10;FD&C BLUE NO. 1;FD&C RED NO. 40;HYDROXYPROPYL CELLULOSE (1600000 WAMW);HYPROMELLOSE, UNSPECIFIED;LACTOSE MONOHYDRATE;MAGNESIUM STEARATE;POLYETHYLENE GLYCOL, UNSPECIFIED;SILICON DIOXIDE;STARCH, CORN;TITANIUM DIOXIDE;",HRX,SCD,amitriptyline hydrochloride 25 MG Oral Tablet,856834,2020-02-10 16:32:01,0781-1487,0,,7811487,781,1487,Amitriptyline Hydrochloride,active,20190818,01b88069-d47c-4a92-9083-7c53df052815.xml,,C42931,34391-3,,,LABELER,Sandoz Inc,C73584,NLM,TRUE,,19,,,TRUE,FALSE,FALSE,TRUE,TRUE
00781-1487-01_PART_1_OF_1_CHAL10_SF_112408E0.jpg,00781-1487-01,1487,TRUE,TRUE,FALSE,fcn_mix_weight/dr_224/00781-1487-01_PART_1_OF_1_CHAL10_SF_112408E0.jpg,00781-1487-01_112408E0,29082,TRUE,10/17/2017 05:31:25 PM,2020-02-10 17:16:04,705a2bae-031d-4218-82fe-4346542c0baa-0781-1487-0,705a2bae-031d-4218-82fe-4346542c0baa,6,,C48348,ROUND,,1,,GG44,,C48329,GREEN,,AMITRIPTYLINE HYDROCHLORIDE 25 mg;,AMITRIPTYLINE HYDROCHLORIDE[AMITRIPTYLINE];,"MICROCRYSTALLINE CELLULOSE;D&C YELLOW NO. 10;FD&C BLUE NO. 1;FD&C RED NO. 40;HYDROXYPROPYL CELLULOSE (1600000 WAMW);HYPROMELLOSE, UNSPECIFIED;LACTOSE MONOHYDRATE;MAGNESIUM STEARATE;POLYETHYLENE GLYCOL, UNSPECIFIED;SILICON DIOXIDE;STARCH, CORN;TITANIUM DIOXIDE;",HRX,SCD,amitriptyline hydrochloride 25 MG Oral Tablet,856834,2020-02-10 16:32:01,0781-1487,0,,7811487,781,1487,Amitriptyline Hydrochloride,active,20190818,01b88069-d47c-4a92-9083-7c53df052815.xml,,C42931,34391-3,,,LABELER,Sandoz Inc,C73584,NLM,TRUE,,19,,,TRUE,FALSE,FALSE,TRUE,TRUE
00781-1506-01_PART_1_OF_1_CHAL10_SB_36201B40.jpg,00781-1506-01,1506,TRUE,FALSE,FALSE,fcn_mix_weight/dr_224/00781-1506-01_PART_1_OF_1_CHAL10_SB_36201B40.jpg,00781-1506-01_36201B40,25215,TRUE,10/17/2017 05:31:09 PM,2020-02-10 17:03:48,b900115a-faac-4244-94bc-c1ef2f88aa38-0781-1506-0,b900115a-faac-4244-94bc-c1ef2f88aa38,7,,C48348,ROUND,,2,,GG263,,C48325,WHITE,,ATENOLOL 50 mg;,ATENOLOL[ATENOLOL];,MICROCRYSTALLINE CELLULOSE;MAGNESIUM STEARATE;SILICON DIOXIDE;SODIUM STARCH GLYCOLATE TYPE A POTATO;,HRX,SCD,atenolol 50 MG Oral Tablet,197381,2020-02-10 15:27:11,0781-1506,0,,7811506,781,1506,Atenolol,completed,20190723,1e5460cc-8e8d-44cf-b14b-7129a0e95122.xml,,C42998,34391-3,,,LABELER,Sandoz Inc,C73584,NLM,TRUE,,16,,,TRUE,FALSE,FALSE,TRUE,TRUE
00781-1506-01_PART_1_OF_1_CHAL10_SF_36201B40.jpg,00781-1506-01,1506,TRUE,TRUE,FALSE,fcn_mix_weight/dr_224/00781-1506-01_PART_1_OF_1_CHAL10_SF_36201B40.jpg,00781-1506-01_36201B40,25215,TRUE,10/17/2017 05:31:09 PM,2020-02-10 17:03:48,b900115a-faac-4244-94bc-c1ef2f88aa38-0781-1506-0,b900115a-faac-4244-94bc-c1ef2f88aa38,7,,C48348,ROUND,,2,,GG263,,C48325,WHITE,,ATENOLOL 50 mg;,ATENOLOL[ATENOLOL];,MICROCRYSTALLINE CELLULOSE;MAGNESIUM STEARATE;SILICON DIOXIDE;SODIUM STARCH GLYCOLATE TYPE A POTATO;,HRX,SCD,atenolol 50 MG Oral Tablet,197381,2020-02-10 15:27:11,0781-1506,0,,7811506,781,1506,Atenolol,completed,20190723,1e5460cc-8e8d-44cf-b14b-7129a0e95122.xml,,C42998,34391-3,,,LABELER,Sandoz Inc,C73584,NLM,TRUE,,16,,,TRUE,FALSE,FALSE,TRUE,TRUE
00781-1507-01_PART_1_OF_1_CHAL10_SB_39201C90.jpg,00781-1507-01,1507,TRUE,FALSE,FALSE,fcn_mix_weight/dr_224/00781-1507-01_PART_1_OF_1_CHAL10_SB_39201C90.jpg,00781-1507-01_39201C90,5702,TRUE,10/17/2017 05:29:46 PM,2020-02-10 17:03:49,b900115a-faac-4244-94bc-c1ef2f88aa38-0781-1507-0,b900115a-faac-4244-94bc-c1ef2f88aa38,9,,C48348,ROUND,,1,,GG264,,C48325,WHITE,,ATENOLOL 100 mg;,ATENOLOL[ATENOLOL];,MICROCRYSTALLINE CELLULOSE;MAGNESIUM STEARATE;SILICON DIOXIDE;SODIUM STARCH GLYCOLATE TYPE A POTATO;,HRX,SCD,atenolol 100 MG Oral Tablet,197379,2020-02-10 15:27:12,0781-1507,0,,7811507,781,1507,Atenolol,completed,20190723,1e5460cc-8e8d-44cf-b14b-7129a0e95122.xml,,C42998,34391-3,,,LABELER,Sandoz Inc,C73584,NLM,TRUE,,16,,,TRUE,FALSE,FALSE,TRUE,TRUE
00781-1507-01_PART_1_OF_1_CHAL10_SF_39201C90.jpg,00781-1507-01,1507,TRUE,TRUE,FALSE,fcn_mix_weight/dr_224/00781-1507-01_PART_1_OF_1_CHAL10_SF_39201C90.jpg,00781-1507-01_39201C90,5702,TRUE,10/17/2017 05:29:46 PM,2020-02-10 17:03:49,b900115a-faac-4244-94bc-c1ef2f88aa38-0781-1507-0,b900115a-faac-4244-94bc-c1ef2f88aa38,9,,C48348,ROUND,,1,,GG264,,C48325,WHITE,,ATENOLOL 100 mg;,ATENOLOL[ATENOLOL];,MICROCRYSTALLINE CELLULOSE;MAGNESIUM STEARATE;SILICON DIOXIDE;SODIUM STARCH GLYCOLATE TYPE A POTATO;,HRX,SCD,atenolol 100 MG Oral Tablet,197379,2020-02-10 15:27:12,0781-1507,0,,7811507,781,1507,Atenolol,completed,20190723,1e5460cc-8e8d-44cf-b14b-7129a0e95122.xml,,C42998,34391-3,,,LABELER,Sandoz Inc,C73584,NLM,TRUE,,16,,,TRUE,FALSE,FALSE,TRUE,TRUE
00781-1787-01_PART_1_OF_1_CHAL10_SB_BA235D2A.jpg,00781-1787-01,1787,TRUE,FALSE,FALSE,fcn_mix_weight/dr_224/00781-1787-01_PART_1_OF_1_CHAL10_SB_BA235D2A.jpg,00781-1787-01_BA235D2A,16056,TRUE,10/17/2017 05:30:30 PM,2020-02-10 17:06:32,7a7ee8e2-5137-4abf-9d75-5db51a69b88b-0781-1787-0,7a7ee8e2-5137-4abf-9d75-5db51a69b88b,10,,C48348,ROUND,,1,,GG738,,C48332,BROWN,,DICLOFENAC SODIUM 50 mg;,DICLOFENAC SODIUM[DICLOFENAC];,"MICROCRYSTALLINE CELLULOSE;CROSCARMELLOSE SODIUM;FERRIC OXIDE RED;FERRIC OXIDE YELLOW;FERROSOFERRIC OXIDE;HYDROXYPROPYL CELLULOSE, UNSPECIFIED;HYPROMELLOSE, UNSPECIFIED;LACTOSE MONOHYDRATE;MAGNESIUM STEARATE;METHACRYLIC ACID - ETHYL ACRYLATE COPOLYMER (1:1) TYPE A;POLYETHYLENE GLYCOL, UNSPECIFIED;POVIDONE, UNSPECIFIED;SHELLAC;TITANIUM DIOXIDE;",HRX,SCD,diclofenac sodium 50 MG Delayed Release Oral Tablet,855906,2020-02-10 15:39:56,0781-1787,0,,7811787,781,1787,Diclofenac Sodium,completed,20190219,f1ed77db-81fa-4a9e-8a1f-f98129b2a087.xml,,C42905,34391-3,,,LABELER,Sandoz Inc,C73584,NLM,TRUE,,18,,,TRUE,FALSE,FALSE,TRUE,TRUE
00781-1787-01_PART_1_OF_1_CHAL10_SF_BA235D2A.jpg,00781-1787-01,1787,TRUE,TRUE,FALSE,fcn_mix_weight/dr_224/00781-1787-01_PART_1_OF_1_CHAL10_SF_BA235D2A.jpg,00781-1787-01_BA235D2A,16056,TRUE,10/17/2017 05:30:30 PM,2020-02-10 17:06:32,7a7ee8e2-5137-4abf-9d75-5db51a69b88b-0781-1787-0,7a7ee8e2-5137-4abf-9d75-5db51a69b88b,10,,C48348,ROUND,,1,,GG738,,C48332,BROWN,,DICLOFENAC SODIUM 50 mg;,DICLOFENAC SODIUM[DICLOFENAC];,"MICROCRYSTALLINE CELLULOSE;CROSCARMELLOSE SODIUM;FERRIC OXIDE RED;FERRIC OXIDE YELLOW;FERROSOFERRIC OXIDE;HYDROXYPROPYL CELLULOSE, UNSPECIFIED;HYPROMELLOSE, UNSPECIFIED;LACTOSE MONOHYDRATE;MAGNESIUM STEARATE;METHACRYLIC ACID - ETHYL ACRYLATE COPOLYMER (1:1) TYPE A;POLYETHYLENE GLYCOL, UNSPECIFIED;POVIDONE, UNSPECIFIED;SHELLAC;TITANIUM DIOXIDE;",HRX,SCD,diclofenac sodium 50 MG Delayed Release Oral Tablet,855906,2020-02-10 15:39:56,0781-1787,0,,7811787,781,1787,Diclofenac Sodium,completed,20190219,f1ed77db-81fa-4a9e-8a1f-f98129b2a087.xml,,C42905,34391-3,,,LABELER,Sandoz Inc,C73584,NLM,TRUE,,18,,,TRUE,FALSE,FALSE,TRUE,TRUE
00781-1966-01_PART_1_OF_1_CHAL10_SB_B5265AE2.jpg,00781-1966-01,1966,TRUE,FALSE,FALSE,fcn_mix_weight/dr_224/00781-1966-01_PART_1_OF_1_CHAL10_SB_B5265AE2.jpg,00781-1966-01_B5265AE2,37808,TRUE,10/17/2017 05:32:05 PM,2020-02-10 17:03:46,59b21dbe-30a0-405b-b39e-c19cea7ad9d6-0781-1966-0,59b21dbe-30a0-405b-b39e-c19cea7ad9d6,8,,C48348,ROUND,,2,,GG201,,C48325,WHITE,,FUROSEMIDE 40 mg;,FUROSEMIDE[FUROSEMIDE];,"LACTOSE MONOHYDRATE;MAGNESIUM STEARATE;STARCH, CORN;",HRX,SCD,furosemide 40 MG Oral Tablet,313988,2020-02-10 15:27:02,0781-1966,0,,7811966,781,1966,Furosemide,completed,20181214,d081103b-6591-4bdb-a62d-298e3f5fe16b.xml,,C42998,34391-3,,,LABELER,Sandoz Inc,C73594,NLM,TRUE,,14,,,TRUE,FALSE,FALSE,TRUE,TRUE
00781-1966-01_PART_1_OF_1_CHAL10_SF_B5265AE2.jpg,00781-1966-01,1966,TRUE,TRUE,FALSE,fcn_mix_weight/dr_224/00781-1966-01_PART_1_OF_1_CHAL10_SF_B5265AE2.jpg,00781-1966-01_B5265AE2,37808,TRUE,10/17/2017 05:32:05 PM,2020-02-10 17:03:46,59b21dbe-30a0-405b-b39e-c19cea7ad9d6-0781-1966-0,59b21dbe-30a0-405b-b39e-c19cea7ad9d6,8,,C48348,ROUND,,2,,GG201,,C48325,WHITE,,FUROSEMIDE 40 mg;,FUROSEMIDE[FUROSEMIDE];,"LACTOSE MONOHYDRATE;MAGNESIUM STEARATE;STARCH, CORN;",HRX,SCD,furosemide 40 MG Oral Tablet,313988,2020-02-10 15:27:02,0781-1966,0,,7811966,781,1966,Furosemide,completed,20181214,d081103b-6591-4bdb-a62d-298e3f5fe16b.xml,,C42998,34391-3,,,LABELER,Sandoz Inc,C73594,NLM,TRUE,,14,,,TRUE,FALSE,FALSE,TRUE,TRUE
00781-2020-05_PART_1_OF_1_CHAL10_SB_D812EC47.jpg,00781-2020-05,2020,TRUE,FALSE,FALSE,fcn_mix_weight/dr_224/00781-2020-05_PART_1_OF_1_CHAL10_SB_D812EC47.jpg,00781-2020-05_D812EC47,23780,TRUE,10/17/2017 05:31:03 PM,2020-02-10 17:06:20,13bd4214-9b7f-425b-af5f-fc1ddc678230-0781-2020-0,13bd4214-9b7f-425b-af5f-fc1ddc678230,18,,C48336,CAPSULE,,1,,AMOX;250;GG;848,,C48330,YELLOW,,AMOXICILLIN 250 mg;,AMOXICILLIN[AMOXICILLIN ANHYDROUS];,"FERRIC OXIDE YELLOW;TITANIUM DIOXIDE;GELATIN, UNSPECIFIED;MICROCRYSTALLINE CELLULOSE;MAGNESIUM STEARATE;SHELLAC;ISOPROPYL ALCOHOL;BUTYL ALCOHOL;PROPYLENE GLYCOL;FERROSOFERRIC OXIDE;AMMONIA;POTASSIUM HYDROXIDE;WATER;ALCOHOL;",HRX,SCD,amoxicillin 250 MG Oral Capsule,308182,2020-02-10 15:39:00,0781-2020,0,,7812020,781,2020,Amoxicillin,active,20200608,7c4f3dce-9f4e-46c9-a94d-6408da875be7.xml,,C25158,34391-3,,,LABELER,Sandoz Inc,C73584,NLM,TRUE,,17,,,TRUE,FALSE,FALSE,TRUE,TRUE
00781-2020-05_PART_1_OF_1_CHAL10_SF_D812EC47.jpg,00781-2020-05,2020,TRUE,TRUE,FALSE,fcn_mix_weight/dr_224/00781-2020-05_PART_1_OF_1_CHAL10_SF_D812EC47.jpg,00781-2020-05_D812EC47,23780,TRUE,10/17/2017 05:31:03 PM,2020-02-10 17:06:20,13bd4214-9b7f-425b-af5f-fc1ddc678230-0781-2020-0,13bd4214-9b7f-425b-af5f-fc1ddc678230,18,,C48336,CAPSULE,,1,,AMOX;250;GG;848,,C48330,YELLOW,,AMOXICILLIN 250 mg;,AMOXICILLIN[AMOXICILLIN ANHYDROUS];,"FERRIC OXIDE YELLOW;TITANIUM DIOXIDE;GELATIN, UNSPECIFIED;MICROCRYSTALLINE CELLULOSE;MAGNESIUM STEARATE;SHELLAC;ISOPROPYL ALCOHOL;BUTYL ALCOHOL;PROPYLENE GLYCOL;FERROSOFERRIC OXIDE;AMMONIA;POTASSIUM HYDROXIDE;WATER;ALCOHOL;",HRX,SCD,amoxicillin 250 MG Oral Capsule,308182,2020-02-10 15:39:00,0781-2020,0,,7812020,781,2020,Amoxicillin,active,20200608,7c4f3dce-9f4e-46c9-a94d-6408da875be7.xml,,C25158,34391-3,,,LABELER,Sandoz Inc,C73584,NLM,TRUE,,17,,,TRUE,FALSE,FALSE,TRUE,TRUE
00781-2053-01_PART_1_OF_1_CHAL10_SB_521E2911.jpg,00781-2053-01,2053,TRUE,FALSE,FALSE,fcn_mix_weight/dr_224/00781-2053-01_PART_1_OF_1_CHAL10_SB_521E2911.jpg,00781-2053-01_521E2911,48848,TRUE,10/17/2017 05:32:55 PM,2020-02-10 17:16:18,d156295e-43aa-4456-9c2c-b6a367c385de-0781-2053-0,d156295e-43aa-4456-9c2c-b6a367c385de,16,,C48336,CAPSULE,,1,,GG623,,C48328,PINK,,TERAZOSIN HYDROCHLORIDE 5 mg;,TERAZOSIN HYDROCHLORIDE[TERAZOSIN];,"STARCH, CORN;CROSPOVIDONE, UNSPECIFIED;D&C YELLOW NO. 10;D&C RED NO. 28;FD&C BLUE NO. 1;FD&C BLUE NO. 2;FD&C RED NO. 40;GELATIN, UNSPECIFIED;LACTOSE MONOHYDRATE;MAGNESIUM STEARATE;MICROCRYSTALLINE CELLULOSE;SHELLAC;PROPYLENE GLYCOL;FERROSOFERRIC OXIDE;TITANIUM DIOXIDE;",HRX,SCD,terazosin 5 MG Oral Capsule,313219,2020-02-10 15:57:29,0781-2053,0,,7812053,781,2053,Terazosin Hydrochloride,completed,20190228,7d3db2e2-2f65-45df-9259-2b8e54eddb87.xml,,C25158,34391-3,,,LABELER,Sandoz Inc,C73584,NLM,TRUE,,15,,,TRUE,FALSE,FALSE,TRUE,TRUE
00781-2053-01_PART_1_OF_1_CHAL10_SF_521E2911.jpg,00781-2053-01,2053,TRUE,TRUE,FALSE,fcn_mix_weight/dr_224/00781-2053-01_PART_1_OF_1_CHAL10_SF_521E2911.jpg,00781-2053-01_521E2911,48848,TRUE,10/17/2017 05:32:55 PM,2020-02-10 17:16:18,d156295e-43aa-4456-9c2c-b6a367c385de-0781-2053-0,d156295e-43aa-4456-9c2c-b6a367c385de,16,,C48336,CAPSULE,,1,,GG623,,C48328,PINK,,TERAZOSIN HYDROCHLORIDE 5 mg;,TERAZOSIN HYDROCHLORIDE[TERAZOSIN];,"STARCH, CORN;CROSPOVIDONE, UNSPECIFIED;D&C YELLOW NO. 10;D&C RED NO. 28;FD&C BLUE NO. 1;FD&C BLUE NO. 2;FD&C RED NO. 40;GELATIN, UNSPECIFIED;LACTOSE MONOHYDRATE;MAGNESIUM STEARATE;MICROCRYSTALLINE CELLULOSE;SHELLAC;PROPYLENE GLYCOL;FERROSOFERRIC OXIDE;TITANIUM DIOXIDE;",HRX,SCD,terazosin 5 MG Oral Capsule,313219,2020-02-10 15:57:29,0781-2053,0,,7812053,781,2053,Terazosin Hydrochloride,completed,20190228,7d3db2e2-2f65-45df-9259-2b8e54eddb87.xml,,C25158,34391-3,,,LABELER,Sandoz Inc,C73584,NLM,TRUE,,15,,,TRUE,FALSE,FALSE,TRUE,TRUE
00781-2054-01_PART_1_OF_1_CHAL10_SB_A30ED1E6.jpg,00781-2054-01,2054,TRUE,FALSE,FALSE,fcn_mix_weight/dr_224/00781-2054-01_PART_1_OF_1_CHAL10_SB_A30ED1E6.jpg,00781-2054-01_A30ED1E6,21480,TRUE,10/17/2017 05:30:53 PM,2020-02-10 17:15:33,d156295e-43aa-4456-9c2c-b6a367c385de-0781-2054-0,d156295e-43aa-4456-9c2c-b6a367c385de,16,,C48336,CAPSULE,,1,,GG624,,C48334,TURQUOISE,,TERAZOSIN HYDROCHLORIDE 10 mg;,TERAZOSIN HYDROCHLORIDE[TERAZOSIN];,"STARCH, CORN;CROSPOVIDONE, UNSPECIFIED;D&C YELLOW NO. 10;FD&C BLUE NO. 1;FD&C BLUE NO. 2;FD&C RED NO. 40;GELATIN, UNSPECIFIED;LACTOSE MONOHYDRATE;MAGNESIUM STEARATE;MICROCRYSTALLINE CELLULOSE;SHELLAC;PROPYLENE GLYCOL;FERROSOFERRIC OXIDE;TITANIUM DIOXIDE;",HRX,SCD,terazosin 10 MG Oral Capsule,260376,2020-02-10 16:29:12,0781-2054,0,,7812054,781,2054,Terazosin Hydrochloride,completed,20190228,7d3db2e2-2f65-45df-9259-2b8e54eddb87.xml,,C25158,34391-3,,,LABELER,Sandoz Inc,C73584,NLM,TRUE,,15,,,TRUE,FALSE,FALSE,TRUE,TRUE
00781-2054-01_PART_1_OF_1_CHAL10_SF_A30ED1E6.jpg,00781-2054-01,2054,TRUE,TRUE,FALSE,fcn_mix_weight/dr_224/00781-2054-01_PART_1_OF_1_CHAL10_SF_A30ED1E6.jpg,00781-2054-01_A30ED1E6,21480,TRUE,10/17/2017 05:30:53 PM,2020-02-10 17:15:33,d156295e-43aa-4456-9c2c-b6a367c385de-0781-2054-0,d156295e-43aa-4456-9c2c-b6a367c385de,16,,C48336,CAPSULE,,1,,GG624,,C48334,TURQUOISE,,TERAZOSIN HYDROCHLORIDE 10 mg;,TERAZOSIN HYDROCHLORIDE[TERAZOSIN];,"STARCH, CORN;CROSPOVIDONE, UNSPECIFIED;D&C YELLOW NO. 10;FD&C BLUE NO. 1;FD&C BLUE NO. 2;FD&C RED NO. 40;GELATIN, UNSPECIFIED;LACTOSE MONOHYDRATE;MAGNESIUM STEARATE;MICROCRYSTALLINE CELLULOSE;SHELLAC;PROPYLENE GLYCOL;FERROSOFERRIC OXIDE;TITANIUM DIOXIDE;",HRX,SCD,terazosin 10 MG Oral Capsule,260376,2020-02-10 16:29:12,0781-2054,0,,7812054,781,2054,Terazosin Hydrochloride,completed,20190228,7d3db2e2-2f65-45df-9259-2b8e54eddb87.xml,,C25158,34391-3,,,LABELER,Sandoz Inc,C73584,NLM,TRUE,,15,,,TRUE,FALSE,FALSE,TRUE,TRUE
00781-5181-01_PART_1_OF_1_CHAL10_SB_6C23B66D.jpg,00781-5181-01,5181,TRUE,FALSE,FALSE,fcn_mix_weight/dr_224/00781-5181-01_PART_1_OF_1_CHAL10_SB_6C23B66D.jpg,00781-5181-01_6C23B66D,38559,TRUE,10/17/2017 05:32:08 PM,2020-02-10 17:02:52,a3845f91-e0fe-42aa-8043-aeaac43f8eef-0781-5181-0,a3845f91-e0fe-42aa-8043-aeaac43f8eef,9,,C48336,CAPSULE,OVAL,2,,50;GG;332,,C48325,WHITE,,LEVOTHYROXINE SODIUM 50 ug;,LEVOTHYROXINE SODIUM[LEVOTHYROXINE];,"MAGNESIUM STEARATE;CELLULOSE, MICROCRYSTALLINE;SILICON DIOXIDE;SODIUM STARCH GLYCOLATE TYPE A POTATO;",HRX,SCD,levothyroxine sodium 0.05 MG Oral Tablet,966221,2020-02-10 15:22:39,0781-5181,0,,7815181,781,5181,Levothyroxine sodium,active,20200422,a3e15b55-d515-24dc-e053-2a95a90a1849.xml,,C42998,34391-3,,,LABELER,Sandoz Inc.,C73605,NLM,TRUE,,22,,,TRUE,FALSE,FALSE,TRUE,TRUE
00781-5181-01_PART_1_OF_1_CHAL10_SF_6C23B66D.jpg,00781-5181-01,5181,TRUE,TRUE,FALSE,fcn_mix_weight/dr_224/00781-5181-01_PART_1_OF_1_CHAL10_SF_6C23B66D.jpg,00781-5181-01_6C23B66D,38559,TRUE,10/17/2017 05:32:08 PM,2020-02-10 17:02:52,a3845f91-e0fe-42aa-8043-aeaac43f8eef-0781-5181-0,a3845f91-e0fe-42aa-8043-aeaac43f8eef,9,,C48336,CAPSULE,OVAL,2,,50;GG;332,,C48325,WHITE,,LEVOTHYROXINE SODIUM 50 ug;,LEVOTHYROXINE SODIUM[LEVOTHYROXINE];,"MAGNESIUM STEARATE;CELLULOSE, MICROCRYSTALLINE;SILICON DIOXIDE;SODIUM STARCH GLYCOLATE TYPE A POTATO;",HRX,SCD,levothyroxine sodium 0.05 MG Oral Tablet,966221,2020-02-10 15:22:39,0781-5181,0,,7815181,781,5181,Levothyroxine sodium,active,20200422,a3e15b55-d515-24dc-e053-2a95a90a1849.xml,,C42998,34391-3,,,LABELER,Sandoz Inc.,C73605,NLM,TRUE,,22,,,TRUE,FALSE,FALSE,TRUE,TRUE
00781-5183-01_PART_1_OF_1_CHAL10_SB_7E23BF6D.jpg,00781-5183-01,5183,TRUE,FALSE,FALSE,fcn_mix_weight/dr_224/00781-5183-01_PART_1_OF_1_CHAL10_SB_7E23BF6D.jpg,00781-5183-01_7E23BF6D,28003,TRUE,10/17/2017 05:31:21 PM,2020-02-10 17:14:18,a3845f91-e0fe-42aa-8043-aeaac43f8eef-0781-5183-0,a3845f91-e0fe-42aa-8043-aeaac43f8eef,9,,C48336,CAPSULE,OVAL,2,,88;GG;334,,C48329,GREEN,,LEVOTHYROXINE SODIUM 88 ug;,LEVOTHYROXINE SODIUM[LEVOTHYROXINE];,"FD&C BLUE NO. 1--ALUMINUM LAKE;D&C YELLOW NO. 10;D&C RED NO. 30;MAGNESIUM STEARATE;CELLULOSE, MICROCRYSTALLINE;SILICON DIOXIDE;SODIUM STARCH GLYCOLATE TYPE A POTATO;",HRX,SCD,levothyroxine sodium 0.088 MG Oral Tablet,966253,2020-02-10 16:22:39,0781-5183,0,,7815183,781,5183,Levothyroxine sodium,active,20200422,a3e15b55-d515-24dc-e053-2a95a90a1849.xml,,C42998,34391-3,,,LABELER,Sandoz Inc.,C73605,NLM,TRUE,,22,,,TRUE,FALSE,FALSE,TRUE,TRUE
00781-5183-01_PART_1_OF_1_CHAL10_SF_7E23BF6D.jpg,00781-5183-01,5183,TRUE,TRUE,FALSE,fcn_mix_weight/dr_224/00781-5183-01_PART_1_OF_1_CHAL10_SF_7E23BF6D.jpg,00781-5183-01_7E23BF6D,28003,TRUE,10/17/2017 05:31:21 PM,2020-02-10 17:14:18,a3845f91-e0fe-42aa-8043-aeaac43f8eef-0781-5183-0,a3845f91-e0fe-42aa-8043-aeaac43f8eef,9,,C48336,CAPSULE,OVAL,2,,88;GG;334,,C48329,GREEN,,LEVOTHYROXINE SODIUM 88 ug;,LEVOTHYROXINE SODIUM[LEVOTHYROXINE];,"FD&C BLUE NO. 1--ALUMINUM LAKE;D&C YELLOW NO. 10;D&C RED NO. 30;MAGNESIUM STEARATE;CELLULOSE, MICROCRYSTALLINE;SILICON DIOXIDE;SODIUM STARCH GLYCOLATE TYPE A POTATO;",HRX,SCD,levothyroxine sodium 0.088 MG Oral Tablet,966253,2020-02-10 16:22:39,0781-5183,0,,7815183,781,5183,Levothyroxine sodium,active,20200422,a3e15b55-d515-24dc-e053-2a95a90a1849.xml,,C42998,34391-3,,,LABELER,Sandoz Inc.,C73605,NLM,TRUE,,22,,,TRUE,FALSE,FALSE,TRUE,TRUE
00781-5184-01_PART_1_OF_1_CHAL10_SB_6E21B76D.jpg,00781-5184-01,5184,TRUE,FALSE,FALSE,fcn_mix_weight/dr_224/00781-5184-01_PART_1_OF_1_CHAL10_SB_6E21B76D.jpg,00781-5184-01_6E21B76D,26262,TRUE,10/17/2017 05:31:13 PM,2020-02-10 17:11:37,a3845f91-e0fe-42aa-8043-aeaac43f8eef-0781-5184-0,a3845f91-e0fe-42aa-8043-aeaac43f8eef,9,,C48336,CAPSULE,OVAL,2,,100;GG;335,,C48330,YELLOW,,LEVOTHYROXINE SODIUM 100 ug;,LEVOTHYROXINE SODIUM[LEVOTHYROXINE];,"D&C RED NO. 30;D&C RED NO. 27;D&C YELLOW NO. 10;MAGNESIUM STEARATE;CELLULOSE, MICROCRYSTALLINE;SILICON DIOXIDE;SODIUM STARCH GLYCOLATE TYPE A POTATO;",HRX,SCD,levothyroxine sodium 0.1 MG Oral Tablet,892246,2020-02-10 16:07:44,0781-5184,0,,7815184,781,5184,Levothyroxine sodium,active,20200422,a3e15b55-d515-24dc-e053-2a95a90a1849.xml,,C42998,34391-3,,,LABELER,Sandoz Inc.,C73605,NLM,TRUE,,22,,,TRUE,FALSE,FALSE,TRUE,TRUE
00781-5184-01_PART_1_OF_1_CHAL10_SF_6E21B76D.jpg,00781-5184-01,5184,TRUE,TRUE,FALSE,fcn_mix_weight/dr_224/00781-5184-01_PART_1_OF_1_CHAL10_SF_6E21B76D.jpg,00781-5184-01_6E21B76D,26262,TRUE,10/17/2017 05:31:13 PM,2020-02-10 17:11:37,a3845f91-e0fe-42aa-8043-aeaac43f8eef-0781-5184-0,a3845f91-e0fe-42aa-8043-aeaac43f8eef,9,,C48336,CAPSULE,OVAL,2,,100;GG;335,,C48330,YELLOW,,LEVOTHYROXINE SODIUM 100 ug;,LEVOTHYROXINE SODIUM[LEVOTHYROXINE];,"D&C RED NO. 30;D&C RED NO. 27;D&C YELLOW NO. 10;MAGNESIUM STEARATE;CELLULOSE, MICROCRYSTALLINE;SILICON DIOXIDE;SODIUM STARCH GLYCOLATE TYPE A POTATO;",HRX,SCD,levothyroxine sodium 0.1 MG Oral Tablet,892246,2020-02-10 16:07:44,0781-5184,0,,7815184,781,5184,Levothyroxine sodium,active,20200422,a3e15b55-d515-24dc-e053-2a95a90a1849.xml,,C42998,34391-3,,,LABELER,Sandoz Inc.,C73605,NLM,TRUE,,22,,,TRUE,FALSE,FALSE,TRUE,TRUE
00781-5185-01_PART_1_OF_1_CHAL10_SB_8323C1DE.jpg,00781-5185-01,5185,TRUE,FALSE,FALSE,fcn_mix_weight/dr_224/00781-5185-01_PART_1_OF_1_CHAL10_SB_8323C1DE.jpg,00781-5185-01_8323C1DE,9726,TRUE,10/17/2017 05:30:03 PM,2020-02-10 17:15:03,a3845f91-e0fe-42aa-8043-aeaac43f8eef-0781-5185-0,a3845f91-e0fe-42aa-8043-aeaac43f8eef,9,,C48336,CAPSULE,OVAL,2,,112;GG;336,,C48326,RED,,LEVOTHYROXINE SODIUM 112 ug;,LEVOTHYROXINE SODIUM[LEVOTHYROXINE];,"D&C RED NO. 27 ALUMINUM LAKE;D&C RED NO. 30;MAGNESIUM STEARATE;CELLULOSE, MICROCRYSTALLINE;SILICON DIOXIDE;SODIUM STARCH GLYCOLATE TYPE A POTATO;",HRX,SCD,levothyroxine sodium 0.112 MG Oral Tablet,966248,2020-02-10 15:51:37,0781-5185,0,,7815185,781,5185,Levothyroxine sodium,active,20200422,a3e15b55-d515-24dc-e053-2a95a90a1849.xml,,C42998,34391-3,,,LABELER,Sandoz Inc.,C73605,NLM,TRUE,,22,,,TRUE,FALSE,FALSE,TRUE,TRUE
00781-5185-01_PART_1_OF_1_CHAL10_SF_8323C1DE.jpg,00781-5185-01,5185,TRUE,TRUE,FALSE,fcn_mix_weight/dr_224/00781-5185-01_PART_1_OF_1_CHAL10_SF_8323C1DE.jpg,00781-5185-01_8323C1DE,9726,TRUE,10/17/2017 05:30:03 PM,2020-02-10 17:15:03,a3845f91-e0fe-42aa-8043-aeaac43f8eef-0781-5185-0,a3845f91-e0fe-42aa-8043-aeaac43f8eef,9,,C48336,CAPSULE,OVAL,2,,112;GG;336,,C48326,RED,,LEVOTHYROXINE SODIUM 112 ug;,LEVOTHYROXINE SODIUM[LEVOTHYROXINE];,"D&C RED NO. 27 ALUMINUM LAKE;D&C RED NO. 30;MAGNESIUM STEARATE;CELLULOSE, MICROCRYSTALLINE;SILICON DIOXIDE;SODIUM STARCH GLYCOLATE TYPE A POTATO;",HRX,SCD,levothyroxine sodium 0.112 MG Oral Tablet,966248,2020-02-10 15:51:37,0781-5185,0,,7815185,781,5185,Levothyroxine sodium,active,20200422,a3e15b55-d515-24dc-e053-2a95a90a1849.xml,,C42998,34391-3,,,LABELER,Sandoz Inc.,C73605,NLM,TRUE,,22,,,TRUE,FALSE,FALSE,TRUE,TRUE
00781-5186-01_PART_1_OF_1_CHAL10_SB_7A23BD5D.jpg,00781-5186-01,5186,TRUE,FALSE,FALSE,fcn_mix_weight/dr_224/00781-5186-01_PART_1_OF_1_CHAL10_SB_7A23BD5D.jpg,00781-5186-01_7A23BD5D,40063,TRUE,10/17/2017 05:32:15 PM,2020-02-10 17:01:14,a3845f91-e0fe-42aa-8043-aeaac43f8eef-0781-5186-0,a3845f91-e0fe-42aa-8043-aeaac43f8eef,9,,C48336,CAPSULE,OVAL,2,,125;GG;337,,C48332,BROWN,,LEVOTHYROXINE SODIUM 125 ug;,LEVOTHYROXINE SODIUM[LEVOTHYROXINE];,"FD&C RED NO. 40;FD&C YELLOW NO. 6;FD&C BLUE NO. 1--ALUMINUM LAKE;MAGNESIUM STEARATE;CELLULOSE, MICROCRYSTALLINE;SILICON DIOXIDE;SODIUM STARCH GLYCOLATE TYPE A POTATO;",HRX,SCD,levothyroxine sodium 0.125 MG Oral Tablet,966224,2020-02-10 16:32:44,0781-5186,0,,7815186,781,5186,Levothyroxine sodium,active,20200422,a3e15b55-d515-24dc-e053-2a95a90a1849.xml,,C42998,34391-3,,,LABELER,Sandoz Inc.,C73605,NLM,TRUE,,22,,,TRUE,FALSE,FALSE,TRUE,TRUE
00781-5186-01_PART_1_OF_1_CHAL10_SF_7A23BD5D.jpg,00781-5186-01,5186,TRUE,TRUE,FALSE,fcn_mix_weight/dr_224/00781-5186-01_PART_1_OF_1_CHAL10_SF_7A23BD5D.jpg,00781-5186-01_7A23BD5D,40063,TRUE,10/17/2017 05:32:15 PM,2020-02-10 17:01:14,a3845f91-e0fe-42aa-8043-aeaac43f8eef-0781-5186-0,a3845f91-e0fe-42aa-8043-aeaac43f8eef,9,,C48336,CAPSULE,OVAL,2,,125;GG;337,,C48332,BROWN,,LEVOTHYROXINE SODIUM 125 ug;,LEVOTHYROXINE SODIUM[LEVOTHYROXINE];,"FD&C RED NO. 40;FD&C YELLOW NO. 6;FD&C BLUE NO. 1--ALUMINUM LAKE;MAGNESIUM STEARATE;CELLULOSE, MICROCRYSTALLINE;SILICON DIOXIDE;SODIUM STARCH GLYCOLATE TYPE A POTATO;",HRX,SCD,levothyroxine sodium 0.125 MG Oral Tablet,966224,2020-02-10 16:32:44,0781-5186,0,,7815186,781,5186,Levothyroxine sodium,active,20200422,a3e15b55-d515-24dc-e053-2a95a90a1849.xml,,C42998,34391-3,,,LABELER,Sandoz Inc.,C73605,NLM,TRUE,,22,,,TRUE,FALSE,FALSE,TRUE,TRUE
00781-5187-01_PART_1_OF_1_CHAL10_SB_34239A1C.jpg,00781-5187-01,5187,TRUE,FALSE,FALSE,fcn_mix_weight/dr_224/00781-5187-01_PART_1_OF_1_CHAL10_SB_34239A1C.jpg,00781-5187-01_34239A1C,31430,TRUE,10/17/2017 05:31:36 PM,2020-02-10 17:04:15,a3845f91-e0fe-42aa-8043-aeaac43f8eef-0781-5187-0,a3845f91-e0fe-42aa-8043-aeaac43f8eef,9,,C48336,CAPSULE,OVAL,2,,150;GG;338,,C48333,BLUE,,LEVOTHYROXINE SODIUM 150 ug;,LEVOTHYROXINE SODIUM[LEVOTHYROXINE];,"FD&C BLUE NO. 2--ALUMINUM LAKE;MAGNESIUM STEARATE;CELLULOSE, MICROCRYSTALLINE;SILICON DIOXIDE;SODIUM STARCH GLYCOLATE TYPE A POTATO;",HRX,SCD,levothyroxine sodium 0.15 MG Oral Tablet,966225,2020-02-10 15:29:18,0781-5187,0,,7815187,781,5187,Levothyroxine sodium,active,20200422,a3e15b55-d515-24dc-e053-2a95a90a1849.xml,,C42998,34391-3,,,LABELER,Sandoz Inc.,C73605,NLM,TRUE,,22,,,TRUE,FALSE,FALSE,TRUE,TRUE
00781-5187-01_PART_1_OF_1_CHAL10_SF_34239A1C.jpg,00781-5187-01,5187,TRUE,TRUE,FALSE,fcn_mix_weight/dr_224/00781-5187-01_PART_1_OF_1_CHAL10_SF_34239A1C.jpg,00781-5187-01_34239A1C,31430,TRUE,10/17/2017 05:31:36 PM,2020-02-10 17:04:15,a3845f91-e0fe-42aa-8043-aeaac43f8eef-0781-5187-0,a3845f91-e0fe-42aa-8043-aeaac43f8eef,9,,C48336,CAPSULE,OVAL,2,,150;GG;338,,C48333,BLUE,,LEVOTHYROXINE SODIUM 150 ug;,LEVOTHYROXINE SODIUM[LEVOTHYROXINE];,"FD&C BLUE NO. 2--ALUMINUM LAKE;MAGNESIUM STEARATE;CELLULOSE, MICROCRYSTALLINE;SILICON DIOXIDE;SODIUM STARCH GLYCOLATE TYPE A POTATO;",HRX,SCD,levothyroxine sodium 0.15 MG Oral Tablet,966225,2020-02-10 15:29:18,0781-5187,0,,7815187,781,5187,Levothyroxine sodium,active,20200422,a3e15b55-d515-24dc-e053-2a95a90a1849.xml,,C42998,34391-3,,,LABELER,Sandoz Inc.,C73605,NLM,TRUE,,22,,,TRUE,FALSE,FALSE,TRUE,TRUE
00781-5188-01_PART_1_OF_1_CHAL10_SB_D020E837.jpg,00781-5188-01,5188,TRUE,FALSE,FALSE,fcn_mix_weight/dr_224/00781-5188-01_PART_1_OF_1_CHAL10_SB_D020E837.jpg,00781-5188-01_D020E837,15990,TRUE,10/17/2017 05:30:29 PM,2020-02-10 16:58:59,a3845f91-e0fe-42aa-8043-aeaac43f8eef-0781-5188-0,a3845f91-e0fe-42aa-8043-aeaac43f8eef,9,,C48336,CAPSULE,OVAL,2,,175;GG;339,,C48327,PURPLE,,LEVOTHYROXINE SODIUM 175 ug;,LEVOTHYROXINE SODIUM[LEVOTHYROXINE];,"D&C RED NO. 27 ALUMINUM LAKE;D&C RED NO. 30;FD&C BLUE NO. 1--ALUMINUM LAKE;MAGNESIUM STEARATE;CELLULOSE, MICROCRYSTALLINE;SILICON DIOXIDE;SODIUM STARCH GLYCOLATE TYPE A POTATO;",HRX,SCD,levothyroxine sodium 0.175 MG Oral Tablet,966249,2020-02-10 15:05:53,0781-5188,0,,7815188,781,5188,Levothyroxine sodium,active,20200422,a3e15b55-d515-24dc-e053-2a95a90a1849.xml,,C42998,34391-3,,,LABELER,Sandoz Inc.,C73605,NLM,TRUE,,22,,,TRUE,FALSE,FALSE,TRUE,TRUE
00781-5188-01_PART_1_OF_1_CHAL10_SF_D020E837.jpg,00781-5188-01,5188,TRUE,TRUE,FALSE,fcn_mix_weight/dr_224/00781-5188-01_PART_1_OF_1_CHAL10_SF_D020E837.jpg,00781-5188-01_D020E837,15990,TRUE,10/17/2017 05:30:29 PM,2020-02-10 16:58:59,a3845f91-e0fe-42aa-8043-aeaac43f8eef-0781-5188-0,a3845f91-e0fe-42aa-8043-aeaac43f8eef,9,,C48336,CAPSULE,OVAL,2,,175;GG;339,,C48327,PURPLE,,LEVOTHYROXINE SODIUM 175 ug;,LEVOTHYROXINE SODIUM[LEVOTHYROXINE];,"D&C RED NO. 27 ALUMINUM LAKE;D&C RED NO. 30;FD&C BLUE NO. 1--ALUMINUM LAKE;MAGNESIUM STEARATE;CELLULOSE, MICROCRYSTALLINE;SILICON DIOXIDE;SODIUM STARCH GLYCOLATE TYPE A POTATO;",HRX,SCD,levothyroxine sodium 0.175 MG Oral Tablet,966249,2020-02-10 15:05:53,0781-5188,0,,7815188,781,5188,Levothyroxine sodium,active,20200422,a3e15b55-d515-24dc-e053-2a95a90a1849.xml,,C42998,34391-3,,,LABELER,Sandoz Inc.,C73605,NLM,TRUE,,22,,,TRUE,FALSE,FALSE,TRUE,TRUE
00781-5189-01_PART_1_OF_1_CHAL10_SB_7523BAED.jpg,00781-5189-01,5189,TRUE,FALSE,FALSE,fcn_mix_weight/dr_224/00781-5189-01_PART_1_OF_1_CHAL10_SB_7523BAED.jpg,00781-5189-01_7523BAED,41213,TRUE,10/17/2017 05:32:20 PM,2020-02-10 17:02:52,a3845f91-e0fe-42aa-8043-aeaac43f8eef-0781-5189-0,a3845f91-e0fe-42aa-8043-aeaac43f8eef,9,,C48336,CAPSULE,OVAL,2,,200;GG;340,,C48328,PINK,,LEVOTHYROXINE SODIUM 200 ug;,LEVOTHYROXINE SODIUM[LEVOTHYROXINE];,"D&C RED NO. 27 ALUMINUM LAKE;D&C YELLOW NO. 10;CELLULOSE, MICROCRYSTALLINE;SILICON DIOXIDE;SODIUM STARCH GLYCOLATE TYPE A POTATO;MAGNESIUM STEARATE;",HRX,SCD,levothyroxine sodium 0.2 MG Oral Tablet,892251,2020-02-10 15:22:39,0781-5189,0,,7815189,781,5189,Levothyroxine sodium,active,20200422,a3e15b55-d515-24dc-e053-2a95a90a1849.xml,,C42998,34391-3,,,LABELER,Sandoz Inc.,C73605,NLM,TRUE,,22,,,TRUE,FALSE,FALSE,TRUE,TRUE
00781-5189-01_PART_1_OF_1_CHAL10_SF_7523BAED.jpg,00781-5189-01,5189,TRUE,TRUE,FALSE,fcn_mix_weight/dr_224/00781-5189-01_PART_1_OF_1_CHAL10_SF_7523BAED.jpg,00781-5189-01_7523BAED,41213,TRUE,10/17/2017 05:32:20 PM,2020-02-10 17:02:52,a3845f91-e0fe-42aa-8043-aeaac43f8eef-0781-5189-0,a3845f91-e0fe-42aa-8043-aeaac43f8eef,9,,C48336,CAPSULE,OVAL,2,,200;GG;340,,C48328,PINK,,LEVOTHYROXINE SODIUM 200 ug;,LEVOTHYROXINE SODIUM[LEVOTHYROXINE];,"D&C RED NO. 27 ALUMINUM LAKE;D&C YELLOW NO. 10;CELLULOSE, MICROCRYSTALLINE;SILICON DIOXIDE;SODIUM STARCH GLYCOLATE TYPE A POTATO;MAGNESIUM STEARATE;",HRX,SCD,levothyroxine sodium 0.2 MG Oral Tablet,892251,2020-02-10 15:22:39,0781-5189,0,,7815189,781,5189,Levothyroxine sodium,active,20200422,a3e15b55-d515-24dc-e053-2a95a90a1849.xml,,C42998,34391-3,,,LABELER,Sandoz Inc.,C73605,NLM,TRUE,,22,,,TRUE,FALSE,FALSE,TRUE,TRUE
00781-5191-01_PART_1_OF_1_CHAL10_SB_CD20E6B7.jpg,00781-5191-01,5191,TRUE,FALSE,FALSE,fcn_mix_weight/dr_224/00781-5191-01_PART_1_OF_1_CHAL10_SB_CD20E6B7.jpg,00781-5191-01_CD20E6B7,3049,TRUE,10/17/2017 05:29:33 PM,2020-02-10 17:04:15,a3845f91-e0fe-42aa-8043-aeaac43f8eef-0781-5191-0,a3845f91-e0fe-42aa-8043-aeaac43f8eef,9,,C48336,CAPSULE,OVAL,2,,137;GG;330,,C48329,GREEN,,LEVOTHYROXINE SODIUM 137 ug;,LEVOTHYROXINE SODIUM[LEVOTHYROXINE];,"FD&C BLUE NO. 1--ALUMINUM LAKE;SODIUM STARCH GLYCOLATE TYPE A POTATO;MAGNESIUM STEARATE;CELLULOSE, MICROCRYSTALLINE;SILICON DIOXIDE;",HRX,SCD,levothyroxine sodium 0.137 MG Oral Tablet,966270,2020-02-10 15:29:18,0781-5191,0,,7815191,781,5191,Levothyroxine sodium,active,20200422,a3e15b55-d515-24dc-e053-2a95a90a1849.xml,,C42998,34391-3,,,LABELER,Sandoz Inc.,C73605,NLM,TRUE,,22,,,TRUE,FALSE,FALSE,TRUE,TRUE
00781-5191-01_PART_1_OF_1_CHAL10_SF_CD20E6B7.jpg,00781-5191-01,5191,TRUE,TRUE,FALSE,fcn_mix_weight/dr_224/00781-5191-01_PART_1_OF_1_CHAL10_SF_CD20E6B7.jpg,00781-5191-01_CD20E6B7,3049,TRUE,10/17/2017 05:29:33 PM,2020-02-10 17:04:15,a3845f91-e0fe-42aa-8043-aeaac43f8eef-0781-5191-0,a3845f91-e0fe-42aa-8043-aeaac43f8eef,9,,C48336,CAPSULE,OVAL,2,,137;GG;330,,C48329,GREEN,,LEVOTHYROXINE SODIUM 137 ug;,LEVOTHYROXINE SODIUM[LEVOTHYROXINE];,"FD&C BLUE NO. 1--ALUMINUM LAKE;SODIUM STARCH GLYCOLATE TYPE A POTATO;MAGNESIUM STEARATE;CELLULOSE, MICROCRYSTALLINE;SILICON DIOXIDE;",HRX,SCD,levothyroxine sodium 0.137 MG Oral Tablet,966270,2020-02-10 15:29:18,0781-5191,0,,7815191,781,5191,Levothyroxine sodium,active,20200422,a3e15b55-d515-24dc-e053-2a95a90a1849.xml,,C42998,34391-3,,,LABELER,Sandoz Inc.,C73605,NLM,TRUE,,22,,,TRUE,FALSE,FALSE,TRUE,TRUE
00781-5405-01_PART_1_OF_1_CHAL10_SB_4A132549.jpg,00781-5405-01,5405,TRUE,FALSE,FALSE,fcn_mix_weight/dr_224/00781-5405-01_PART_1_OF_1_CHAL10_SB_4A132549.jpg,00781-5405-01_4A132549,39023,TRUE,10/17/2017 05:32:10 PM,2020-02-10 17:16:00,b4a06de6-f837-43a8-ae7a-aadb38dd2a7d-0781-5405-0,b4a06de6-f837-43a8-ae7a-aadb38dd2a7d,10,,C48348,ROUND,,1,,SZ;183,,C48332,BROWN,,ERGOTAMINE TARTRATE 1 mg;CAFFEINE 100 mg;,ERGOTAMINE TARTRATE[ERGOTAMINE];CAFFEINE[CAFFEINE];,"FERROSOFERRIC OXIDE;SUCROSE;FERRIC OXIDE RED;MAGNESIUM STEARATE;CELLULOSE, MICROCRYSTALLINE;POLYETHYLENE GLYCOLS;POLYVINYL ALCOHOL;SODIUM STARCH GLYCOLATE TYPE A POTATO;TALC;TITANIUM DIOXIDE;FERRIC OXIDE YELLOW;",HRX,SBD,caffeine 100 MG / ergotamine tartrate 1 MG Oral Tablet [Cafergot],1293506,2020-02-10 16:31:39,0781-5405,0,,7815405,781,5405,Cafergot,active,20120514,b4a06de6-f837-43a8-ae7a-aadb38dd2a7d.xml,,C42931,34391-3,,,LABELER,Sandoz Inc,C73584,NLM,TRUE,,10,,,TRUE,FALSE,FALSE,TRUE,TRUE
00781-5405-01_PART_1_OF_1_CHAL10_SF_4A132549.jpg,00781-5405-01,5405,TRUE,TRUE,FALSE,fcn_mix_weight/dr_224/00781-5405-01_PART_1_OF_1_CHAL10_SF_4A132549.jpg,00781-5405-01_4A132549,39023,TRUE,10/17/2017 05:32:10 PM,2020-02-10 17:16:00,b4a06de6-f837-43a8-ae7a-aadb38dd2a7d-0781-5405-0,b4a06de6-f837-43a8-ae7a-aadb38dd2a7d,10,,C48348,ROUND,,1,,SZ;183,,C48332,BROWN,,ERGOTAMINE TARTRATE 1 mg;CAFFEINE 100 mg;,ERGOTAMINE TARTRATE[ERGOTAMINE];CAFFEINE[CAFFEINE];,"FERROSOFERRIC OXIDE;SUCROSE;FERRIC OXIDE RED;MAGNESIUM STEARATE;CELLULOSE, MICROCRYSTALLINE;POLYETHYLENE GLYCOLS;POLYVINYL ALCOHOL;SODIUM STARCH GLYCOLATE TYPE A POTATO;TALC;TITANIUM DIOXIDE;FERRIC OXIDE YELLOW;",HRX,SBD,caffeine 100 MG / ergotamine tartrate 1 MG Oral Tablet [Cafergot],1293506,2020-02-10 16:31:39,0781-5405,0,,7815405,781,5405,Cafergot,active,20120514,b4a06de6-f837-43a8-ae7a-aadb38dd2a7d.xml,,C42931,34391-3,,,LABELER,Sandoz Inc,C73584,NLM,TRUE,,10,,,TRUE,FALSE,FALSE,TRUE,TRUE
00832-0038-00_PART_1_OF_1_CHAL10_SB_BB22DDA6.jpg,00832-0038-00,38,TRUE,FALSE,FALSE,fcn_mix_weight/dr_224/00832-0038-00_PART_1_OF_1_CHAL10_SB_BB22DDA6.jpg,00832-0038-00_BB22DDA6,8835,TRUE,10/17/2017 05:29:59 PM,2020-02-10 17:00:02,3ee6835a-7a7d-49a9-8460-2f1dd270ead3-0832-0038-0,3ee6835a-7a7d-49a9-8460-2f1dd270ead3,8,,C48348,ROUND,,2,,832;38,,C48325,WHITE,,Oxybutynin Chloride 5 mg;,Oxybutynin Chloride[Oxybutynin];,anhydrous lactose;calcium stearate;microcrystalline cellulose;,HRX,SCD,oxybutynin chloride 5 MG Oral Tablet,863664,2020-02-10 15:09:55,0832-0038,0,,8320038,832,38,Oxybutynin Chloride,active,20200630,7cca39bd-dc3b-4a97-ad5c-fb802e116359.xml,,C42998,34391-3,,,LABELER,"Upsher-Smith Laboratories, LLC",C73584,NLM,TRUE,,13,,,TRUE,FALSE,FALSE,TRUE,TRUE
00832-0038-00_PART_1_OF_1_CHAL10_SF_BB22DDA6.jpg,00832-0038-00,38,TRUE,TRUE,FALSE,fcn_mix_weight/dr_224/00832-0038-00_PART_1_OF_1_CHAL10_SF_BB22DDA6.jpg,00832-0038-00_BB22DDA6,8835,TRUE,10/17/2017 05:29:59 PM,2020-02-10 17:00:02,3ee6835a-7a7d-49a9-8460-2f1dd270ead3-0832-0038-0,3ee6835a-7a7d-49a9-8460-2f1dd270ead3,8,,C48348,ROUND,,2,,832;38,,C48325,WHITE,,Oxybutynin Chloride 5 mg;,Oxybutynin Chloride[Oxybutynin];,anhydrous lactose;calcium stearate;microcrystalline cellulose;,HRX,SCD,oxybutynin chloride 5 MG Oral Tablet,863664,2020-02-10 15:09:55,0832-0038,0,,8320038,832,38,Oxybutynin Chloride,active,20200630,7cca39bd-dc3b-4a97-ad5c-fb802e116359.xml,,C42998,34391-3,,,LABELER,"Upsher-Smith Laboratories, LLC",C73584,NLM,TRUE,,13,,,TRUE,FALSE,FALSE,TRUE,TRUE
00832-1024-00_PART_1_OF_1_CHAL10_SB_6E233779.jpg,00832-1024-00,1024,TRUE,FALSE,FALSE,fcn_mix_weight/dr_224/00832-1024-00_PART_1_OF_1_CHAL10_SB_6E233779.jpg,00832-1024-00_6E233779,18260,TRUE,10/17/2017 05:30:39 PM,2020-02-10 17:10:35,29af8fe6-66ca-4575-b0ef-cd3a63d80924-0832-1024-0,29af8fe6-66ca-4575-b0ef-cd3a63d80924,8,,C48348,ROUND,,2,,BAC;10;832,,C48325,WHITE,,Baclofen 10 mg;,Baclofen[Baclofen];,"CROSPOVIDONE (15 MPA.S AT 5%);anhydrous lactose;magnesium stearate;POVIDONE, UNSPECIFIED;",HRX,SCD,baclofen 10 MG Oral Tablet,197391,2020-02-10 16:02:17,0832-1024,0,,8321024,832,1024,Baclofen,active,20181218,8dfdbcad-8002-4476-a2b5-60dd30b59799.xml,,C42998,34391-3,,,LABELER,"Upsher-Smith Laboratories, LLC",C73584,NLM,TRUE,,9,,,TRUE,FALSE,FALSE,TRUE,TRUE
00832-1024-00_PART_1_OF_1_CHAL10_SF_6E233779.jpg,00832-1024-00,1024,TRUE,TRUE,FALSE,fcn_mix_weight/dr_224/00832-1024-00_PART_1_OF_1_CHAL10_SF_6E233779.jpg,00832-1024-00_6E233779,18260,TRUE,10/17/2017 05:30:39 PM,2020-02-10 17:10:35,29af8fe6-66ca-4575-b0ef-cd3a63d80924-0832-1024-0,29af8fe6-66ca-4575-b0ef-cd3a63d80924,8,,C48348,ROUND,,2,,BAC;10;832,,C48325,WHITE,,Baclofen 10 mg;,Baclofen[Baclofen];,"CROSPOVIDONE (15 MPA.S AT 5%);anhydrous lactose;magnesium stearate;POVIDONE, UNSPECIFIED;",HRX,SCD,baclofen 10 MG Oral Tablet,197391,2020-02-10 16:02:17,0832-1024,0,,8321024,832,1024,Baclofen,active,20181218,8dfdbcad-8002-4476-a2b5-60dd30b59799.xml,,C42998,34391-3,,,LABELER,"Upsher-Smith Laboratories, LLC",C73584,NLM,TRUE,,9,,,TRUE,FALSE,FALSE,TRUE,TRUE
00832-1025-00_PART_1_OF_1_CHAL10_SB_73233989.jpg,00832-1025-00,1025,TRUE,FALSE,FALSE,fcn_mix_weight/dr_224/00832-1025-00_PART_1_OF_1_CHAL10_SB_73233989.jpg,00832-1025-00_73233989,39984,TRUE,10/17/2017 05:32:15 PM,2020-02-10 17:03:13,29af8fe6-66ca-4575-b0ef-cd3a63d80924-0832-1025-0,29af8fe6-66ca-4575-b0ef-cd3a63d80924,10,,C48348,ROUND,,2,,832;BC20,,C48325,WHITE,,Baclofen 20 mg;,Baclofen[Baclofen];,"CROSPOVIDONE (15 MPA.S AT 5%);anhydrous lactose;magnesium stearate;POVIDONE, UNSPECIFIED;",HRX,SCD,baclofen 20 MG Oral Tablet,197392,2020-02-10 15:24:23,0832-1025,0,,8321025,832,1025,Baclofen,active,20181218,8dfdbcad-8002-4476-a2b5-60dd30b59799.xml,,C42998,34391-3,,,LABELER,"Upsher-Smith Laboratories, LLC",C73584,NLM,TRUE,,9,,,TRUE,FALSE,FALSE,TRUE,TRUE
00832-1025-00_PART_1_OF_1_CHAL10_SF_73233989.jpg,00832-1025-00,1025,TRUE,TRUE,FALSE,fcn_mix_weight/dr_224/00832-1025-00_PART_1_OF_1_CHAL10_SF_73233989.jpg,00832-1025-00_73233989,39984,TRUE,10/17/2017 05:32:15 PM,2020-02-10 17:03:13,29af8fe6-66ca-4575-b0ef-cd3a63d80924-0832-1025-0,29af8fe6-66ca-4575-b0ef-cd3a63d80924,10,,C48348,ROUND,,2,,832;BC20,,C48325,WHITE,,Baclofen 20 mg;,Baclofen[Baclofen];,"CROSPOVIDONE (15 MPA.S AT 5%);anhydrous lactose;magnesium stearate;POVIDONE, UNSPECIFIED;",HRX,SCD,baclofen 20 MG Oral Tablet,197392,2020-02-10 15:24:23,0832-1025,0,,8321025,832,1025,Baclofen,active,20181218,8dfdbcad-8002-4476-a2b5-60dd30b59799.xml,,C42998,34391-3,,,LABELER,"Upsher-Smith Laboratories, LLC",C73584,NLM,TRUE,,9,,,TRUE,FALSE,FALSE,TRUE,TRUE
00832-1080-00_PART_1_OF_1_CHAL10_SB_C0266053.jpg,00832-1080-00,1080,TRUE,FALSE,FALSE,fcn_mix_weight/dr_224/00832-1080-00_PART_1_OF_1_CHAL10_SB_C0266053.jpg,00832-1080-00_C0266053,38770,TRUE,10/17/2017 05:32:09 PM,2020-02-10 17:03:36,882f3802-7700-447b-996d-181ca494b787-0832-1080-0,882f3802-7700-447b-996d-181ca494b787,6,,C48348,ROUND,,2,,832;BM05,,C48325,WHITE,,benztropine mesylate 0.5 mg;,benztropine mesylate[benztropine];,"croscarmellose sodium;anhydrous lactose;magnesium stearate;POVIDONE, UNSPECIFIED;",HRX,SCD,benztropine mesylate 0.5 MG Oral Tablet,885219,2020-02-10 15:26:16,0832-1080,0,,8321080,832,1080,Benztropine Mesylate,active,20180426,2711e70f-cc34-4092-b4fc-47e426cef420.xml,,C42998,34391-3,,,LABELER,"Upsher-Smith Laboratories, LLC",C73584,NLM,TRUE,,5,,,TRUE,FALSE,FALSE,TRUE,TRUE
00832-1080-00_PART_1_OF_1_CHAL10_SF_C0266053.jpg,00832-1080-00,1080,TRUE,TRUE,FALSE,fcn_mix_weight/dr_224/00832-1080-00_PART_1_OF_1_CHAL10_SF_C0266053.jpg,00832-1080-00_C0266053,38770,TRUE,10/17/2017 05:32:09 PM,2020-02-10 17:03:36,882f3802-7700-447b-996d-181ca494b787-0832-1080-0,882f3802-7700-447b-996d-181ca494b787,6,,C48348,ROUND,,2,,832;BM05,,C48325,WHITE,,benztropine mesylate 0.5 mg;,benztropine mesylate[benztropine];,"croscarmellose sodium;anhydrous lactose;magnesium stearate;POVIDONE, UNSPECIFIED;",HRX,SCD,benztropine mesylate 0.5 MG Oral Tablet,885219,2020-02-10 15:26:16,0832-1080,0,,8321080,832,1080,Benztropine Mesylate,active,20180426,2711e70f-cc34-4092-b4fc-47e426cef420.xml,,C42998,34391-3,,,LABELER,"Upsher-Smith Laboratories, LLC",C73584,NLM,TRUE,,5,,,TRUE,FALSE,FALSE,TRUE,TRUE
10144-0602-15_PART_1_OF_1_CHAL10_SB_FA1DFD3F.jpg,10144-0602-15,602,TRUE,FALSE,FALSE,fcn_mix_weight/dr_224/10144-0602-15_PART_1_OF_1_CHAL10_SB_FA1DFD3F.jpg,10144-0602-15_FA1DFD3F,41375,TRUE,10/17/2017 05:32:21 PM,2020-02-10 17:04:38,413ee468-c7e8-4283-8e2b-b573dcc1f607-10144-602-0,413ee468-c7e8-4283-8e2b-b573dcc1f607,16,,C48336,CAPSULE,,1,,2;MG,,C48333,BLUE,,TIZANIDINE HYDROCHLORIDE 2 mg;,TIZANIDINE HYDROCHLORIDE[TIZANIDINE];,SILICON DIOXIDE;TITANIUM DIOXIDE;GELATIN;,HRX,SBD,tizanidine 2 MG Oral Capsule [Zanaflex],583165,2020-02-10 15:31:07,10144-602,0,,101440602,10144,602,Zanaflex,completed,20181019,7897aa33-13b7-f553-e053-2a91aa0a2c3f.xml,,C25158,34391-3,,,LABELER,"Acorda Therapeutics, Inc.",C73594,NLM,TRUE,,13,,,TRUE,FALSE,FALSE,TRUE,TRUE
10144-0602-15_PART_1_OF_1_CHAL10_SF_FA1DFD3F.jpg,10144-0602-15,602,TRUE,TRUE,FALSE,fcn_mix_weight/dr_224/10144-0602-15_PART_1_OF_1_CHAL10_SF_FA1DFD3F.jpg,10144-0602-15_FA1DFD3F,41375,TRUE,10/17/2017 05:32:21 PM,2020-02-10 17:04:38,413ee468-c7e8-4283-8e2b-b573dcc1f607-10144-602-0,413ee468-c7e8-4283-8e2b-b573dcc1f607,16,,C48336,CAPSULE,,1,,2;MG,,C48333,BLUE,,TIZANIDINE HYDROCHLORIDE 2 mg;,TIZANIDINE HYDROCHLORIDE[TIZANIDINE];,SILICON DIOXIDE;TITANIUM DIOXIDE;GELATIN;,HRX,SBD,tizanidine 2 MG Oral Capsule [Zanaflex],583165,2020-02-10 15:31:07,10144-602,0,,101440602,10144,602,Zanaflex,completed,20181019,7897aa33-13b7-f553-e053-2a91aa0a2c3f.xml,,C25158,34391-3,,,LABELER,"Acorda Therapeutics, Inc.",C73594,NLM,TRUE,,13,,,TRUE,FALSE,FALSE,TRUE,TRUE
10144-0604-15_PART_1_OF_1_CHAL10_SB_F21DF94F.jpg,10144-0604-15,604,TRUE,FALSE,FALSE,fcn_mix_weight/dr_224/10144-0604-15_PART_1_OF_1_CHAL10_SB_F21DF94F.jpg,10144-0604-15_F21DF94F,44182,TRUE,10/17/2017 05:32:34 PM,2020-02-10 17:04:39,413ee468-c7e8-4283-8e2b-b573dcc1f607-10144-604-0,413ee468-c7e8-4283-8e2b-b573dcc1f607,16,,C48336,CAPSULE,,1,,4;MG,,C48325;C48333,WHITE;BLUE,,TIZANIDINE HYDROCHLORIDE 4 mg;,TIZANIDINE HYDROCHLORIDE[TIZANIDINE];,SILICON DIOXIDE;TITANIUM DIOXIDE;GELATIN;,HRX,SBD,tizanidine 4 MG Oral Capsule [Zanaflex],583211,2020-02-10 15:31:08,10144-604,0,,101440604,10144,604,Zanaflex,completed,20181019,7897aa33-13b7-f553-e053-2a91aa0a2c3f.xml,,C25158,34391-3,,,LABELER,"Acorda Therapeutics, Inc.",C73594,NLM,TRUE,,13,,,TRUE,FALSE,FALSE,TRUE,TRUE
10144-0604-15_PART_1_OF_1_CHAL10_SF_F21DF94F.jpg,10144-0604-15,604,TRUE,TRUE,FALSE,fcn_mix_weight/dr_224/10144-0604-15_PART_1_OF_1_CHAL10_SF_F21DF94F.jpg,10144-0604-15_F21DF94F,44182,TRUE,10/17/2017 05:32:34 PM,2020-02-10 17:04:39,413ee468-c7e8-4283-8e2b-b573dcc1f607-10144-604-0,413ee468-c7e8-4283-8e2b-b573dcc1f607,16,,C48336,CAPSULE,,1,,4;MG,,C48325;C48333,WHITE;BLUE,,TIZANIDINE HYDROCHLORIDE 4 mg;,TIZANIDINE HYDROCHLORIDE[TIZANIDINE];,SILICON DIOXIDE;TITANIUM DIOXIDE;GELATIN;,HRX,SBD,tizanidine 4 MG Oral Capsule [Zanaflex],583211,2020-02-10 15:31:08,10144-604,0,,101440604,10144,604,Zanaflex,completed,20181019,7897aa33-13b7-f553-e053-2a91aa0a2c3f.xml,,C25158,34391-3,,,LABELER,"Acorda Therapeutics, Inc.",C73594,NLM,TRUE,,13,,,TRUE,FALSE,FALSE,TRUE,TRUE
10144-0606-15_PART_1_OF_1_CHAL10_SB_FA1DFD0F.jpg,10144-0606-15,606,TRUE,FALSE,FALSE,fcn_mix_weight/dr_224/10144-0606-15_PART_1_OF_1_CHAL10_SB_FA1DFD0F.jpg,10144-0606-15_FA1DFD0F,19930,TRUE,10/17/2017 05:30:46 PM,2020-02-10 17:08:16,413ee468-c7e8-4283-8e2b-b573dcc1f607-10144-606-0,413ee468-c7e8-4283-8e2b-b573dcc1f607,18,,C48336,CAPSULE,,1,,6;MG,,C48333;C48333,BLUE;BLUE,,TIZANIDINE HYDROCHLORIDE 6 mg;,TIZANIDINE HYDROCHLORIDE[TIZANIDINE];,SILICON DIOXIDE;TITANIUM DIOXIDE;GELATIN;,HRX,SBD,tizanidine 6 MG Oral Capsule [Zanaflex],580267,2020-02-10 15:49:20,10144-606,0,,101440606,10144,606,Zanaflex,completed,20181019,7897aa33-13b7-f553-e053-2a91aa0a2c3f.xml,,C25158,34391-3,,,LABELER,"Acorda Therapeutics, Inc.",C73594,NLM,TRUE,,13,,,TRUE,FALSE,FALSE,TRUE,TRUE
10144-0606-15_PART_1_OF_1_CHAL10_SF_FA1DFD0F.jpg,10144-0606-15,606,TRUE,TRUE,FALSE,fcn_mix_weight/dr_224/10144-0606-15_PART_1_OF_1_CHAL10_SF_FA1DFD0F.jpg,10144-0606-15_FA1DFD0F,19930,TRUE,10/17/2017 05:30:46 PM,2020-02-10 17:08:16,413ee468-c7e8-4283-8e2b-b573dcc1f607-10144-606-0,413ee468-c7e8-4283-8e2b-b573dcc1f607,18,,C48336,CAPSULE,,1,,6;MG,,C48333;C48333,BLUE;BLUE,,TIZANIDINE HYDROCHLORIDE 6 mg;,TIZANIDINE HYDROCHLORIDE[TIZANIDINE];,SILICON DIOXIDE;TITANIUM DIOXIDE;GELATIN;,HRX,SBD,tizanidine 6 MG Oral Capsule [Zanaflex],580267,2020-02-10 15:49:20,10144-606,0,,101440606,10144,606,Zanaflex,completed,20181019,7897aa33-13b7-f553-e053-2a91aa0a2c3f.xml,,C25158,34391-3,,,LABELER,"Acorda Therapeutics, Inc.",C73594,NLM,TRUE,,13,,,TRUE,FALSE,FALSE,TRUE,TRUE
12496-1283-02_PART_1_OF_1_CHAL10_SB_281D940C.jpg,12496-1283-02,1283,TRUE,FALSE,FALSE,fcn_mix_weight/dr_224/12496-1283-02_PART_1_OF_1_CHAL10_SB_281D940C.jpg,12496-1283-02_281D940C,29056,TRUE,10/17/2017 05:31:25 PM,10/17/2017 05:31:25 PM,4b9b43c4-293e-4323-a1a1-9a2f6a16ac39-12496-1283-0,4b9b43c4-293e-4323-a1a1-9a2f6a16ac39,7,,C48343,HEXAGON (6 SIDED),,1,,N2,,C48331,ORANGE,,buprenorphine 2 mg / naloxone 0.5 mg,buprenorphine hydrochloride[buprenorphine] / naloxone hydrochloride dihydrate[naloxone],"anhydrous lactose / mannitol / starch, corn / povidone K30 / citric acid monohydrate / sodium citrate / FD&C Yellow No. 6 / magnesium stearate / acesulfame potassium",HRX,,Suboxone 2/0.5 Sublingual Tablet,1010608,,12496-1283,0,,124961283,12496,1283,Suboxone,completed,20130625,e9c078f1-fc4d-4771-96ce-cd85eb5a49ca.xml,,C42998,34391-3,C48676,,LABELER,Reckitt Benckiser Pharmaceuticals Inc,C73594,NLM,TRUE,,7,,,FALSE,TRUE,FALSE,TRUE,TRUE
12496-1283-02_PART_1_OF_1_CHAL10_SF_281D940C.jpg,12496-1283-02,1283,TRUE,TRUE,FALSE,fcn_mix_weight/dr_224/12496-1283-02_PART_1_OF_1_CHAL10_SF_281D940C.jpg,12496-1283-02_281D940C,29056,TRUE,10/17/2017 05:31:25 PM,10/17/2017 05:31:25 PM,4b9b43c4-293e-4323-a1a1-9a2f6a16ac39-12496-1283-0,4b9b43c4-293e-4323-a1a1-9a2f6a16ac39,7,,C48343,HEXAGON (6 SIDED),,1,,N2,,C48331,ORANGE,,buprenorphine 2 mg / naloxone 0.5 mg,buprenorphine hydrochloride[buprenorphine] / naloxone hydrochloride dihydrate[naloxone],"anhydrous lactose / mannitol / starch, corn / povidone K30 / citric acid monohydrate / sodium citrate / FD&C Yellow No. 6 / magnesium stearate / acesulfame potassium",HRX,,Suboxone 2/0.5 Sublingual Tablet,1010608,,12496-1283,0,,124961283,12496,1283,Suboxone,completed,20130625,e9c078f1-fc4d-4771-96ce-cd85eb5a49ca.xml,,C42998,34391-3,C48676,,LABELER,Reckitt Benckiser Pharmaceuticals Inc,C73594,NLM,TRUE,,7,,,FALSE,TRUE,FALSE,TRUE,TRUE
13811-0583-30_PART_1_OF_1_CHAL10_SB_911DC8BE.jpg,13811-0583-30,583,TRUE,FALSE,FALSE,fcn_mix_weight/dr_224/13811-0583-30_PART_1_OF_1_CHAL10_SB_911DC8BE.jpg,13811-0583-30_911DC8BE,7322,TRUE,10/17/2017 05:29:53 PM,10/17/2017 05:29:53 PM,f5669b37-2488-423b-b81c-561c202d3cdb-13811-583-0,f5669b37-2488-423b-b81c-561c202d3cdb,25,,C48336,CAPSULE,OVAL,1,,T583,,C48327,PURPLE,,"Calcium Citrate 100 mg;Iron 27 mg;Cholecalciferol 400 [iU];.Alpha.-Tocopherol Acetate, DL- 30 [iU];Pyridoxine Hydrochloride 25 mg;Folic Acid 1 mg;Docusate Sodium 50 mg;Doconexent 250 mg;","Calcium Citrate[Calcium Cation];Iron[Iron];Cholecalciferol[Cholecalciferol];.Alpha.-Tocopherol Acetate, DL-[.Alpha.-Tocopherol Acetate, DL-];Pyridoxine Hydrochloride[Pyridoxine];Folic Acid[Folic Acid];Docusate Sodium[Docusate];Doconexent[Doconexent];",Soybean Oil;Yellow Wax;Gelatin;Glycerin;Titanium Dioxide;FD&C Red No. 40;FD&C Blue No. 1;Ethyl Vanillin;Water;,HRX,,,,,13811-583,0,,138110583,13811,583,Zatean-CH,active,20110927,5a93cea1-678d-4c0b-950f-7734d74d5655.xml,,C25158,34391-3,,,LABELER,"TRIGEN Laboratories, Inc.",C73627,NLM,TRUE,,1,,,FALSE,TRUE,FALSE,TRUE,TRUE
13811-0583-30_PART_1_OF_1_CHAL10_SF_911DC8BE.jpg,13811-0583-30,583,TRUE,TRUE,FALSE,fcn_mix_weight/dr_224/13811-0583-30_PART_1_OF_1_CHAL10_SF_911DC8BE.jpg,13811-0583-30_911DC8BE,7322,TRUE,10/17/2017 05:29:53 PM,10/17/2017 05:29:53 PM,f5669b37-2488-423b-b81c-561c202d3cdb-13811-583-0,f5669b37-2488-423b-b81c-561c202d3cdb,25,,C48336,CAPSULE,OVAL,1,,T583,,C48327,PURPLE,,"Calcium Citrate 100 mg;Iron 27 mg;Cholecalciferol 400 [iU];.Alpha.-Tocopherol Acetate, DL- 30 [iU];Pyridoxine Hydrochloride 25 mg;Folic Acid 1 mg;Docusate Sodium 50 mg;Doconexent 250 mg;","Calcium Citrate[Calcium Cation];Iron[Iron];Cholecalciferol[Cholecalciferol];.Alpha.-Tocopherol Acetate, DL-[.Alpha.-Tocopherol Acetate, DL-];Pyridoxine Hydrochloride[Pyridoxine];Folic Acid[Folic Acid];Docusate Sodium[Docusate];Doconexent[Doconexent];",Soybean Oil;Yellow Wax;Gelatin;Glycerin;Titanium Dioxide;FD&C Red No. 40;FD&C Blue No. 1;Ethyl Vanillin;Water;,HRX,,,,,13811-583,0,,138110583,13811,583,Zatean-CH,active,20110927,5a93cea1-678d-4c0b-950f-7734d74d5655.xml,,C25158,34391-3,,,LABELER,"TRIGEN Laboratories, Inc.",C73627,NLM,TRUE,,1,,,FALSE,TRUE,FALSE,TRUE,TRUE
16110-0075-01_PART_1_OF_1_CHAL10_SB_D21FE93F.jpg,16110-0075-01,75,TRUE,FALSE,FALSE,fcn_mix_weight/dr_224/16110-0075-01_PART_1_OF_1_CHAL10_SB_D21FE93F.jpg,16110-0075-01_D21FE93F,12275,TRUE,10/17/2017 05:30:14 PM,2020-02-10 17:16:04,a65325a7-ae0a-4704-99c4-a3a2e4e1dcf2-16110-075-0,a65325a7-ae0a-4704-99c4-a3a2e4e1dcf2,18,,C48336,CAPSULE,,1,,MONODOX;75;M;075,,C48332;C48325,BROWN;WHITE,,DOXYCYCLINE 75 mg;,DOXYCYCLINE[DOXYCYCLINE ANHYDROUS];,"SILICON DIOXIDE;TITANIUM DIOXIDE;FERRIC OXIDE YELLOW;MAGNESIUM STEARATE;CELLULOSE, MICROCRYSTALLINE;SODIUM STARCH GLYCOLATE TYPE A POTATO;FERROSOFERRIC OXIDE;FERRIC OXIDE RED;FD&C BLUE NO. 2;FD&C RED NO. 40;FD&C BLUE NO. 1;D&C YELLOW NO. 10;",HRX,SBD,doxycycline monohydrate 75 MG Oral Capsule [Monodox],700410,2020-02-10 16:32:03,16110-075,0,,161100075,16110,75,Monodox,active,20170426,a6d054f6-c27d-4641-ae0e-a6f59a196f54.xml,,C25158,34391-3,,,LABELER,"Aqua Pharmaceuticals, LLC",C73594,NLM,TRUE,,18,,,TRUE,FALSE,FALSE,TRUE,TRUE
16110-0075-01_PART_1_OF_1_CHAL10_SF_D21FE93F.jpg,16110-0075-01,75,TRUE,TRUE,FALSE,fcn_mix_weight/dr_224/16110-0075-01_PART_1_OF_1_CHAL10_SF_D21FE93F.jpg,16110-0075-01_D21FE93F,12275,TRUE,10/17/2017 05:30:14 PM,2020-02-10 17:16:04,a65325a7-ae0a-4704-99c4-a3a2e4e1dcf2-16110-075-0,a65325a7-ae0a-4704-99c4-a3a2e4e1dcf2,18,,C48336,CAPSULE,,1,,MONODOX;75;M;075,,C48332;C48325,BROWN;WHITE,,DOXYCYCLINE 75 mg;,DOXYCYCLINE[DOXYCYCLINE ANHYDROUS];,"SILICON DIOXIDE;TITANIUM DIOXIDE;FERRIC OXIDE YELLOW;MAGNESIUM STEARATE;CELLULOSE, MICROCRYSTALLINE;SODIUM STARCH GLYCOLATE TYPE A POTATO;FERROSOFERRIC OXIDE;FERRIC OXIDE RED;FD&C BLUE NO. 2;FD&C RED NO. 40;FD&C BLUE NO. 1;D&C YELLOW NO. 10;",HRX,SBD,doxycycline monohydrate 75 MG Oral Capsule [Monodox],700410,2020-02-10 16:32:03,16110-075,0,,161100075,16110,75,Monodox,active,20170426,a6d054f6-c27d-4641-ae0e-a6f59a196f54.xml,,C25158,34391-3,,,LABELER,"Aqua Pharmaceuticals, LLC",C73594,NLM,TRUE,,18,,,TRUE,FALSE,FALSE,TRUE,TRUE
16252-0516-05_PART_1_OF_1_CHAL10_SB_D61FEB7F.jpg,16252-0516-05,516,TRUE,FALSE,FALSE,fcn_mix_weight/dr_224/16252-0516-05_PART_1_OF_1_CHAL10_SB_D61FEB7F.jpg,16252-0516-05_D61FEB7F,34906,TRUE,10/17/2017 05:31:52 PM,2020-02-10 17:07:11,3e4402d4-e0d3-9846-3e81-ed46f34137fe-16252-516-0,3e4402d4-e0d3-9846-3e81-ed46f34137fe,22,,C48345,OVAL,,1,,CR;750,,C48325,WHITE,,CIPROFLOXACIN HYDROCHLORIDE 750 mg;,CIPROFLOXACIN HYDROCHLORIDE[CIPROFLOXACIN];,"STARCH, CORN;CROSPOVIDONE;MAGNESIUM STEARATE;MICROCRYSTALLINE CELLULOSE;POLYETHYLENE GLYCOL, UNSPECIFIED;POLYVINYL ALCOHOL, UNSPECIFIED;WATER;SILICON DIOXIDE;TALC;TITANIUM DIOXIDE;",HRX,SCD,ciprofloxacin 750 MG Oral Tablet,197512,2020-02-10 15:43:05,16252-516,0,,162520516,16252,516,Ciprofloxacin,active,20200522,30913da3-cab5-49b4-887c-62f60266e89f.xml,,C42931,34391-3,,,LABELER,"Actavis Pharma, Inc.",C73584,NLM,TRUE,,31,,,TRUE,FALSE,FALSE,TRUE,TRUE
16252-0516-05_PART_1_OF_1_CHAL10_SF_D61FEB7F.jpg,16252-0516-05,516,TRUE,TRUE,FALSE,fcn_mix_weight/dr_224/16252-0516-05_PART_1_OF_1_CHAL10_SF_D61FEB7F.jpg,16252-0516-05_D61FEB7F,34906,TRUE,10/17/2017 05:31:52 PM,2020-02-10 17:07:11,3e4402d4-e0d3-9846-3e81-ed46f34137fe-16252-516-0,3e4402d4-e0d3-9846-3e81-ed46f34137fe,22,,C48345,OVAL,,1,,CR;750,,C48325,WHITE,,CIPROFLOXACIN HYDROCHLORIDE 750 mg;,CIPROFLOXACIN HYDROCHLORIDE[CIPROFLOXACIN];,"STARCH, CORN;CROSPOVIDONE;MAGNESIUM STEARATE;MICROCRYSTALLINE CELLULOSE;POLYETHYLENE GLYCOL, UNSPECIFIED;POLYVINYL ALCOHOL, UNSPECIFIED;WATER;SILICON DIOXIDE;TALC;TITANIUM DIOXIDE;",HRX,SCD,ciprofloxacin 750 MG Oral Tablet,197512,2020-02-10 15:43:05,16252-516,0,,162520516,16252,516,Ciprofloxacin,active,20200522,30913da3-cab5-49b4-887c-62f60266e89f.xml,,C42931,34391-3,,,LABELER,"Actavis Pharma, Inc.",C73584,NLM,TRUE,,31,,,TRUE,FALSE,FALSE,TRUE,TRUE
16252-0591-99_PART_1_OF_1_CHAL10_SB_F31D79FB.jpg,16252-0591-99,591,TRUE,FALSE,FALSE,fcn_mix_weight/dr_224/16252-0591-99_PART_1_OF_1_CHAL10_SB_F31D79FB.jpg,16252-0591-99_F31D79FB,21238,TRUE,10/17/2017 05:30:52 PM,10/17/2017 05:30:52 PM,cd288b01-b95c-6398-fdff-b9ead9f324fa-16252-591-0,cd288b01-b95c-6398-fdff-b9ead9f324fa,9,,C48348,ROUND,,1,,SA;50,,C48325,WHITE,,SUMATRIPTAN SUCCINATE 50 mg;,SUMATRIPTAN SUCCINATE[SUMATRIPTAN];,"CROSCARMELLOSE SODIUM;ANHYDROUS LACTOSE;MAGNESIUM STEARATE;CELLULOSE, MICROCRYSTALLINE;",HRX,,Sumatriptan 50 MG Oral Tablet,313161,,16252-591,0,,162520591,16252,591,Sumatriptan,active,20150428,6234006e-a465-4e4d-b8c4-103dbd5d2947.xml,,C42998,34391-3,,,LABELER,"Actavis Pharma, Inc.",C73584,NLM,TRUE,,19,,,FALSE,TRUE,FALSE,TRUE,TRUE
16252-0591-99_PART_1_OF_1_CHAL10_SF_F31D79FB.jpg,16252-0591-99,591,TRUE,TRUE,FALSE,fcn_mix_weight/dr_224/16252-0591-99_PART_1_OF_1_CHAL10_SF_F31D79FB.jpg,16252-0591-99_F31D79FB,21238,TRUE,10/17/2017 05:30:52 PM,10/17/2017 05:30:52 PM,cd288b01-b95c-6398-fdff-b9ead9f324fa-16252-591-0,cd288b01-b95c-6398-fdff-b9ead9f324fa,9,,C48348,ROUND,,1,,SA;50,,C48325,WHITE,,SUMATRIPTAN SUCCINATE 50 mg;,SUMATRIPTAN SUCCINATE[SUMATRIPTAN];,"CROSCARMELLOSE SODIUM;ANHYDROUS LACTOSE;MAGNESIUM STEARATE;CELLULOSE, MICROCRYSTALLINE;",HRX,,Sumatriptan 50 MG Oral Tablet,313161,,16252-591,0,,162520591,16252,591,Sumatriptan,active,20150428,6234006e-a465-4e4d-b8c4-103dbd5d2947.xml,,C42998,34391-3,,,LABELER,"Actavis Pharma, Inc.",C73584,NLM,TRUE,,19,,,FALSE,TRUE,FALSE,TRUE,TRUE
16714-0663-01_PART_1_OF_1_CHAL10_SB_3F159FCC.jpg,16714-0663-01,663,TRUE,FALSE,FALSE,fcn_mix_weight/dr_224/16714-0663-01_PART_1_OF_1_CHAL10_SB_3F159FCC.jpg,16714-0663-01_3F159FCC,46161,TRUE,10/17/2017 05:32:43 PM,2020-02-10 17:02:15,f7c1fd34-d615-43a2-8989-898fe11f90df-16714-663-0,f7c1fd34-d615-43a2-8989-898fe11f90df,22,,C48336,CAPSULE,,1,,D;04,,C48331,ORANGE,,GABAPENTIN 400 mg;,GABAPENTIN[GABAPENTIN];,"STARCH, CORN;TALC;GELATIN, UNSPECIFIED;TITANIUM DIOXIDE;SODIUM LAURYL SULFATE;FERRIC OXIDE YELLOW;FERRIC OXIDE RED;FERROSOFERRIC OXIDE;SHELLAC;",HRX,SCD,gabapentin 400 MG Oral Capsule,310432,2020-02-10 15:19:36,16714-663,0,,167140663,16714,663,Gabapentin,active,20200513,a847b765-b791-4b1f-9a48-b7b8d53bb6ce.xml,,C25158,34391-3,,,LABELER,NorthStar Rx LLC,C73584,NLM,TRUE,,13,,,TRUE,FALSE,FALSE,TRUE,TRUE
16714-0663-01_PART_1_OF_1_CHAL10_SF_3F159FCC.jpg,16714-0663-01,663,TRUE,TRUE,FALSE,fcn_mix_weight/dr_224/16714-0663-01_PART_1_OF_1_CHAL10_SF_3F159FCC.jpg,16714-0663-01_3F159FCC,46161,TRUE,10/17/2017 05:32:43 PM,2020-02-10 17:02:15,f7c1fd34-d615-43a2-8989-898fe11f90df-16714-663-0,f7c1fd34-d615-43a2-8989-898fe11f90df,22,,C48336,CAPSULE,,1,,D;04,,C48331,ORANGE,,GABAPENTIN 400 mg;,GABAPENTIN[GABAPENTIN];,"STARCH, CORN;TALC;GELATIN, UNSPECIFIED;TITANIUM DIOXIDE;SODIUM LAURYL SULFATE;FERRIC OXIDE YELLOW;FERRIC OXIDE RED;FERROSOFERRIC OXIDE;SHELLAC;",HRX,SCD,gabapentin 400 MG Oral Capsule,310432,2020-02-10 15:19:36,16714-663,0,,167140663,16714,663,Gabapentin,active,20200513,a847b765-b791-4b1f-9a48-b7b8d53bb6ce.xml,,C25158,34391-3,,,LABELER,NorthStar Rx LLC,C73584,NLM,TRUE,,13,,,TRUE,FALSE,FALSE,TRUE,TRUE
16729-0042-01_PART_1_OF_1_CHAL10_SB_4C1E2611.jpg,16729-0042-01,42,TRUE,FALSE,FALSE,fcn_mix_weight/dr_224/16729-0042-01_PART_1_OF_1_CHAL10_SB_4C1E2611.jpg,16729-0042-01_4C1E2611,34679,TRUE,10/17/2017 05:31:51 PM,2020-02-10 17:03:04,bd447ffa-9196-4c3c-accf-5adf29b84665-16729-042-0,bd447ffa-9196-4c3c-accf-5adf29b84665,11,,C48336,CAPSULE,,1,,TCR;1,,C48325,WHITE,,TACROLIMUS 1 mg;,TACROLIMUS[TACROLIMUS ANHYDROUS];,CROSCARMELLOSE SODIUM;HYPROMELLOSE 2910 (5 MPA.S);MAGNESIUM STEARATE;LACTOSE MONOHYDRATE;GELATIN;TITANIUM DIOXIDE;SODIUM LAURYL SULFATE;,HRX,SCD,tacrolimus 1 MG Oral Capsule,198377,2020-02-10 15:23:43,16729-042,0,,167290042,16729,42,Tacrolimus,active,20200917,af7f1d89-3ded-f1b7-e053-2995a90a9327.xml,,C25158,34391-3,,,LABELER,Accord Healthcare Inc.,C73584,NLM,TRUE,,11,,,TRUE,FALSE,FALSE,TRUE,TRUE
16729-0042-01_PART_1_OF_1_CHAL10_SF_4C1E2611.jpg,16729-0042-01,42,TRUE,TRUE,FALSE,fcn_mix_weight/dr_224/16729-0042-01_PART_1_OF_1_CHAL10_SF_4C1E2611.jpg,16729-0042-01_4C1E2611,34679,TRUE,10/17/2017 05:31:51 PM,2020-02-10 17:03:04,bd447ffa-9196-4c3c-accf-5adf29b84665-16729-042-0,bd447ffa-9196-4c3c-accf-5adf29b84665,11,,C48336,CAPSULE,,1,,TCR;1,,C48325,WHITE,,TACROLIMUS 1 mg;,TACROLIMUS[TACROLIMUS ANHYDROUS];,CROSCARMELLOSE SODIUM;HYPROMELLOSE 2910 (5 MPA.S);MAGNESIUM STEARATE;LACTOSE MONOHYDRATE;GELATIN;TITANIUM DIOXIDE;SODIUM LAURYL SULFATE;,HRX,SCD,tacrolimus 1 MG Oral Capsule,198377,2020-02-10 15:23:43,16729-042,0,,167290042,16729,42,Tacrolimus,active,20200917,af7f1d89-3ded-f1b7-e053-2995a90a9327.xml,,C25158,34391-3,,,LABELER,Accord Healthcare Inc.,C73584,NLM,TRUE,,11,,,TRUE,FALSE,FALSE,TRUE,TRUE
25010-0205-15_PART_1_OF_1_CHAL10_SB_E61FF35F.jpg,25010-0205-15,205,TRUE,FALSE,FALSE,fcn_mix_weight/dr_224/25010-0205-15_PART_1_OF_1_CHAL10_SB_E61FF35F.jpg,25010-0205-15_E61FF35F,45547,TRUE,10/17/2017 05:32:40 PM,10/17/2017 05:32:40 PM,9aa7140c-012c-4ea6-866d-4732e915dab6-25010-205-0,9aa7140c-012c-4ea6-866d-4732e915dab6,10,,C48345,OVAL,,2,,ATON;205;EDECRIN,,C48325,WHITE,,ethacrynic acid 25 mg;,ethacrynic acid[ethacrynic acid];,Silicon Dioxide;Lactose;Magnesium Stearate;Talc;,HRX,,,,,25010-205,0,,250100205,25010,205,EDECRIN,completed,20120920,1de68a55-e246-4b47-a15a-f848963febd2.xml,,C42998,34391-3,,,LABELER,"Aton Pharma, Inc.",C73594,NLM,TRUE,,3,,,FALSE,TRUE,FALSE,TRUE,TRUE
25010-0205-15_PART_1_OF_1_CHAL10_SF_E61FF35F.jpg,25010-0205-15,205,TRUE,TRUE,FALSE,fcn_mix_weight/dr_224/25010-0205-15_PART_1_OF_1_CHAL10_SF_E61FF35F.jpg,25010-0205-15_E61FF35F,45547,TRUE,10/17/2017 05:32:40 PM,10/17/2017 05:32:40 PM,9aa7140c-012c-4ea6-866d-4732e915dab6-25010-205-0,9aa7140c-012c-4ea6-866d-4732e915dab6,10,,C48345,OVAL,,2,,ATON;205;EDECRIN,,C48325,WHITE,,ethacrynic acid 25 mg;,ethacrynic acid[ethacrynic acid];,Silicon Dioxide;Lactose;Magnesium Stearate;Talc;,HRX,,,,,25010-205,0,,250100205,25010,205,EDECRIN,completed,20120920,1de68a55-e246-4b47-a15a-f848963febd2.xml,,C42998,34391-3,,,LABELER,"Aton Pharma, Inc.",C73594,NLM,TRUE,,3,,,FALSE,TRUE,FALSE,TRUE,TRUE
27437-0201-08_PART_1_OF_1_CHAL10_SB_B51D5AAA.jpg,27437-0201-08,201,TRUE,FALSE,FALSE,fcn_mix_weight/dr_224/27437-0201-08_PART_1_OF_1_CHAL10_SB_B51D5AAA.jpg,27437-0201-08_B51D5AAA,25086,TRUE,10/17/2017 05:31:08 PM,2020-02-10 17:02:41,d0fd45bd-7d52-4fa6-a5f7-f46d5651ffa2-27437-201-0,d0fd45bd-7d52-4fa6-a5f7-f46d5651ffa2,19,,C48336,CAPSULE,OVAL,2,,SUPRAX;LUPIN,,C48325,WHITE,,CEFIXIME 400 mg;,CEFIXIME[CEFIXIME ANHYDROUS];,"CELLULOSE, MICROCRYSTALLINE;DIBASIC CALCIUM PHOSPHATE DIHYDRATE;HYPROMELLOSES;LACTOSE MONOHYDRATE;MAGNESIUM STEARATE;POLYETHYLENE GLYCOL, UNSPECIFIED;STARCH, CORN;TITANIUM DIOXIDE;TRIACETIN;",HRX,SBD,cefixime 400 MG Oral Tablet [Suprax],213927,2020-02-10 15:21:37,27437-201,0,,274370201,27437,201,SUPRAX,active,20191126,0e44b51b-cba9-4dc5-8ee1-2d151ad24def.xml,,C42998,34391-3,,,LABELER,"Lupin Pharmaceuticals, Inc.",C73584,NLM,TRUE,,13,,,TRUE,FALSE,FALSE,TRUE,TRUE
27437-0201-08_PART_1_OF_1_CHAL10_SF_B51D5AAA.jpg,27437-0201-08,201,TRUE,TRUE,FALSE,fcn_mix_weight/dr_224/27437-0201-08_PART_1_OF_1_CHAL10_SF_B51D5AAA.jpg,27437-0201-08_B51D5AAA,25086,TRUE,10/17/2017 05:31:08 PM,2020-02-10 17:02:41,d0fd45bd-7d52-4fa6-a5f7-f46d5651ffa2-27437-201-0,d0fd45bd-7d52-4fa6-a5f7-f46d5651ffa2,19,,C48336,CAPSULE,OVAL,2,,SUPRAX;LUPIN,,C48325,WHITE,,CEFIXIME 400 mg;,CEFIXIME[CEFIXIME ANHYDROUS];,"CELLULOSE, MICROCRYSTALLINE;DIBASIC CALCIUM PHOSPHATE DIHYDRATE;HYPROMELLOSES;LACTOSE MONOHYDRATE;MAGNESIUM STEARATE;POLYETHYLENE GLYCOL, UNSPECIFIED;STARCH, CORN;TITANIUM DIOXIDE;TRIACETIN;",HRX,SBD,cefixime 400 MG Oral Tablet [Suprax],213927,2020-02-10 15:21:37,27437-201,0,,274370201,27437,201,SUPRAX,active,20191126,0e44b51b-cba9-4dc5-8ee1-2d151ad24def.xml,,C42998,34391-3,,,LABELER,"Lupin Pharmaceuticals, Inc.",C73584,NLM,TRUE,,13,,,TRUE,FALSE,FALSE,TRUE,TRUE
29033-0020-12_PART_1_OF_1_CHAL10_SB_BE135F6A.jpg,29033-0020-12,20,TRUE,FALSE,FALSE,fcn_mix_weight/dr_224/29033-0020-12_PART_1_OF_1_CHAL10_SB_BE135F6A.jpg,29033-0020-12_BE135F6A,36087,TRUE,10/17/2017 05:31:57 PM,2020-02-10 17:04:17,fbca2152-0022-47a5-a1ea-58950b45bcbf-29033-020-0,fbca2152-0022-47a5-a1ea-58950b45bcbf,19,,C48336,CAPSULE,,1,,NC;200,,C48330,YELLOW,,CARBAMAZEPINE 200 mg;,CARBAMAZEPINE[CARBAMAZEPINE];,"ETHYLCELLULOSE (20 MPA.S);SODIUM LAURYL SULFATE;CELLULOSE, MICROCRYSTALLINE;OLEIC ACID;MEDIUM-CHAIN TRIGLYCERIDES;POLYETHYLENE GLYCOL, UNSPECIFIED;HYPROMELLOSE, UNSPECIFIED;GELATIN;D&C YELLOW NO. 10;FERROSOFERRIC OXIDE;TITANIUM DIOXIDE;FD&C BLUE NO. 1;FD&C BLUE NO. 2;FD&C RED NO. 40;PROPYLENE GLYCOL;SHELLAC;",HRX,SCD,12 HR carbamazepine 200 MG Extended Release Oral Capsule,200133,2020-02-10 15:29:23,29033-020,0,,290330020,29033,20,Carbamazepine,active,20191119,9fcd6487-e123-44ca-a48f-3aa2e5858979.xml,,C42916,34391-3,,,LABELER,"Nostrum Laboratories, Inc.",C73584,NLM,TRUE,,7,,,TRUE,FALSE,FALSE,TRUE,TRUE
29033-0020-12_PART_1_OF_1_CHAL10_SF_BE135F6A.jpg,29033-0020-12,20,TRUE,TRUE,FALSE,fcn_mix_weight/dr_224/29033-0020-12_PART_1_OF_1_CHAL10_SF_BE135F6A.jpg,29033-0020-12_BE135F6A,36087,TRUE,10/17/2017 05:31:57 PM,2020-02-10 17:04:17,fbca2152-0022-47a5-a1ea-58950b45bcbf-29033-020-0,fbca2152-0022-47a5-a1ea-58950b45bcbf,19,,C48336,CAPSULE,,1,,NC;200,,C48330,YELLOW,,CARBAMAZEPINE 200 mg;,CARBAMAZEPINE[CARBAMAZEPINE];,"ETHYLCELLULOSE (20 MPA.S);SODIUM LAURYL SULFATE;CELLULOSE, MICROCRYSTALLINE;OLEIC ACID;MEDIUM-CHAIN TRIGLYCERIDES;POLYETHYLENE GLYCOL, UNSPECIFIED;HYPROMELLOSE, UNSPECIFIED;GELATIN;D&C YELLOW NO. 10;FERROSOFERRIC OXIDE;TITANIUM DIOXIDE;FD&C BLUE NO. 1;FD&C BLUE NO. 2;FD&C RED NO. 40;PROPYLENE GLYCOL;SHELLAC;",HRX,SCD,12 HR carbamazepine 200 MG Extended Release Oral Capsule,200133,2020-02-10 15:29:23,29033-020,0,,290330020,29033,20,Carbamazepine,active,20191119,9fcd6487-e123-44ca-a48f-3aa2e5858979.xml,,C42916,34391-3,,,LABELER,"Nostrum Laboratories, Inc.",C73584,NLM,TRUE,,7,,,TRUE,FALSE,FALSE,TRUE,TRUE
31722-0278-10_PART_1_OF_1_CHAL10_SB_241D925C.jpg,31722-0278-10,278,TRUE,FALSE,FALSE,fcn_mix_weight/dr_224/31722-0278-10_PART_1_OF_1_CHAL10_SB_241D925C.jpg,31722-0278-10_241D925C,34098,TRUE,10/17/2017 05:31:48 PM,2020-02-10 17:10:39,e999cb0a-8e45-4fdc-9b52-f3661f5dfc33-31722-278-0,e999cb0a-8e45-4fdc-9b52-f3661f5dfc33,6,,C48348,ROUND,,1,,IG;278,,C48325,WHITE,,TOPIRAMATE 25 mg;,TOPIRAMATE[TOPIRAMATE];,"LACTOSE MONOHYDRATE;CELLULOSE, MICROCRYSTALLINE;STARCH, CORN;SODIUM STARCH GLYCOLATE TYPE A POTATO;MAGNESIUM STEARATE;SILICON DIOXIDE;HYPROMELLOSE 2910 (3 MPA.S);HYPROMELLOSE 2910 (6 MPA.S);POLYETHYLENE GLYCOL 400;POLYSORBATE 80;",HRX,SCD,topiramate 25 MG Oral Tablet,199888,2020-02-10 16:02:31,31722-278,0,,317220278,31722,278,Topiramate,active,20151027,6be89e4b-831c-46d6-a4c0-1c2ab53d2d22.xml,,C42998,34391-3,,,LABELER,"Camber Pharmaceuticals, Inc.",C73584,NLM,TRUE,,5,,,TRUE,FALSE,FALSE,TRUE,TRUE
31722-0278-10_PART_1_OF_1_CHAL10_SF_241D925C.jpg,31722-0278-10,278,TRUE,TRUE,FALSE,fcn_mix_weight/dr_224/31722-0278-10_PART_1_OF_1_CHAL10_SF_241D925C.jpg,31722-0278-10_241D925C,34098,TRUE,10/17/2017 05:31:48 PM,2020-02-10 17:10:39,e999cb0a-8e45-4fdc-9b52-f3661f5dfc33-31722-278-0,e999cb0a-8e45-4fdc-9b52-f3661f5dfc33,6,,C48348,ROUND,,1,,IG;278,,C48325,WHITE,,TOPIRAMATE 25 mg;,TOPIRAMATE[TOPIRAMATE];,"LACTOSE MONOHYDRATE;CELLULOSE, MICROCRYSTALLINE;STARCH, CORN;SODIUM STARCH GLYCOLATE TYPE A POTATO;MAGNESIUM STEARATE;SILICON DIOXIDE;HYPROMELLOSE 2910 (3 MPA.S);HYPROMELLOSE 2910 (6 MPA.S);POLYETHYLENE GLYCOL 400;POLYSORBATE 80;",HRX,SCD,topiramate 25 MG Oral Tablet,199888,2020-02-10 16:02:31,31722-278,0,,317220278,31722,278,Topiramate,active,20151027,6be89e4b-831c-46d6-a4c0-1c2ab53d2d22.xml,,C42998,34391-3,,,LABELER,"Camber Pharmaceuticals, Inc.",C73584,NLM,TRUE,,5,,,TRUE,FALSE,FALSE,TRUE,TRUE
39822-0205-01_PART_1_OF_1_CHAL10_SB_7F1C3FB1.jpg,39822-0205-01,205,TRUE,FALSE,FALSE,fcn_mix_weight/dr_224/39822-0205-01_PART_1_OF_1_CHAL10_SB_7F1C3FB1.jpg,39822-0205-01_7F1C3FB1,3700,TRUE,10/17/2017 05:29:36 PM,2020-02-10 16:59:49,81589b41-e480-4575-a84b-2b012a6ad1c3-39822-0205-0,81589b41-e480-4575-a84b-2b012a6ad1c3,14,,C48336,CAPSULE,,1,,PAN;5,,C48325,WHITE,,PANCRELIPASE LIPASE 5000 [USP'U];PANCRELIPASE PROTEASE 17000 [USP'U];PANCRELIPASE AMYLASE 27000 [USP'U];,PANCRELIPASE LIPASE[PANCRELIPASE LIPASE];PANCRELIPASE PROTEASE[PANCRELIPASE PROTEASE];PANCRELIPASE AMYLASE[PANCRELIPASE AMYLASE];,"CROSCARMELLOSE SODIUM;HYDROGENATED CASTOR OIL;SILICON DIOXIDE;CELLULOSE, MICROCRYSTALLINE;MAGNESIUM STEARATE;TALC;TRIETHYL CITRATE;HYPROMELLOSE PHTHALATE (31% PHTHALATE, 170 CST);CARRAGEENAN;POTASSIUM CHLORIDE;TITANIUM DIOXIDE;HYPROMELLOSES;WATER;",HRX,,,,2020-02-10 15:09:02,39822-0205,0,,398220205,39822,205,PANCRELIPASE,completed,20150413,43e9cfd8-26e6-4d38-a41e-de39b9329b8a.xml,,C42902,34391-3,,,LABELER,"X-GEN Pharmaceuticals, Inc.",C73605,NLM,TRUE,,17,,,TRUE,FALSE,FALSE,TRUE,TRUE
39822-0205-01_PART_1_OF_1_CHAL10_SF_7F1C3FB1.jpg,39822-0205-01,205,TRUE,TRUE,FALSE,fcn_mix_weight/dr_224/39822-0205-01_PART_1_OF_1_CHAL10_SF_7F1C3FB1.jpg,39822-0205-01_7F1C3FB1,3700,TRUE,10/17/2017 05:29:36 PM,2020-02-10 16:59:49,81589b41-e480-4575-a84b-2b012a6ad1c3-39822-0205-0,81589b41-e480-4575-a84b-2b012a6ad1c3,14,,C48336,CAPSULE,,1,,PAN;5,,C48325,WHITE,,PANCRELIPASE LIPASE 5000 [USP'U];PANCRELIPASE PROTEASE 17000 [USP'U];PANCRELIPASE AMYLASE 27000 [USP'U];,PANCRELIPASE LIPASE[PANCRELIPASE LIPASE];PANCRELIPASE PROTEASE[PANCRELIPASE PROTEASE];PANCRELIPASE AMYLASE[PANCRELIPASE AMYLASE];,"CROSCARMELLOSE SODIUM;HYDROGENATED CASTOR OIL;SILICON DIOXIDE;CELLULOSE, MICROCRYSTALLINE;MAGNESIUM STEARATE;TALC;TRIETHYL CITRATE;HYPROMELLOSE PHTHALATE (31% PHTHALATE, 170 CST);CARRAGEENAN;POTASSIUM CHLORIDE;TITANIUM DIOXIDE;HYPROMELLOSES;WATER;",HRX,,,,2020-02-10 15:09:02,39822-0205,0,,398220205,39822,205,PANCRELIPASE,completed,20150413,43e9cfd8-26e6-4d38-a41e-de39b9329b8a.xml,,C42902,34391-3,,,LABELER,"X-GEN Pharmaceuticals, Inc.",C73605,NLM,TRUE,,17,,,TRUE,FALSE,FALSE,TRUE,TRUE
41616-0636-83_PART_1_OF_1_CHAL10_SB_1A240D60.jpg,41616-0636-83,636,TRUE,FALSE,FALSE,fcn_mix_weight/dr_224/41616-0636-83_PART_1_OF_1_CHAL10_SB_1A240D60.jpg,41616-0636-83_1A240D60,2656,TRUE,10/17/2017 05:29:32 PM,10/17/2017 05:29:32 PM,67a4cf3b-bb06-4569-bb81-337a060d9c0f-41616-636-0,67a4cf3b-bb06-4569-bb81-337a060d9c0f,5,,C48348,ROUND,,1,,10,,C48325,WHITE,,ALENDRONATE SODIUM 10 mg;,ALENDRONATE SODIUM[ALENDRONIC ACID];,"CELLULOSE, MICROCRYSTALLINE;STARCH, CORN;SILICON DIOXIDE;MAGNESIUM STEARATE;",HRX,,Alendronic acid 10 MG Oral Tablet,904419,,41616-636,0,,416160636,41616,636,Alendronate Sodium,active,20130703,7a6e6128-b7fa-4d21-a1c0-fe3ddcaec10e.xml,,C42998,34391-3,,,LABELER,Sun Pharma Global Inc.,C73584,NLM,TRUE,,7,,,FALSE,TRUE,FALSE,TRUE,TRUE
41616-0636-83_PART_1_OF_1_CHAL10_SF_1A240D60.jpg,41616-0636-83,636,TRUE,TRUE,FALSE,fcn_mix_weight/dr_224/41616-0636-83_PART_1_OF_1_CHAL10_SF_1A240D60.jpg,41616-0636-83_1A240D60,2656,TRUE,10/17/2017 05:29:32 PM,10/17/2017 05:29:32 PM,67a4cf3b-bb06-4569-bb81-337a060d9c0f-41616-636-0,67a4cf3b-bb06-4569-bb81-337a060d9c0f,5,,C48348,ROUND,,1,,10,,C48325,WHITE,,ALENDRONATE SODIUM 10 mg;,ALENDRONATE SODIUM[ALENDRONIC ACID];,"CELLULOSE, MICROCRYSTALLINE;STARCH, CORN;SILICON DIOXIDE;MAGNESIUM STEARATE;",HRX,,Alendronic acid 10 MG Oral Tablet,904419,,41616-636,0,,416160636,41616,636,Alendronate Sodium,active,20130703,7a6e6128-b7fa-4d21-a1c0-fe3ddcaec10e.xml,,C42998,34391-3,,,LABELER,Sun Pharma Global Inc.,C73584,NLM,TRUE,,7,,,FALSE,TRUE,FALSE,TRUE,TRUE
41616-0759-83_PART_1_OF_1_CHAL10_SB_671DB3BD.jpg,41616-0759-83,759,TRUE,FALSE,FALSE,fcn_mix_weight/dr_224/41616-0759-83_PART_1_OF_1_CHAL10_SB_671DB3BD.jpg,41616-0759-83_671DB3BD,34353,TRUE,10/17/2017 05:31:49 PM,10/17/2017 05:31:49 PM,989705dd-929b-4b62-9ef4-e768f0e366cb-41616-759-0,989705dd-929b-4b62-9ef4-e768f0e366cb,8,,C48348,ROUND,,1,,759,,C48328;C48325,PINK;WHITE,,VENLAFAXINE HYDROCHLORIDE 75 mg;,VENLAFAXINE HYDROCHLORIDE[VENLAFAXINE];,"HYPROMELLOSE 2208 (4000 CPS);POVIDONE K30;LACTOSE MONOHYDRATE;METHACRYLIC ACID - ETHYL ACRYLATE COPOLYMER (1:1) TYPE A;TALC;MAGNESIUM STEARATE;CELLULOSE, MICROCRYSTALLINE;CROSPOVIDONE;SILICON DIOXIDE;SODIUM LAURYL SULFATE;FD&C RED NO. 40;MANNITOL;DIBUTYL SEBACATE;TRIETHYL CITRATE;POLYSORBATE 20;POLYETHYLENE GLYCOL 3350;POLYSORBATE 80;POLYVINYL ALCOHOL;",HRX,,24 HR venlafaxine 75 MG Extended Release Oral Tablet,808753,,41616-759,0,,416160759,41616,759,Venlafaxine Hydrochloride,active,20100819,989705dd-929b-4b62-9ef4-e768f0e366cb.xml,,C42927,34391-3,,,LABELER,Sun Pharma Global Inc.,C73584,NLM,TRUE,,1,,,FALSE,TRUE,FALSE,TRUE,TRUE
41616-0759-83_PART_1_OF_1_CHAL10_SF_671DB3BD.jpg,41616-0759-83,759,TRUE,TRUE,FALSE,fcn_mix_weight/dr_224/41616-0759-83_PART_1_OF_1_CHAL10_SF_671DB3BD.jpg,41616-0759-83_671DB3BD,34353,TRUE,10/17/2017 05:31:49 PM,10/17/2017 05:31:49 PM,989705dd-929b-4b62-9ef4-e768f0e366cb-41616-759-0,989705dd-929b-4b62-9ef4-e768f0e366cb,8,,C48348,ROUND,,1,,759,,C48328;C48325,PINK;WHITE,,VENLAFAXINE HYDROCHLORIDE 75 mg;,VENLAFAXINE HYDROCHLORIDE[VENLAFAXINE];,"HYPROMELLOSE 2208 (4000 CPS);POVIDONE K30;LACTOSE MONOHYDRATE;METHACRYLIC ACID - ETHYL ACRYLATE COPOLYMER (1:1) TYPE A;TALC;MAGNESIUM STEARATE;CELLULOSE, MICROCRYSTALLINE;CROSPOVIDONE;SILICON DIOXIDE;SODIUM LAURYL SULFATE;FD&C RED NO. 40;MANNITOL;DIBUTYL SEBACATE;TRIETHYL CITRATE;POLYSORBATE 20;POLYETHYLENE GLYCOL 3350;POLYSORBATE 80;POLYVINYL ALCOHOL;",HRX,,24 HR venlafaxine 75 MG Extended Release Oral Tablet,808753,,41616-759,0,,416160759,41616,759,Venlafaxine Hydrochloride,active,20100819,989705dd-929b-4b62-9ef4-e768f0e366cb.xml,,C42927,34391-3,,,LABELER,Sun Pharma Global Inc.,C73584,NLM,TRUE,,1,,,FALSE,TRUE,FALSE,TRUE,TRUE
42043-0190-04_PART_1_OF_1_CHAL10_SB_6D1DB6BD.jpg,42043-0190-04,190,TRUE,FALSE,FALSE,fcn_mix_weight/dr_224/42043-0190-04_PART_1_OF_1_CHAL10_SB_6D1DB6BD.jpg,42043-0190-04_6D1DB6BD,17512,TRUE,10/17/2017 05:30:36 PM,2020-02-10 17:10:20,7967f8f4-eba8-4849-a176-944fffa2ee53-42043-190-0,7967f8f4-eba8-4849-a176-944fffa2ee53,14,,C48345,OVAL,,2,,L;250,,C48330,YELLOW,,LEVETIRACETAM 250 mg;,LEVETIRACETAM[LEVETIRACETAM];,"SILICON DIOXIDE;STARCH, CORN;CROSCARMELLOSE SODIUM;MAGNESIUM STEARATE;POVIDONE;HYPROMELLOSE 2910 (3 MPA.S);HYPROMELLOSE 2910 (6 MPA.S);TITANIUM DIOXIDE;POLYETHYLENE GLYCOL 4000;FERRIC OXIDE YELLOW;FD&C BLUE NO. 2;",HRX,,,,2020-02-10 16:00:45,42043-190,0,,420430190,42043,190,Levetiracetam,active,20110627,7967f8f4-eba8-4849-a176-944fffa2ee53.xml,,C42931,34391-3,,,LABELER,Karalex Pharma LLC,C73584,NLM,TRUE,,1,,,TRUE,FALSE,FALSE,TRUE,TRUE
42043-0190-04_PART_1_OF_1_CHAL10_SF_6D1DB6BD.jpg,42043-0190-04,190,TRUE,TRUE,FALSE,fcn_mix_weight/dr_224/42043-0190-04_PART_1_OF_1_CHAL10_SF_6D1DB6BD.jpg,42043-0190-04_6D1DB6BD,17512,TRUE,10/17/2017 05:30:36 PM,2020-02-10 17:10:20,7967f8f4-eba8-4849-a176-944fffa2ee53-42043-190-0,7967f8f4-eba8-4849-a176-944fffa2ee53,14,,C48345,OVAL,,2,,L;250,,C48330,YELLOW,,LEVETIRACETAM 250 mg;,LEVETIRACETAM[LEVETIRACETAM];,"SILICON DIOXIDE;STARCH, CORN;CROSCARMELLOSE SODIUM;MAGNESIUM STEARATE;POVIDONE;HYPROMELLOSE 2910 (3 MPA.S);HYPROMELLOSE 2910 (6 MPA.S);TITANIUM DIOXIDE;POLYETHYLENE GLYCOL 4000;FERRIC OXIDE YELLOW;FD&C BLUE NO. 2;",HRX,,,,2020-02-10 16:00:45,42043-190,0,,420430190,42043,190,Levetiracetam,active,20110627,7967f8f4-eba8-4849-a176-944fffa2ee53.xml,,C42931,34391-3,,,LABELER,Karalex Pharma LLC,C73584,NLM,TRUE,,1,,,TRUE,FALSE,FALSE,TRUE,TRUE
43386-0660-24_PART_1_OF_1_CHAL10_SB_D91DECBF.jpg,43386-0660-24,660,TRUE,FALSE,FALSE,fcn_mix_weight/dr_224/43386-0660-24_PART_1_OF_1_CHAL10_SB_D91DECBF.jpg,43386-0660-24_D91DECBF,29407,TRUE,10/17/2017 05:31:27 PM,2020-02-10 17:05:44,c18073be-d52a-4347-a8d1-6be11bcb7824-43386-660-0,c18073be-d52a-4347-a8d1-6be11bcb7824,14,19,C48336,CAPSULE,,1,,Novel660;300mg,,C48327,PURPLE,,TRIMETHOBENZAMIDE HYDROCHLORIDE 300 mg;,TRIMETHOBENZAMIDE HYDROCHLORIDE[TRIMETHOBENZAMIDE];,"LACTOSE MONOHYDRATE;MAGNESIUM STEARATE;STARCH, CORN;D&C RED NO. 28;GELATIN;FD&C BLUE NO. 1;FD&C RED NO. 40;TITANIUM DIOXIDE;LECITHIN, SOYBEAN;WATER;SHELLAC;ETHYLENE GLYCOL MONOETHYL ETHER;",HRX,SCD,trimethobenzamide hydrochloride 300 MG Oral Capsule,860771,2020-02-10 15:35:51,43386-660,0,,433860660,43386,660,Trimethobenzamide Hydrochloride,active,20191014,465b720e-d68d-4903-ad9c-1174af923f41.xml,,C25158,34391-3,,,LABELER,"Lupin Pharmaceuticals,Inc.",C73584,NLM,TRUE,,4,,,TRUE,FALSE,FALSE,TRUE,TRUE
43386-0660-24_PART_1_OF_1_CHAL10_SF_D91DECBF.jpg,43386-0660-24,660,TRUE,TRUE,FALSE,fcn_mix_weight/dr_224/43386-0660-24_PART_1_OF_1_CHAL10_SF_D91DECBF.jpg,43386-0660-24_D91DECBF,29407,TRUE,10/17/2017 05:31:27 PM,2020-02-10 17:05:44,c18073be-d52a-4347-a8d1-6be11bcb7824-43386-660-0,c18073be-d52a-4347-a8d1-6be11bcb7824,14,19,C48336,CAPSULE,,1,,Novel660;300mg,,C48327,PURPLE,,TRIMETHOBENZAMIDE HYDROCHLORIDE 300 mg;,TRIMETHOBENZAMIDE HYDROCHLORIDE[TRIMETHOBENZAMIDE];,"LACTOSE MONOHYDRATE;MAGNESIUM STEARATE;STARCH, CORN;D&C RED NO. 28;GELATIN;FD&C BLUE NO. 1;FD&C RED NO. 40;TITANIUM DIOXIDE;LECITHIN, SOYBEAN;WATER;SHELLAC;ETHYLENE GLYCOL MONOETHYL ETHER;",HRX,SCD,trimethobenzamide hydrochloride 300 MG Oral Capsule,860771,2020-02-10 15:35:51,43386-660,0,,433860660,43386,660,Trimethobenzamide Hydrochloride,active,20191014,465b720e-d68d-4903-ad9c-1174af923f41.xml,,C25158,34391-3,,,LABELER,"Lupin Pharmaceuticals,Inc.",C73584,NLM,TRUE,,4,,,TRUE,FALSE,FALSE,TRUE,TRUE
47335-0580-81_PART_1_OF_1_CHAL10_SB_7212B945.jpg,47335-0580-81,580,TRUE,FALSE,FALSE,fcn_mix_weight/dr_224/47335-0580-81_PART_1_OF_1_CHAL10_SB_7212B945.jpg,47335-0580-81_7212B945,6410,TRUE,10/17/2017 05:29:49 PM,2020-02-10 17:04:23,e747c09b-98b4-4958-b860-7318b71895ec-47335-580-0,e747c09b-98b4-4958-b860-7318b71895ec,8,,C48348,ROUND,,1,,124,,C48330,YELLOW,,PANTOPRAZOLE SODIUM 40 mg;,PANTOPRAZOLE SODIUM[PANTOPRAZOLE];,MANNITOL;SODIUM CARBONATE;ANHYDROUS LACTOSE;CROSPOVIDONE;POVIDONE;CALCIUM STEARATE;HYPROMELLOSES;POLYETHYLENE GLYCOLS;TALC;METHACRYLIC ACID - ETHYL ACRYLATE COPOLYMER (1:1) TYPE A;TRIETHYL CITRATE;TITANIUM DIOXIDE;FERRIC OXIDE YELLOW;SHELLAC;ISOPROPYL ALCOHOL;BUTYL ALCOHOL;PROPYLENE GLYCOL;AMMONIA;FERROSOFERRIC OXIDE;,HRX,,,,2020-02-10 15:29:58,47335-580,0,,473350580,47335,580,Pantoprazole Sodium,active,20120925,ccce3205-06b3-494b-9969-b5c2e25b7484.xml,,C42905,34391-3,,,LABELER,Sun Pharma Global FZE,C73584,NLM,TRUE,,4,,,TRUE,FALSE,FALSE,TRUE,TRUE
47335-0580-81_PART_1_OF_1_CHAL10_SF_7212B945.jpg,47335-0580-81,580,TRUE,TRUE,FALSE,fcn_mix_weight/dr_224/47335-0580-81_PART_1_OF_1_CHAL10_SF_7212B945.jpg,47335-0580-81_7212B945,6410,TRUE,10/17/2017 05:29:49 PM,2020-02-10 17:04:23,e747c09b-98b4-4958-b860-7318b71895ec-47335-580-0,e747c09b-98b4-4958-b860-7318b71895ec,8,,C48348,ROUND,,1,,124,,C48330,YELLOW,,PANTOPRAZOLE SODIUM 40 mg;,PANTOPRAZOLE SODIUM[PANTOPRAZOLE];,MANNITOL;SODIUM CARBONATE;ANHYDROUS LACTOSE;CROSPOVIDONE;POVIDONE;CALCIUM STEARATE;HYPROMELLOSES;POLYETHYLENE GLYCOLS;TALC;METHACRYLIC ACID - ETHYL ACRYLATE COPOLYMER (1:1) TYPE A;TRIETHYL CITRATE;TITANIUM DIOXIDE;FERRIC OXIDE YELLOW;SHELLAC;ISOPROPYL ALCOHOL;BUTYL ALCOHOL;PROPYLENE GLYCOL;AMMONIA;FERROSOFERRIC OXIDE;,HRX,,,,2020-02-10 15:29:58,47335-580,0,,473350580,47335,580,Pantoprazole Sodium,active,20120925,ccce3205-06b3-494b-9969-b5c2e25b7484.xml,,C42905,34391-3,,,LABELER,Sun Pharma Global FZE,C73584,NLM,TRUE,,4,,,TRUE,FALSE,FALSE,TRUE,TRUE
47335-0894-81_PART_1_OF_1_CHAL10_SB_7F1DBFBD.jpg,47335-0894-81,894,TRUE,FALSE,FALSE,fcn_mix_weight/dr_224/47335-0894-81_PART_1_OF_1_CHAL10_SB_7F1DBFBD.jpg,47335-0894-81_7F1DBFBD,29152,TRUE,10/17/2017 05:31:26 PM,2020-02-10 17:11:21,d37db064-3a5a-4a0c-a60b-b4b417fe742a-47335-894-0,d37db064-3a5a-4a0c-a60b-b4b417fe742a,9,,C48348,ROUND,,1,,894,,C48328,PINK,,CLOPIDOGREL BISULFATE 75 mg;,CLOPIDOGREL BISULFATE[CLOPIDOGREL];,"MANNITOL;CELLULOSE, MICROCRYSTALLINE;HYDROXYPROPYL CELLULOSE, LOW SUBSTITUTED;POLYETHYLENE GLYCOL, UNSPECIFIED;HYDROGENATED CASTOR OIL ;HYPROMELLOSES;FERRIC OXIDE RED;LACTOSE MONOHYDRATE;TITANIUM DIOXIDE;TRIACETIN;SHELLAC;FERROSOFERRIC OXIDE ;BUTYL ALCOHOL;PROPYLENE GLYCOL ;AMMONIA;",HRX,SCD,clopidogrel 75 MG Oral Tablet,309362,2020-02-10 16:06:19,47335-894,0,,473350894,47335,894,Clopidogrel Bisulfate,active,20190708,f48a8633-97d1-41c4-ad3f-71c59cf350c5.xml,,C42931,34391-3,,,LABELER,"Sun Pharmaceutical Industries, Inc.",C73584,NLM,TRUE,,13,,,TRUE,FALSE,FALSE,TRUE,TRUE
47335-0894-81_PART_1_OF_1_CHAL10_SF_7F1DBFBD.jpg,47335-0894-81,894,TRUE,TRUE,FALSE,fcn_mix_weight/dr_224/47335-0894-81_PART_1_OF_1_CHAL10_SF_7F1DBFBD.jpg,47335-0894-81_7F1DBFBD,29152,TRUE,10/17/2017 05:31:26 PM,2020-02-10 17:11:21,d37db064-3a5a-4a0c-a60b-b4b417fe742a-47335-894-0,d37db064-3a5a-4a0c-a60b-b4b417fe742a,9,,C48348,ROUND,,1,,894,,C48328,PINK,,CLOPIDOGREL BISULFATE 75 mg;,CLOPIDOGREL BISULFATE[CLOPIDOGREL];,"MANNITOL;CELLULOSE, MICROCRYSTALLINE;HYDROXYPROPYL CELLULOSE, LOW SUBSTITUTED;POLYETHYLENE GLYCOL, UNSPECIFIED;HYDROGENATED CASTOR OIL ;HYPROMELLOSES;FERRIC OXIDE RED;LACTOSE MONOHYDRATE;TITANIUM DIOXIDE;TRIACETIN;SHELLAC;FERROSOFERRIC OXIDE ;BUTYL ALCOHOL;PROPYLENE GLYCOL ;AMMONIA;",HRX,SCD,clopidogrel 75 MG Oral Tablet,309362,2020-02-10 16:06:19,47335-894,0,,473350894,47335,894,Clopidogrel Bisulfate,active,20190708,f48a8633-97d1-41c4-ad3f-71c59cf350c5.xml,,C42931,34391-3,,,LABELER,"Sun Pharmaceutical Industries, Inc.",C73584,NLM,TRUE,,13,,,TRUE,FALSE,FALSE,TRUE,TRUE
47781-0307-01_PART_1_OF_1_CHAL10_SB_C41C6263.jpg,47781-0307-01,307,TRUE,FALSE,FALSE,fcn_mix_weight/dr_224/47781-0307-01_PART_1_OF_1_CHAL10_SB_C41C6263.jpg,47781-0307-01_C41C6263,12959,TRUE,10/17/2017 05:30:17 PM,2020-02-10 17:13:24,62c1bb9c-79a2-41e3-9dfa-352f92253881-47781-307-0,62c1bb9c-79a2-41e3-9dfa-352f92253881,14,,C48336,CAPSULE,,1,,MACRODANTIN;50;mg;52427;287,,C48330;C48325,YELLOW;WHITE,,NITROFURANTOIN 50 mg;,NITROFURANTOIN[NITROFURANTOIN];,"STARCH, CORN;D&C YELLOW NO. 10;FD&C YELLOW NO. 6;GELATIN, UNSPECIFIED;LACTOSE, UNSPECIFIED FORM;TALC;TITANIUM DIOXIDE;",HRX,SCD,"nitrofurantoin, macrocrystals 50 MG Oral Capsule",311995,2020-02-10 16:17:35,47781-307,0,,477810307,47781,307,nitrofurantoin macrocrystals,active,20191120,707c313e-b1f6-9472-6872-4398fa913a32.xml,,C25158,34391-3,,,LABELER,Alvogen Inc.,C73594,NLM,TRUE,,14,,,TRUE,FALSE,FALSE,TRUE,TRUE
47781-0307-01_PART_1_OF_1_CHAL10_SF_C41C6263.jpg,47781-0307-01,307,TRUE,TRUE,FALSE,fcn_mix_weight/dr_224/47781-0307-01_PART_1_OF_1_CHAL10_SF_C41C6263.jpg,47781-0307-01_C41C6263,12959,TRUE,10/17/2017 05:30:17 PM,2020-02-10 17:13:24,62c1bb9c-79a2-41e3-9dfa-352f92253881-47781-307-0,62c1bb9c-79a2-41e3-9dfa-352f92253881,14,,C48336,CAPSULE,,1,,MACRODANTIN;50;mg;52427;287,,C48330;C48325,YELLOW;WHITE,,NITROFURANTOIN 50 mg;,NITROFURANTOIN[NITROFURANTOIN];,"STARCH, CORN;D&C YELLOW NO. 10;FD&C YELLOW NO. 6;GELATIN, UNSPECIFIED;LACTOSE, UNSPECIFIED FORM;TALC;TITANIUM DIOXIDE;",HRX,SCD,"nitrofurantoin, macrocrystals 50 MG Oral Capsule",311995,2020-02-10 16:17:35,47781-307,0,,477810307,47781,307,nitrofurantoin macrocrystals,active,20191120,707c313e-b1f6-9472-6872-4398fa913a32.xml,,C25158,34391-3,,,LABELER,Alvogen Inc.,C73594,NLM,TRUE,,14,,,TRUE,FALSE,FALSE,TRUE,TRUE
49230-0640-21_PART_1_OF_1_CHAL10_SB_C81C6413.jpg,49230-0640-21,640,TRUE,FALSE,FALSE,fcn_mix_weight/dr_224/49230-0640-21_PART_1_OF_1_CHAL10_SB_C81C6413.jpg,49230-0640-21_C81C6413,31491,TRUE,10/17/2017 05:31:36 PM,2020-02-10 17:12:57,34a29fae-b549-41ed-bd7d-e98fe2110bef-49230-640-0,34a29fae-b549-41ed-bd7d-e98fe2110bef,21,,C48336,CAPSULE,,1,,PhosLo;667mg,,C48325;C48333,WHITE;BLUE,,CALCIUM ACETATE 667 mg;,CALCIUM ACETATE[CALCIUM CATION];,,HRX,SBD,calcium acetate 667 MG Oral Capsule [Phoslo],645216,2020-02-10 16:15:21,49230-640,0,,492300640,49230,640,PhosLo,active,20191105,969d1b7e-3697-0497-e053-2995a90a2704.xml,,C25158,34391-3,,,LABELER,Fresenius Medical Care North America,C73594,NLM,TRUE,,8,,,TRUE,FALSE,FALSE,TRUE,TRUE
49230-0640-21_PART_1_OF_1_CHAL10_SF_C81C6413.jpg,49230-0640-21,640,TRUE,TRUE,FALSE,fcn_mix_weight/dr_224/49230-0640-21_PART_1_OF_1_CHAL10_SF_C81C6413.jpg,49230-0640-21_C81C6413,31491,TRUE,10/17/2017 05:31:36 PM,2020-02-10 17:12:57,34a29fae-b549-41ed-bd7d-e98fe2110bef-49230-640-0,34a29fae-b549-41ed-bd7d-e98fe2110bef,21,,C48336,CAPSULE,,1,,PhosLo;667mg,,C48325;C48333,WHITE;BLUE,,CALCIUM ACETATE 667 mg;,CALCIUM ACETATE[CALCIUM CATION];,,HRX,SBD,calcium acetate 667 MG Oral Capsule [Phoslo],645216,2020-02-10 16:15:21,49230-640,0,,492300640,49230,640,PhosLo,active,20191105,969d1b7e-3697-0497-e053-2995a90a2704.xml,,C25158,34391-3,,,LABELER,Fresenius Medical Care North America,C73594,NLM,TRUE,,8,,,TRUE,FALSE,FALSE,TRUE,TRUE
49884-0401-91_PART_1_OF_1_CHAL10_SB_421CA105.jpg,49884-0401-91,401,TRUE,FALSE,FALSE,fcn_mix_weight/dr_224/49884-0401-91_PART_1_OF_1_CHAL10_SB_421CA105.jpg,49884-0401-91_421CA105,31456,TRUE,10/17/2017 05:31:36 PM,2020-02-10 17:14:36,d0ef6df3-67e5-47b1-bcf7-f67aa030caca-49884-401-0,d0ef6df3-67e5-47b1-bcf7-f67aa030caca,13,,C48348,ROUND,,1,,P;401,,C48325,WHITE,,RISPERIDONE 2 mg;,RISPERIDONE[RISPERIDONE];,ASPARTAME;CROSCARMELLOSE SODIUM;CROSPOVIDONE;MAGNESIUM STEARATE;MANNITOL;SILICON DIOXIDE;SORBITOL;TALC;TARTARIC ACID;,HRX,SCD,risperidone 2 MG Disintegrating Oral Tablet,401954,2020-02-10 16:24:06,49884-401,0,,498840401,49884,401,Risperidone,active,20190618,b8febaa2-f420-4740-8331-762c2599bfd3.xml,,C42999,34391-3,,,LABELER,"Par Pharmaceutical, Inc.",C73584,NLM,TRUE,,19,,,TRUE,FALSE,FALSE,TRUE,TRUE
49884-0401-91_PART_1_OF_1_CHAL10_SF_421CA105.jpg,49884-0401-91,401,TRUE,TRUE,FALSE,fcn_mix_weight/dr_224/49884-0401-91_PART_1_OF_1_CHAL10_SF_421CA105.jpg,49884-0401-91_421CA105,31456,TRUE,10/17/2017 05:31:36 PM,2020-02-10 17:14:36,d0ef6df3-67e5-47b1-bcf7-f67aa030caca-49884-401-0,d0ef6df3-67e5-47b1-bcf7-f67aa030caca,13,,C48348,ROUND,,1,,P;401,,C48325,WHITE,,RISPERIDONE 2 mg;,RISPERIDONE[RISPERIDONE];,ASPARTAME;CROSCARMELLOSE SODIUM;CROSPOVIDONE;MAGNESIUM STEARATE;MANNITOL;SILICON DIOXIDE;SORBITOL;TALC;TARTARIC ACID;,HRX,SCD,risperidone 2 MG Disintegrating Oral Tablet,401954,2020-02-10 16:24:06,49884-401,0,,498840401,49884,401,Risperidone,active,20190618,b8febaa2-f420-4740-8331-762c2599bfd3.xml,,C42999,34391-3,,,LABELER,"Par Pharmaceutical, Inc.",C73584,NLM,TRUE,,19,,,TRUE,FALSE,FALSE,TRUE,TRUE
49884-0403-91_PART_1_OF_1_CHAL10_SB_3E1C9F54.jpg,49884-0403-91,403,TRUE,FALSE,FALSE,fcn_mix_weight/dr_224/49884-0403-91_PART_1_OF_1_CHAL10_SB_3E1C9F54.jpg,49884-0403-91_3E1C9F54,8810,TRUE,10/17/2017 05:29:59 PM,2020-02-10 17:14:36,d0ef6df3-67e5-47b1-bcf7-f67aa030caca-49884-403-0,d0ef6df3-67e5-47b1-bcf7-f67aa030caca,16,,C48348,ROUND,,1,,P;403,,C48325,WHITE,,RISPERIDONE 4 mg;,RISPERIDONE[RISPERIDONE];,,HRX,SCD,risperidone 4 MG Disintegrating Oral Tablet,616705,2020-02-10 16:24:06,49884-403,0,,498840403,49884,403,Risperidone,active,20190618,b8febaa2-f420-4740-8331-762c2599bfd3.xml,,C42999,34391-3,,,LABELER,"Par Pharmaceutical, Inc.",C73584,NLM,TRUE,,19,,,TRUE,FALSE,FALSE,TRUE,TRUE
49884-0403-91_PART_1_OF_1_CHAL10_SF_3E1C9F54.jpg,49884-0403-91,403,TRUE,TRUE,FALSE,fcn_mix_weight/dr_224/49884-0403-91_PART_1_OF_1_CHAL10_SF_3E1C9F54.jpg,49884-0403-91_3E1C9F54,8810,TRUE,10/17/2017 05:29:59 PM,2020-02-10 17:14:36,d0ef6df3-67e5-47b1-bcf7-f67aa030caca-49884-403-0,d0ef6df3-67e5-47b1-bcf7-f67aa030caca,16,,C48348,ROUND,,1,,P;403,,C48325,WHITE,,RISPERIDONE 4 mg;,RISPERIDONE[RISPERIDONE];,,HRX,SCD,risperidone 4 MG Disintegrating Oral Tablet,616705,2020-02-10 16:24:06,49884-403,0,,498840403,49884,403,Risperidone,active,20190618,b8febaa2-f420-4740-8331-762c2599bfd3.xml,,C42999,34391-3,,,LABELER,"Par Pharmaceutical, Inc.",C73584,NLM,TRUE,,19,,,TRUE,FALSE,FALSE,TRUE,TRUE
49884-0544-01_PART_1_OF_1_CHAL10_SB_1C218E5C.jpg,49884-0544-01,544,TRUE,FALSE,FALSE,fcn_mix_weight/dr_224/49884-0544-01_PART_1_OF_1_CHAL10_SB_1C218E5C.jpg,49884-0544-01_1C218E5C,20462,TRUE,10/17/2017 05:30:48 PM,2020-02-10 17:14:26,af653650-1825-475d-af3a-fe4d03e552fd-49884-544-0,af653650-1825-475d-af3a-fe4d03e552fd,9,,C48348,ROUND,,1,,Par;544,,C48332,BROWN,,RANITIDINE HYDROCHLORIDE 150 mg;,RANITIDINE HYDROCHLORIDE[RANITIDINE];,"FD&C YELLOW NO. 6;LACTOSE MONOHYDRATE;MAGNESIUM STEARATE;CELLULOSE, MICROCRYSTALLINE;TITANIUM DIOXIDE;TRIETHYL CITRATE;FERRIC OXIDE YELLOW;STARCH, CORN;",HRX,,,,2020-02-10 15:49:34,49884-544,0,,498840544,49884,544,Ranitidine,completed,20160819,842781c2-57fb-4d76-9389-7b8f1b79847b.xml,,C42998,34391-3,,,LABELER,Par Pharmaceutical Inc,C73584,NLM,TRUE,,7,,,TRUE,FALSE,FALSE,TRUE,TRUE
49884-0544-01_PART_1_OF_1_CHAL10_SF_1C218E5C.jpg,49884-0544-01,544,TRUE,TRUE,FALSE,fcn_mix_weight/dr_224/49884-0544-01_PART_1_OF_1_CHAL10_SF_1C218E5C.jpg,49884-0544-01_1C218E5C,20462,TRUE,10/17/2017 05:30:48 PM,2020-02-10 17:14:26,af653650-1825-475d-af3a-fe4d03e552fd-49884-544-0,af653650-1825-475d-af3a-fe4d03e552fd,9,,C48348,ROUND,,1,,Par;544,,C48332,BROWN,,RANITIDINE HYDROCHLORIDE 150 mg;,RANITIDINE HYDROCHLORIDE[RANITIDINE];,"FD&C YELLOW NO. 6;LACTOSE MONOHYDRATE;MAGNESIUM STEARATE;CELLULOSE, MICROCRYSTALLINE;TITANIUM DIOXIDE;TRIETHYL CITRATE;FERRIC OXIDE YELLOW;STARCH, CORN;",HRX,,,,2020-02-10 15:49:34,49884-544,0,,498840544,49884,544,Ranitidine,completed,20160819,842781c2-57fb-4d76-9389-7b8f1b79847b.xml,,C42998,34391-3,,,LABELER,Par Pharmaceutical Inc,C73584,NLM,TRUE,,7,,,TRUE,FALSE,FALSE,TRUE,TRUE
49884-0922-02_PART_1_OF_1_CHAL10_SB_5E08AF65.jpg,49884-0922-02,922,TRUE,FALSE,FALSE,fcn_mix_weight/dr_224/49884-0922-02_PART_1_OF_1_CHAL10_SB_5E08AF65.jpg,49884-0922-02_5E08AF65,20468,TRUE,10/17/2017 05:30:49 PM,2020-02-10 17:09:58,40b09616-5bb1-4ef8-98cd-d87537254296-49884-922-0,40b09616-5bb1-4ef8-98cd-d87537254296,12,,C48338,DIAMOND,,2,,P02,,C48330,YELLOW,,mercaptopurine 50 mg;,mercaptopurine[MERCAPTOPURINE ANHYDROUS];,"cellulose, microcrystalline;lactose;stearic acid;silicon dioxide;",HRX,,,,2020-02-10 15:58:41,49884-922,0,,498840922,49884,922,mercaptopurine,completed,20150107,4d29e7e8-7d71-403f-aae1-ea79e1e0e0ef.xml,,C42998,34391-3,,,LABELER,Par Pharmaceutical Inc.,C73584,NLM,TRUE,,6,,,TRUE,FALSE,FALSE,TRUE,TRUE
49884-0922-02_PART_1_OF_1_CHAL10_SF_5E08AF65.jpg,49884-0922-02,922,TRUE,TRUE,FALSE,fcn_mix_weight/dr_224/49884-0922-02_PART_1_OF_1_CHAL10_SF_5E08AF65.jpg,49884-0922-02_5E08AF65,20468,TRUE,10/17/2017 05:30:49 PM,2020-02-10 17:09:58,40b09616-5bb1-4ef8-98cd-d87537254296-49884-922-0,40b09616-5bb1-4ef8-98cd-d87537254296,12,,C48338,DIAMOND,,2,,P02,,C48330,YELLOW,,mercaptopurine 50 mg;,mercaptopurine[MERCAPTOPURINE ANHYDROUS];,"cellulose, microcrystalline;lactose;stearic acid;silicon dioxide;",HRX,,,,2020-02-10 15:58:41,49884-922,0,,498840922,49884,922,mercaptopurine,completed,20150107,4d29e7e8-7d71-403f-aae1-ea79e1e0e0ef.xml,,C42998,34391-3,,,LABELER,Par Pharmaceutical Inc.,C73584,NLM,TRUE,,6,,,TRUE,FALSE,FALSE,TRUE,TRUE
50111-0307-01_PART_1_OF_1_CHAL10_SB_8429422A.jpg,50111-0307-01,307,TRUE,FALSE,FALSE,fcn_mix_weight/dr_224/50111-0307-01_PART_1_OF_1_CHAL10_SB_8429422A.jpg,50111-0307-01_8429422A,29374,TRUE,10/17/2017 05:31:27 PM,10/17/2017 05:31:27 PM,bda79d58-1043-4cbf-b197-0d46cd40a2e8-50111-307-0,bda79d58-1043-4cbf-b197-0d46cd40a2e8,6,,C48348,ROUND,,1,,PA;307,,C48325,WHITE,,HYDROXYZINE HYDROCHLORIDE 10 mg,HYDROXYZINE HYDROCHLORIDE[HYDROXYZINE],"ANHYDROUS LACTOSE / CARNAUBA WAX / SILICON DIOXIDE / CROSPOVIDONE / HYPROMELLOSE 2910 (3 MPA.S) / HYPROMELLOSE 2910 (6 MPA.S) / HYPROMELLOSE 2910 (50 MPA.S) / MAGNESIUM STEARATE / CELLULOSE, MICROCRYSTALLINE / POLYDEXTROSE / POLYETHYLENE GLYCOL 8000 / SODIUM STARCH GLYCOLATE TYPE A POTATO / TITANIUM DIOXIDE / TRIACETIN",HRX,,Hydroxyzine Hydrochloride 10 MG Oral Tablet,995218,,50111-307,0,,501110307,50111,307,Hydroxyzine Hydrochloride,completed,20130808,d7b99978-74d2-4f95-9528-d2d558cf413b.xml,,C42931,34391-3,,,LABELER,Pliva Inc.,C73584,NLM,TRUE,,7,,,FALSE,TRUE,FALSE,TRUE,TRUE
50111-0307-01_PART_1_OF_1_CHAL10_SF_8429422A.jpg,50111-0307-01,307,TRUE,TRUE,FALSE,fcn_mix_weight/dr_224/50111-0307-01_PART_1_OF_1_CHAL10_SF_8429422A.jpg,50111-0307-01_8429422A,29374,TRUE,10/17/2017 05:31:27 PM,10/17/2017 05:31:27 PM,bda79d58-1043-4cbf-b197-0d46cd40a2e8-50111-307-0,bda79d58-1043-4cbf-b197-0d46cd40a2e8,6,,C48348,ROUND,,1,,PA;307,,C48325,WHITE,,HYDROXYZINE HYDROCHLORIDE 10 mg,HYDROXYZINE HYDROCHLORIDE[HYDROXYZINE],"ANHYDROUS LACTOSE / CARNAUBA WAX / SILICON DIOXIDE / CROSPOVIDONE / HYPROMELLOSE 2910 (3 MPA.S) / HYPROMELLOSE 2910 (6 MPA.S) / HYPROMELLOSE 2910 (50 MPA.S) / MAGNESIUM STEARATE / CELLULOSE, MICROCRYSTALLINE / POLYDEXTROSE / POLYETHYLENE GLYCOL 8000 / SODIUM STARCH GLYCOLATE TYPE A POTATO / TITANIUM DIOXIDE / TRIACETIN",HRX,,Hydroxyzine Hydrochloride 10 MG Oral Tablet,995218,,50111-307,0,,501110307,50111,307,Hydroxyzine Hydrochloride,completed,20130808,d7b99978-74d2-4f95-9528-d2d558cf413b.xml,,C42931,34391-3,,,LABELER,Pliva Inc.,C73584,NLM,TRUE,,7,,,FALSE,TRUE,FALSE,TRUE,TRUE
50111-0309-01_PART_1_OF_1_CHAL10_SB_8629434A.jpg,50111-0309-01,309,TRUE,FALSE,FALSE,fcn_mix_weight/dr_224/50111-0309-01_PART_1_OF_1_CHAL10_SB_8629434A.jpg,50111-0309-01_8629434A,16107,TRUE,10/17/2017 05:30:30 PM,10/17/2017 05:30:30 PM,bda79d58-1043-4cbf-b197-0d46cd40a2e8-50111-309-0,bda79d58-1043-4cbf-b197-0d46cd40a2e8,7,,C48348,ROUND,,1,,PA;309,,C48325,WHITE,,HYDROXYZINE HYDROCHLORIDE 50 mg,HYDROXYZINE HYDROCHLORIDE[HYDROXYZINE],"ANHYDROUS LACTOSE / CARNAUBA WAX / SILICON DIOXIDE / CROSPOVIDONE / HYPROMELLOSE 2910 (3 MPA.S) / HYPROMELLOSE 2910 (6 MPA.S) / HYPROMELLOSE 2910 (50 MPA.S) / MAGNESIUM STEARATE / CELLULOSE, MICROCRYSTALLINE / POLYDEXTROSE / POLYETHYLENE GLYCOL 8000 / SODIUM STARCH GLYCOLATE TYPE A POTATO / TITANIUM DIOXIDE / TRIACETIN",HRX,,Hydroxyzine Hydrochloride 50 MG Oral Tablet,995281,,50111-309,0,,501110309,50111,309,Hydroxyzine Hydrochloride,completed,20130808,d7b99978-74d2-4f95-9528-d2d558cf413b.xml,,C42931,34391-3,,,LABELER,Pliva Inc.,C73584,NLM,TRUE,,7,,,FALSE,TRUE,FALSE,TRUE,TRUE
50111-0309-01_PART_1_OF_1_CHAL10_SF_8629434A.jpg,50111-0309-01,309,TRUE,TRUE,FALSE,fcn_mix_weight/dr_224/50111-0309-01_PART_1_OF_1_CHAL10_SF_8629434A.jpg,50111-0309-01_8629434A,16107,TRUE,10/17/2017 05:30:30 PM,10/17/2017 05:30:30 PM,bda79d58-1043-4cbf-b197-0d46cd40a2e8-50111-309-0,bda79d58-1043-4cbf-b197-0d46cd40a2e8,7,,C48348,ROUND,,1,,PA;309,,C48325,WHITE,,HYDROXYZINE HYDROCHLORIDE 50 mg,HYDROXYZINE HYDROCHLORIDE[HYDROXYZINE],"ANHYDROUS LACTOSE / CARNAUBA WAX / SILICON DIOXIDE / CROSPOVIDONE / HYPROMELLOSE 2910 (3 MPA.S) / HYPROMELLOSE 2910 (6 MPA.S) / HYPROMELLOSE 2910 (50 MPA.S) / MAGNESIUM STEARATE / CELLULOSE, MICROCRYSTALLINE / POLYDEXTROSE / POLYETHYLENE GLYCOL 8000 / SODIUM STARCH GLYCOLATE TYPE A POTATO / TITANIUM DIOXIDE / TRIACETIN",HRX,,Hydroxyzine Hydrochloride 50 MG Oral Tablet,995281,,50111-309,0,,501110309,50111,309,Hydroxyzine Hydrochloride,completed,20130808,d7b99978-74d2-4f95-9528-d2d558cf413b.xml,,C42931,34391-3,,,LABELER,Pliva Inc.,C73584,NLM,TRUE,,7,,,FALSE,TRUE,FALSE,TRUE,TRUE
50111-0393-01_PART_1_OF_1_CHAL10_SB_61233089.jpg,50111-0393-01,393,TRUE,FALSE,FALSE,fcn_mix_weight/dr_224/50111-0393-01_PART_1_OF_1_CHAL10_SB_61233089.jpg,50111-0393-01_61233089,44912,TRUE,10/17/2017 05:32:37 PM,10/17/2017 05:32:37 PM,6bf3029e-2f8c-4746-b4df-a9b746c4df0e-50111-393-0,6bf3029e-2f8c-4746-b4df-a9b746c4df0e,6,,C48348,ROUND,,2,,b;1114,,C48325,WHITE,,BENZTROPINE MESYLATE 0.5 mg;,BENZTROPINE MESYLATE[BENZTROPINE];,"ANHYDROUS LACTOSE;CELLULOSE, MICROCRYSTALLINE;SILICON DIOXIDE;SODIUM STARCH GLYCOLATE TYPE A POTATO;MAGNESIUM STEARATE;",HRX,,benztropine mesylate 0.5 MG Oral Tablet,885219,,50111-393,0,,501110393,50111,393,Benztropine Mesylate,completed,20160119,79be3995-8c89-4cb4-a030-1d9178de8b6d.xml,,C42998,34391-3,,,LABELER,Pliva Inc.,C73584,NLM,TRUE,,6,,,FALSE,TRUE,FALSE,TRUE,TRUE
50111-0393-01_PART_1_OF_1_CHAL10_SF_61233089.jpg,50111-0393-01,393,TRUE,TRUE,FALSE,fcn_mix_weight/dr_224/50111-0393-01_PART_1_OF_1_CHAL10_SF_61233089.jpg,50111-0393-01_61233089,44912,TRUE,10/17/2017 05:32:37 PM,10/17/2017 05:32:37 PM,6bf3029e-2f8c-4746-b4df-a9b746c4df0e-50111-393-0,6bf3029e-2f8c-4746-b4df-a9b746c4df0e,6,,C48348,ROUND,,2,,b;1114,,C48325,WHITE,,BENZTROPINE MESYLATE 0.5 mg;,BENZTROPINE MESYLATE[BENZTROPINE];,"ANHYDROUS LACTOSE;CELLULOSE, MICROCRYSTALLINE;SILICON DIOXIDE;SODIUM STARCH GLYCOLATE TYPE A POTATO;MAGNESIUM STEARATE;",HRX,,benztropine mesylate 0.5 MG Oral Tablet,885219,,50111-393,0,,501110393,50111,393,Benztropine Mesylate,completed,20160119,79be3995-8c89-4cb4-a030-1d9178de8b6d.xml,,C42998,34391-3,,,LABELER,Pliva Inc.,C73584,NLM,TRUE,,6,,,FALSE,TRUE,FALSE,TRUE,TRUE
50111-0433-01_PART_1_OF_1_CHAL10_SB_21301080.jpg,50111-0433-01,433,TRUE,FALSE,FALSE,fcn_mix_weight/dr_224/50111-0433-01_PART_1_OF_1_CHAL10_SB_21301080.jpg,50111-0433-01_21301080,49674,TRUE,10/17/2017 05:32:59 PM,2020-02-10 17:05:08,d7f4962e-9846-448a-b88b-c1e647b98b5a-58118-0429-0,d7f4962e-9846-448a-b88b-c1e647b98b5a,9,,C48348,ROUND,,2,,PLIVA;433,,C48325,WHITE,,TRAZODONE HYDROCHLORIDE 50 mg;,TRAZODONE HYDROCHLORIDE[TRAZODONE];,SILICON DIOXIDE;ANHYDROUS LACTOSE;MAGNESIUM STEARATE;MICROCRYSTALLINE CELLULOSE;SODIUM STARCH GLYCOLATE TYPE A POTATO;,HRX,SCD,trazodone hydrochloride 50 MG Oral Tablet,856377,2020-02-10 15:33:06,58118-0429,0,,581180429,58118,429,Trazodone Hydrochloride,active,20200925,b026a386-5e37-52ed-e053-2a95a90a6b0e.xml,50111-433,C42998,,,,LABELER,"Clinical Solutions Wholesale, LLC",C73584,SPL,TRUE,1,7,,,TRUE,FALSE,FALSE,TRUE,TRUE
50111-0433-01_PART_1_OF_1_CHAL10_SB_21301080.jpg,50111-0433-01,433,TRUE,FALSE,FALSE,fcn_mix_weight/dr_224/50111-0433-01_PART_1_OF_1_CHAL10_SB_21301080.jpg,50111-0433-01_21301080,24866,TRUE,10/17/2017 05:31:07 PM,2020-02-10 17:06:31,6963a2cc-1c0b-4795-acb4-024488d517ce-68151-2825-0,6963a2cc-1c0b-4795-acb4-024488d517ce,9,,C48348,ROUND,,2,,PLIVA;433,,C48325,WHITE,,TRAZODONE HYDROCHLORIDE 50 mg;,TRAZODONE HYDROCHLORIDE[TRAZODONE];,"SILICON DIOXIDE;ANHYDROUS LACTOSE;MAGNESIUM STEARATE;CELLULOSE, MICROCRYSTALLINE;SODIUM STARCH GLYCOLATE TYPE A POTATO;",HRX,,,,2020-02-10 15:39:52,68151-2825,0,,681512825,68151,2825,Trazodone Hydrochloride,active,20140611,e7b14b95-3307-4bfd-b6d9-fca3e31db705.xml,50111-433,C42998,,,,LABELER,Carilion Materials Management,C73584,SPL,TRUE,1,9,,,TRUE,FALSE,FALSE,TRUE,TRUE
50111-0433-01_PART_1_OF_1_CHAL10_SB_21301080.jpg,50111-0433-01,433,TRUE,FALSE,FALSE,fcn_mix_weight/dr_224/50111-0433-01_PART_1_OF_1_CHAL10_SB_21301080.jpg,50111-0433-01_21301080,50648,TRUE,10/17/2017 05:33:03 PM,2020-02-10 17:16:20,ce29f679-3cad-42fd-9f06-7d2b2085062e-69189-0433-0,ce29f679-3cad-42fd-9f06-7d2b2085062e,9,,C48348,ROUND,,2,,PLIVA;433,,C48325,WHITE,,TRAZODONE HYDROCHLORIDE 50 mg;,TRAZODONE HYDROCHLORIDE[TRAZODONE];,"SILICON DIOXIDE;ANHYDROUS LACTOSE;MAGNESIUM STEARATE;CELLULOSE, MICROCRYSTALLINE;SODIUM STARCH GLYCOLATE TYPE A POTATO;",HRX,,,,2020-02-10 15:57:38,69189-0433,0,,691890433,69189,433,Trazodone Hydrochloride,active,20160104,697f8330-3b23-4784-a7b2-06c776028c40.xml,50111-433,C42998,,,,LABELER,Avera McKennan Hospital,C73584,SPL,TRUE,1,1,,,TRUE,FALSE,FALSE,TRUE,TRUE
50111-0433-01_PART_1_OF_1_CHAL10_SB_21301080.jpg,50111-0433-01,433,TRUE,FALSE,FALSE,fcn_mix_weight/dr_224/50111-0433-01_PART_1_OF_1_CHAL10_SB_21301080.jpg,50111-0433-01_21301080,55747,TRUE,10/17/2017 09:58:42 PM,2020-02-10 17:04:43,d8f2eabb-3a84-4fee-90f9-df5387121622-64725-0433-0,d8f2eabb-3a84-4fee-90f9-df5387121622,9,,C48348,ROUND,,2,,PLIVA;433,,C48325,WHITE,,TRAZODONE HYDROCHLORIDE 50 mg;,TRAZODONE HYDROCHLORIDE[TRAZODONE];,"SILICON DIOXIDE;ANHYDROUS LACTOSE;MAGNESIUM STEARATE;CELLULOSE, MICROCRYSTALLINE;SODIUM STARCH GLYCOLATE TYPE A POTATO;",HRX,,,,2020-02-10 15:31:27,64725-0433,0,,647250433,64725,433,Trazodone Hydrochloride,active,20140611,fa2555fb-073a-4244-9c01-fc285b5b171e.xml,50111-433,C42998,,,,LABELER,TYA Pharmaceuticals,C73584,SPL,TRUE,1,5,,,TRUE,FALSE,FALSE,FALSE,TRUE
50111-0433-01_PART_1_OF_1_CHAL10_SF_21301080.jpg,50111-0433-01,433,TRUE,TRUE,FALSE,fcn_mix_weight/dr_224/50111-0433-01_PART_1_OF_1_CHAL10_SF_21301080.jpg,50111-0433-01_21301080,49674,TRUE,10/17/2017 05:32:59 PM,2020-02-10 17:05:08,d7f4962e-9846-448a-b88b-c1e647b98b5a-58118-0429-0,d7f4962e-9846-448a-b88b-c1e647b98b5a,9,,C48348,ROUND,,2,,PLIVA;433,,C48325,WHITE,,TRAZODONE HYDROCHLORIDE 50 mg;,TRAZODONE HYDROCHLORIDE[TRAZODONE];,SILICON DIOXIDE;ANHYDROUS LACTOSE;MAGNESIUM STEARATE;MICROCRYSTALLINE CELLULOSE;SODIUM STARCH GLYCOLATE TYPE A POTATO;,HRX,SCD,trazodone hydrochloride 50 MG Oral Tablet,856377,2020-02-10 15:33:06,58118-0429,0,,581180429,58118,429,Trazodone Hydrochloride,active,20200925,b026a386-5e37-52ed-e053-2a95a90a6b0e.xml,50111-433,C42998,,,,LABELER,"Clinical Solutions Wholesale, LLC",C73584,SPL,TRUE,1,7,,,TRUE,FALSE,FALSE,TRUE,TRUE
50111-0433-01_PART_1_OF_1_CHAL10_SF_21301080.jpg,50111-0433-01,433,TRUE,TRUE,FALSE,fcn_mix_weight/dr_224/50111-0433-01_PART_1_OF_1_CHAL10_SF_21301080.jpg,50111-0433-01_21301080,24866,TRUE,10/17/2017 05:31:07 PM,2020-02-10 17:06:31,6963a2cc-1c0b-4795-acb4-024488d517ce-68151-2825-0,6963a2cc-1c0b-4795-acb4-024488d517ce,9,,C48348,ROUND,,2,,PLIVA;433,,C48325,WHITE,,TRAZODONE HYDROCHLORIDE 50 mg;,TRAZODONE HYDROCHLORIDE[TRAZODONE];,"SILICON DIOXIDE;ANHYDROUS LACTOSE;MAGNESIUM STEARATE;CELLULOSE, MICROCRYSTALLINE;SODIUM STARCH GLYCOLATE TYPE A POTATO;",HRX,,,,2020-02-10 15:39:52,68151-2825,0,,681512825,68151,2825,Trazodone Hydrochloride,active,20140611,e7b14b95-3307-4bfd-b6d9-fca3e31db705.xml,50111-433,C42998,,,,LABELER,Carilion Materials Management,C73584,SPL,TRUE,1,9,,,TRUE,FALSE,FALSE,TRUE,TRUE
50111-0433-01_PART_1_OF_1_CHAL10_SF_21301080.jpg,50111-0433-01,433,TRUE,TRUE,FALSE,fcn_mix_weight/dr_224/50111-0433-01_PART_1_OF_1_CHAL10_SF_21301080.jpg,50111-0433-01_21301080,50648,TRUE,10/17/2017 05:33:03 PM,2020-02-10 17:16:20,ce29f679-3cad-42fd-9f06-7d2b2085062e-69189-0433-0,ce29f679-3cad-42fd-9f06-7d2b2085062e,9,,C48348,ROUND,,2,,PLIVA;433,,C48325,WHITE,,TRAZODONE HYDROCHLORIDE 50 mg;,TRAZODONE HYDROCHLORIDE[TRAZODONE];,"SILICON DIOXIDE;ANHYDROUS LACTOSE;MAGNESIUM STEARATE;CELLULOSE, MICROCRYSTALLINE;SODIUM STARCH GLYCOLATE TYPE A POTATO;",HRX,,,,2020-02-10 15:57:38,69189-0433,0,,691890433,69189,433,Trazodone Hydrochloride,active,20160104,697f8330-3b23-4784-a7b2-06c776028c40.xml,50111-433,C42998,,,,LABELER,Avera McKennan Hospital,C73584,SPL,TRUE,1,1,,,TRUE,FALSE,FALSE,TRUE,TRUE
50111-0433-01_PART_1_OF_1_CHAL10_SF_21301080.jpg,50111-0433-01,433,TRUE,TRUE,FALSE,fcn_mix_weight/dr_224/50111-0433-01_PART_1_OF_1_CHAL10_SF_21301080.jpg,50111-0433-01_21301080,55747,TRUE,10/17/2017 09:58:42 PM,2020-02-10 17:04:43,d8f2eabb-3a84-4fee-90f9-df5387121622-64725-0433-0,d8f2eabb-3a84-4fee-90f9-df5387121622,9,,C48348,ROUND,,2,,PLIVA;433,,C48325,WHITE,,TRAZODONE HYDROCHLORIDE 50 mg;,TRAZODONE HYDROCHLORIDE[TRAZODONE];,"SILICON DIOXIDE;ANHYDROUS LACTOSE;MAGNESIUM STEARATE;CELLULOSE, MICROCRYSTALLINE;SODIUM STARCH GLYCOLATE TYPE A POTATO;",HRX,,,,2020-02-10 15:31:27,64725-0433,0,,647250433,64725,433,Trazodone Hydrochloride,active,20140611,fa2555fb-073a-4244-9c01-fc285b5b171e.xml,50111-433,C42998,,,,LABELER,TYA Pharmaceuticals,C73584,SPL,TRUE,1,5,,,TRUE,FALSE,FALSE,FALSE,TRUE
50111-0434-01_PART_1_OF_1_CHAL10_SB_4F212799.jpg,50111-0434-01,434,TRUE,FALSE,FALSE,fcn_mix_weight/dr_224/50111-0434-01_PART_1_OF_1_CHAL10_SB_4F212799.jpg,50111-0434-01_4F212799,49677,TRUE,10/17/2017 05:32:59 PM,2020-02-10 17:05:08,d7f4962e-9846-448a-b88b-c1e647b98b5a-58118-0430-0,d7f4962e-9846-448a-b88b-c1e647b98b5a,11,,C48348,ROUND,,2,,PLIVA;434,,C48325,WHITE,,TRAZODONE HYDROCHLORIDE 100 mg;,TRAZODONE HYDROCHLORIDE[TRAZODONE];,SILICON DIOXIDE;ANHYDROUS LACTOSE;MAGNESIUM STEARATE;MICROCRYSTALLINE CELLULOSE;SODIUM STARCH GLYCOLATE TYPE A POTATO;,HRX,,,,2020-02-10 15:33:06,58118-0430,0,,581180430,58118,430,Trazodone Hydrochloride,completed,20200925,b026a386-5e37-52ed-e053-2a95a90a6b0e.xml,50111-434,C42998,,,,LABELER,"Clinical Solutions Wholesale, LLC",C73584,SPL,TRUE,1,7,,,TRUE,FALSE,FALSE,TRUE,TRUE
50111-0434-01_PART_1_OF_1_CHAL10_SB_4F212799.jpg,50111-0434-01,434,TRUE,FALSE,FALSE,fcn_mix_weight/dr_224/50111-0434-01_PART_1_OF_1_CHAL10_SB_4F212799.jpg,50111-0434-01_4F212799,5003,TRUE,10/17/2017 05:29:42 PM,2020-02-10 17:15:55,2c4d7005-a0d0-4e9b-a36f-b7dc1f2bf7ec-64725-0434-0,2c4d7005-a0d0-4e9b-a36f-b7dc1f2bf7ec,11,,C48348,ROUND,,2,,PLIVA;434,,C48325,WHITE,,TRAZODONE HYDROCHLORIDE 100 mg;,TRAZODONE HYDROCHLORIDE[TRAZODONE];,"SILICON DIOXIDE;ANHYDROUS LACTOSE;MAGNESIUM STEARATE;CELLULOSE, MICROCRYSTALLINE;SODIUM STARCH GLYCOLATE TYPE A POTATO;",HRX,,,,2020-02-10 16:31:07,64725-0434,0,,647250434,64725,434,Trazodone Hydrochloride,active,20140611,476c6f63-97d9-4142-b778-58d72af4ab38.xml,50111-434,C42998,,,,LABELER,TYA Pharmaceuticals,C73584,SPL,TRUE,1,2,,,TRUE,FALSE,FALSE,FALSE,TRUE
50111-0434-01_PART_1_OF_1_CHAL10_SB_4F212799.jpg,50111-0434-01,434,TRUE,FALSE,FALSE,fcn_mix_weight/dr_224/50111-0434-01_PART_1_OF_1_CHAL10_SB_4F212799.jpg,50111-0434-01_4F212799,12566,TRUE,10/17/2017 05:30:15 PM,2020-02-10 17:10:33,eceb9837-9cf1-4b48-aad7-ed3c905d3a08-10544-532-0,eceb9837-9cf1-4b48-aad7-ed3c905d3a08,11,,C48348,ROUND,,2,,PLIVA;434,,C48325,WHITE,,TRAZODONE HYDROCHLORIDE 100 mg;,TRAZODONE HYDROCHLORIDE[TRAZODONE];,"SILICON DIOXIDE;ANHYDROUS LACTOSE;MAGNESIUM STEARATE;CELLULOSE, MICROCRYSTALLINE;SODIUM STARCH GLYCOLATE TYPE A POTATO;",HRX,,,,2020-02-10 16:02:06,10544-532,0,,105440532,10544,532,Trazodone Hydrochloride,active,20151229,28d39d55-0689-4193-b87d-713272e01d2c.xml,50111-434,C42998,,,,LABELER,"Blenheim Pharmacal, Inc.",C73584,SPL,TRUE,1,1,,,TRUE,FALSE,FALSE,TRUE,TRUE
50111-0434-01_PART_1_OF_1_CHAL10_SB_F22FF97F.jpg,50111-0434-01,434,TRUE,FALSE,FALSE,fcn_mix_weight/dr_224/50111-0434-01_PART_1_OF_1_CHAL10_SB_F22FF97F.jpg,50111-0434-01_F22FF97F,49677,TRUE,10/17/2017 05:32:59 PM,2020-02-10 17:05:08,d7f4962e-9846-448a-b88b-c1e647b98b5a-58118-0430-0,d7f4962e-9846-448a-b88b-c1e647b98b5a,11,,C48348,ROUND,,2,,PLIVA;434,,C48325,WHITE,,TRAZODONE HYDROCHLORIDE 100 mg;,TRAZODONE HYDROCHLORIDE[TRAZODONE];,SILICON DIOXIDE;ANHYDROUS LACTOSE;MAGNESIUM STEARATE;MICROCRYSTALLINE CELLULOSE;SODIUM STARCH GLYCOLATE TYPE A POTATO;,HRX,,,,2020-02-10 15:33:06,58118-0430,0,,581180430,58118,430,Trazodone Hydrochloride,completed,20200925,b026a386-5e37-52ed-e053-2a95a90a6b0e.xml,50111-434,C42998,,,,LABELER,"Clinical Solutions Wholesale, LLC",C73584,SPL,TRUE,1,7,,,TRUE,FALSE,FALSE,TRUE,TRUE
50111-0434-01_PART_1_OF_1_CHAL10_SB_F22FF97F.jpg,50111-0434-01,434,TRUE,FALSE,FALSE,fcn_mix_weight/dr_224/50111-0434-01_PART_1_OF_1_CHAL10_SB_F22FF97F.jpg,50111-0434-01_F22FF97F,5003,TRUE,10/17/2017 05:29:42 PM,2020-02-10 17:15:55,2c4d7005-a0d0-4e9b-a36f-b7dc1f2bf7ec-64725-0434-0,2c4d7005-a0d0-4e9b-a36f-b7dc1f2bf7ec,11,,C48348,ROUND,,2,,PLIVA;434,,C48325,WHITE,,TRAZODONE HYDROCHLORIDE 100 mg;,TRAZODONE HYDROCHLORIDE[TRAZODONE];,"SILICON DIOXIDE;ANHYDROUS LACTOSE;MAGNESIUM STEARATE;CELLULOSE, MICROCRYSTALLINE;SODIUM STARCH GLYCOLATE TYPE A POTATO;",HRX,,,,2020-02-10 16:31:07,64725-0434,0,,647250434,64725,434,Trazodone Hydrochloride,active,20140611,476c6f63-97d9-4142-b778-58d72af4ab38.xml,50111-434,C42998,,,,LABELER,TYA Pharmaceuticals,C73584,SPL,TRUE,1,2,,,TRUE,FALSE,FALSE,FALSE,TRUE
50111-0434-01_PART_1_OF_1_CHAL10_SB_F22FF97F.jpg,50111-0434-01,434,TRUE,FALSE,FALSE,fcn_mix_weight/dr_224/50111-0434-01_PART_1_OF_1_CHAL10_SB_F22FF97F.jpg,50111-0434-01_F22FF97F,12566,TRUE,10/17/2017 05:30:15 PM,2020-02-10 17:10:33,eceb9837-9cf1-4b48-aad7-ed3c905d3a08-10544-532-0,eceb9837-9cf1-4b48-aad7-ed3c905d3a08,11,,C48348,ROUND,,2,,PLIVA;434,,C48325,WHITE,,TRAZODONE HYDROCHLORIDE 100 mg;,TRAZODONE HYDROCHLORIDE[TRAZODONE];,"SILICON DIOXIDE;ANHYDROUS LACTOSE;MAGNESIUM STEARATE;CELLULOSE, MICROCRYSTALLINE;SODIUM STARCH GLYCOLATE TYPE A POTATO;",HRX,,,,2020-02-10 16:02:06,10544-532,0,,105440532,10544,532,Trazodone Hydrochloride,active,20151229,28d39d55-0689-4193-b87d-713272e01d2c.xml,50111-434,C42998,,,,LABELER,"Blenheim Pharmacal, Inc.",C73584,SPL,TRUE,1,1,,,TRUE,FALSE,FALSE,TRUE,TRUE
50111-0434-01_PART_1_OF_1_CHAL10_SF_4F212799.jpg,50111-0434-01,434,TRUE,TRUE,FALSE,fcn_mix_weight/dr_224/50111-0434-01_PART_1_OF_1_CHAL10_SF_4F212799.jpg,50111-0434-01_4F212799,49677,TRUE,10/17/2017 05:32:59 PM,2020-02-10 17:05:08,d7f4962e-9846-448a-b88b-c1e647b98b5a-58118-0430-0,d7f4962e-9846-448a-b88b-c1e647b98b5a,11,,C48348,ROUND,,2,,PLIVA;434,,C48325,WHITE,,TRAZODONE HYDROCHLORIDE 100 mg;,TRAZODONE HYDROCHLORIDE[TRAZODONE];,SILICON DIOXIDE;ANHYDROUS LACTOSE;MAGNESIUM STEARATE;MICROCRYSTALLINE CELLULOSE;SODIUM STARCH GLYCOLATE TYPE A POTATO;,HRX,,,,2020-02-10 15:33:06,58118-0430,0,,581180430,58118,430,Trazodone Hydrochloride,completed,20200925,b026a386-5e37-52ed-e053-2a95a90a6b0e.xml,50111-434,C42998,,,,LABELER,"Clinical Solutions Wholesale, LLC",C73584,SPL,TRUE,1,7,,,TRUE,FALSE,FALSE,TRUE,TRUE
50111-0434-01_PART_1_OF_1_CHAL10_SF_4F212799.jpg,50111-0434-01,434,TRUE,TRUE,FALSE,fcn_mix_weight/dr_224/50111-0434-01_PART_1_OF_1_CHAL10_SF_4F212799.jpg,50111-0434-01_4F212799,5003,TRUE,10/17/2017 05:29:42 PM,2020-02-10 17:15:55,2c4d7005-a0d0-4e9b-a36f-b7dc1f2bf7ec-64725-0434-0,2c4d7005-a0d0-4e9b-a36f-b7dc1f2bf7ec,11,,C48348,ROUND,,2,,PLIVA;434,,C48325,WHITE,,TRAZODONE HYDROCHLORIDE 100 mg;,TRAZODONE HYDROCHLORIDE[TRAZODONE];,"SILICON DIOXIDE;ANHYDROUS LACTOSE;MAGNESIUM STEARATE;CELLULOSE, MICROCRYSTALLINE;SODIUM STARCH GLYCOLATE TYPE A POTATO;",HRX,,,,2020-02-10 16:31:07,64725-0434,0,,647250434,64725,434,Trazodone Hydrochloride,active,20140611,476c6f63-97d9-4142-b778-58d72af4ab38.xml,50111-434,C42998,,,,LABELER,TYA Pharmaceuticals,C73584,SPL,TRUE,1,2,,,TRUE,FALSE,FALSE,FALSE,TRUE
50111-0434-01_PART_1_OF_1_CHAL10_SF_4F212799.jpg,50111-0434-01,434,TRUE,TRUE,FALSE,fcn_mix_weight/dr_224/50111-0434-01_PART_1_OF_1_CHAL10_SF_4F212799.jpg,50111-0434-01_4F212799,12566,TRUE,10/17/2017 05:30:15 PM,2020-02-10 17:10:33,eceb9837-9cf1-4b48-aad7-ed3c905d3a08-10544-532-0,eceb9837-9cf1-4b48-aad7-ed3c905d3a08,11,,C48348,ROUND,,2,,PLIVA;434,,C48325,WHITE,,TRAZODONE HYDROCHLORIDE 100 mg;,TRAZODONE HYDROCHLORIDE[TRAZODONE];,"SILICON DIOXIDE;ANHYDROUS LACTOSE;MAGNESIUM STEARATE;CELLULOSE, MICROCRYSTALLINE;SODIUM STARCH GLYCOLATE TYPE A POTATO;",HRX,,,,2020-02-10 16:02:06,10544-532,0,,105440532,10544,532,Trazodone Hydrochloride,active,20151229,28d39d55-0689-4193-b87d-713272e01d2c.xml,50111-434,C42998,,,,LABELER,"Blenheim Pharmacal, Inc.",C73584,SPL,TRUE,1,1,,,TRUE,FALSE,FALSE,TRUE,TRUE
50111-0434-01_PART_1_OF_1_CHAL10_SF_F22FF97F.jpg,50111-0434-01,434,TRUE,TRUE,FALSE,fcn_mix_weight/dr_224/50111-0434-01_PART_1_OF_1_CHAL10_SF_F22FF97F.jpg,50111-0434-01_F22FF97F,49677,TRUE,10/17/2017 05:32:59 PM,2020-02-10 17:05:08,d7f4962e-9846-448a-b88b-c1e647b98b5a-58118-0430-0,d7f4962e-9846-448a-b88b-c1e647b98b5a,11,,C48348,ROUND,,2,,PLIVA;434,,C48325,WHITE,,TRAZODONE HYDROCHLORIDE 100 mg;,TRAZODONE HYDROCHLORIDE[TRAZODONE];,SILICON DIOXIDE;ANHYDROUS LACTOSE;MAGNESIUM STEARATE;MICROCRYSTALLINE CELLULOSE;SODIUM STARCH GLYCOLATE TYPE A POTATO;,HRX,,,,2020-02-10 15:33:06,58118-0430,0,,581180430,58118,430,Trazodone Hydrochloride,completed,20200925,b026a386-5e37-52ed-e053-2a95a90a6b0e.xml,50111-434,C42998,,,,LABELER,"Clinical Solutions Wholesale, LLC",C73584,SPL,TRUE,1,7,,,TRUE,FALSE,FALSE,TRUE,TRUE
50111-0434-01_PART_1_OF_1_CHAL10_SF_F22FF97F.jpg,50111-0434-01,434,TRUE,TRUE,FALSE,fcn_mix_weight/dr_224/50111-0434-01_PART_1_OF_1_CHAL10_SF_F22FF97F.jpg,50111-0434-01_F22FF97F,5003,TRUE,10/17/2017 05:29:42 PM,2020-02-10 17:15:55,2c4d7005-a0d0-4e9b-a36f-b7dc1f2bf7ec-64725-0434-0,2c4d7005-a0d0-4e9b-a36f-b7dc1f2bf7ec,11,,C48348,ROUND,,2,,PLIVA;434,,C48325,WHITE,,TRAZODONE HYDROCHLORIDE 100 mg;,TRAZODONE HYDROCHLORIDE[TRAZODONE];,"SILICON DIOXIDE;ANHYDROUS LACTOSE;MAGNESIUM STEARATE;CELLULOSE, MICROCRYSTALLINE;SODIUM STARCH GLYCOLATE TYPE A POTATO;",HRX,,,,2020-02-10 16:31:07,64725-0434,0,,647250434,64725,434,Trazodone Hydrochloride,active,20140611,476c6f63-97d9-4142-b778-58d72af4ab38.xml,50111-434,C42998,,,,LABELER,TYA Pharmaceuticals,C73584,SPL,TRUE,1,2,,,TRUE,FALSE,FALSE,FALSE,TRUE
50111-0434-01_PART_1_OF_1_CHAL10_SF_F22FF97F.jpg,50111-0434-01,434,TRUE,TRUE,FALSE,fcn_mix_weight/dr_224/50111-0434-01_PART_1_OF_1_CHAL10_SF_F22FF97F.jpg,50111-0434-01_F22FF97F,12566,TRUE,10/17/2017 05:30:15 PM,2020-02-10 17:10:33,eceb9837-9cf1-4b48-aad7-ed3c905d3a08-10544-532-0,eceb9837-9cf1-4b48-aad7-ed3c905d3a08,11,,C48348,ROUND,,2,,PLIVA;434,,C48325,WHITE,,TRAZODONE HYDROCHLORIDE 100 mg;,TRAZODONE HYDROCHLORIDE[TRAZODONE];,"SILICON DIOXIDE;ANHYDROUS LACTOSE;MAGNESIUM STEARATE;CELLULOSE, MICROCRYSTALLINE;SODIUM STARCH GLYCOLATE TYPE A POTATO;",HRX,,,,2020-02-10 16:02:06,10544-532,0,,105440532,10544,532,Trazodone Hydrochloride,active,20151229,28d39d55-0689-4193-b87d-713272e01d2c.xml,50111-434,C42998,,,,LABELER,"Blenheim Pharmacal, Inc.",C73584,SPL,TRUE,1,1,,,TRUE,FALSE,FALSE,TRUE,TRUE
50111-0441-01_PART_1_OF_1_CHAL10_SB_E02F706B.jpg,50111-0441-01,441,TRUE,FALSE,FALSE,fcn_mix_weight/dr_224/50111-0441-01_PART_1_OF_1_CHAL10_SB_E02F706B.jpg,50111-0441-01_E02F706B,49676,TRUE,10/17/2017 05:32:59 PM,2020-02-10 17:05:08,d7f4962e-9846-448a-b88b-c1e647b98b5a-58118-0431-0,d7f4962e-9846-448a-b88b-c1e647b98b5a,17,,C48352,TRAPEZOID,,3,,PLIVA;441;50;50;50,,C48325,WHITE,,TRAZODONE HYDROCHLORIDE 150 mg;,TRAZODONE HYDROCHLORIDE[TRAZODONE];,SILICON DIOXIDE;ANHYDROUS LACTOSE;MAGNESIUM STEARATE;MICROCRYSTALLINE CELLULOSE;SODIUM STARCH GLYCOLATE TYPE A POTATO;,HRX,,,,2020-02-10 15:33:07,58118-0431,0,,581180431,58118,431,Trazodone Hydrochloride,active,20200925,b026a386-5e37-52ed-e053-2a95a90a6b0e.xml,50111-441,C42998,,,,LABELER,"Clinical Solutions Wholesale, LLC",C73584,SPL,TRUE,1,7,,,TRUE,FALSE,FALSE,TRUE,TRUE
50111-0441-01_PART_1_OF_1_CHAL10_SB_E02F706B.jpg,50111-0441-01,441,TRUE,FALSE,FALSE,fcn_mix_weight/dr_224/50111-0441-01_PART_1_OF_1_CHAL10_SB_E02F706B.jpg,50111-0441-01_E02F706B,3211,TRUE,10/17/2017 05:29:34 PM,10/17/2017 05:29:34 PM,feeff487-0825-477a-8e81-73c309f0cb57-55154-5768-0,feeff487-0825-477a-8e81-73c309f0cb57,17,,C48352,TRAPEZOID,,3,,PLIVA;441;50;50;50,,C48325,WHITE,,TRAZODONE HYDROCHLORIDE 150 mg;,TRAZODONE HYDROCHLORIDE[TRAZODONE];,"SILICON DIOXIDE;ANHYDROUS LACTOSE;MAGNESIUM STEARATE;CELLULOSE, MICROCRYSTALLINE;SODIUM STARCH GLYCOLATE TYPE A POTATO;",HRX,,Trazodone Hydrochloride 150 MG Oral Tablet,856364,,55154-5768,0,,551545768,55154,5768,Trazodone Hydrochloride,active,20141106,feeff487-0825-477a-8e81-73c309f0cb57.xml,50111-441,C42998,,,,LABELER,Cardinal Health,C73584,NLM,TRUE,1,1,,,FALSE,TRUE,FALSE,FALSE,TRUE
50111-0441-01_PART_1_OF_1_CHAL10_SB_E02F706B.jpg,50111-0441-01,441,TRUE,FALSE,FALSE,fcn_mix_weight/dr_224/50111-0441-01_PART_1_OF_1_CHAL10_SB_E02F706B.jpg,50111-0441-01_E02F706B,23289,TRUE,10/17/2017 05:31:00 PM,2020-02-10 17:11:28,569ff732-ac40-4607-bcac-c3996c0ba9a8-69189-0441-0,569ff732-ac40-4607-bcac-c3996c0ba9a8,17,,C48352,TRAPEZOID,,3,,PLIVA;441;50;50;50,,C48325,WHITE,,TRAZODONE HYDROCHLORIDE 150 mg;,TRAZODONE HYDROCHLORIDE[TRAZODONE];,"SILICON DIOXIDE;ANHYDROUS LACTOSE;MAGNESIUM STEARATE;CELLULOSE, MICROCRYSTALLINE;SODIUM STARCH GLYCOLATE TYPE A POTATO;",HRX,,,,2020-02-10 16:06:53,69189-0441,0,,691890441,69189,441,Trazodone Hydrochloride,active,20151218,85396fc3-b22b-49a6-a0b1-3ee2e700fc6c.xml,50111-441,C42998,,,,LABELER,Avera McKennan Hospital,C73584,SPL,TRUE,1,1,,,TRUE,FALSE,FALSE,TRUE,TRUE
50111-0441-01_PART_1_OF_1_CHAL10_SB_E02F706B.jpg,50111-0441-01,441,TRUE,FALSE,FALSE,fcn_mix_weight/dr_224/50111-0441-01_PART_1_OF_1_CHAL10_SB_E02F706B.jpg,50111-0441-01_E02F706B,49991,TRUE,10/17/2017 05:33:00 PM,2020-02-10 17:15:32,8e2fdb2f-aa5f-4320-9dfe-e4fbbca9adae-68788-9341-0,8e2fdb2f-aa5f-4320-9dfe-e4fbbca9adae,17,,C48352,TRAPEZOID,,3,,PLIVA;441;50;50;50,,C48325,WHITE,,TRAZODONE HYDROCHLORIDE 150 mg;,TRAZODONE HYDROCHLORIDE[TRAZODONE];,"SILICON DIOXIDE;ANHYDROUS LACTOSE;MAGNESIUM STEARATE;CELLULOSE, MICROCRYSTALLINE;SODIUM STARCH GLYCOLATE TYPE A POTATO;",HRX,,,,2020-02-10 16:29:06,68788-9341,0,,687889341,68788,9341,Trazodone Hydrochloride,active,20161121,7b6e3ffd-cfcb-4322-b953-34c36f62399c.xml,50111-441,C42998,,,,LABELER,Preferred Pharmaceuticals Inc.,C73584,SPL,TRUE,1,2,,,TRUE,FALSE,FALSE,TRUE,TRUE
50111-0441-01_PART_1_OF_1_CHAL10_SB_E02F706B.jpg,50111-0441-01,441,TRUE,FALSE,FALSE,fcn_mix_weight/dr_224/50111-0441-01_PART_1_OF_1_CHAL10_SB_E02F706B.jpg,50111-0441-01_E02F706B,24894,TRUE,10/17/2017 05:31:08 PM,2020-02-10 17:03:19,6963a2cc-1c0b-4795-acb4-024488d517ce-68151-2696-0,6963a2cc-1c0b-4795-acb4-024488d517ce,17,,C48352,TRAPEZOID,,3,,PLIVA;441;50;50;50,,C48325,WHITE,,TRAZODONE HYDROCHLORIDE 150 mg;,TRAZODONE HYDROCHLORIDE[TRAZODONE];,"SILICON DIOXIDE;ANHYDROUS LACTOSE;MAGNESIUM STEARATE;CELLULOSE, MICROCRYSTALLINE;SODIUM STARCH GLYCOLATE TYPE A POTATO;",HRX,,,,2020-02-10 15:24:52,68151-2696,0,,681512696,68151,2696,Trazodone Hydrochloride,active,20140611,e7b14b95-3307-4bfd-b6d9-fca3e31db705.xml,50111-441,C42998,,,,LABELER,Carilion Materials Management,C73584,SPL,TRUE,1,9,,,TRUE,FALSE,FALSE,TRUE,TRUE
50111-0441-01_PART_1_OF_1_CHAL10_SB_E02F706B.jpg,50111-0441-01,441,TRUE,FALSE,FALSE,fcn_mix_weight/dr_224/50111-0441-01_PART_1_OF_1_CHAL10_SB_E02F706B.jpg,50111-0441-01_E02F706B,49404,TRUE,10/17/2017 05:32:57 PM,10/17/2017 05:32:57 PM,29c443fc-8ef6-4778-8d6a-ad14181ef8de-50090-0463-0,29c443fc-8ef6-4778-8d6a-ad14181ef8de,17,,C48352,TRAPEZOID,,3,,PLIVA;441;50;50;50,,C48325,WHITE,,TRAZODONE HYDROCHLORIDE 150 mg;,TRAZODONE HYDROCHLORIDE[TRAZODONE];,"SILICON DIOXIDE;ANHYDROUS LACTOSE;MAGNESIUM STEARATE;CELLULOSE, MICROCRYSTALLINE;SODIUM STARCH GLYCOLATE TYPE A POTATO;",HRX,,Trazodone Hydrochloride 150 MG Oral Tablet,856364,,50090-0463,0,,500900463,50090,463,Trazodone Hydrochloride,active,20160629,6b225d2e-05a8-4570-b5ce-6bd491063d67.xml,50111-441,C42998,,,,LABELER,A-S Medication Solutions,C73584,NLM,TRUE,1,1,,,FALSE,TRUE,FALSE,TRUE,TRUE
50111-0441-01_PART_1_OF_1_CHAL10_SF_E02F706B.jpg,50111-0441-01,441,TRUE,TRUE,FALSE,fcn_mix_weight/dr_224/50111-0441-01_PART_1_OF_1_CHAL10_SF_E02F706B.jpg,50111-0441-01_E02F706B,49676,TRUE,10/17/2017 05:32:59 PM,2020-02-10 17:05:08,d7f4962e-9846-448a-b88b-c1e647b98b5a-58118-0431-0,d7f4962e-9846-448a-b88b-c1e647b98b5a,17,,C48352,TRAPEZOID,,3,,PLIVA;441;50;50;50,,C48325,WHITE,,TRAZODONE HYDROCHLORIDE 150 mg;,TRAZODONE HYDROCHLORIDE[TRAZODONE];,SILICON DIOXIDE;ANHYDROUS LACTOSE;MAGNESIUM STEARATE;MICROCRYSTALLINE CELLULOSE;SODIUM STARCH GLYCOLATE TYPE A POTATO;,HRX,,,,2020-02-10 15:33:07,58118-0431,0,,581180431,58118,431,Trazodone Hydrochloride,active,20200925,b026a386-5e37-52ed-e053-2a95a90a6b0e.xml,50111-441,C42998,,,,LABELER,"Clinical Solutions Wholesale, LLC",C73584,SPL,TRUE,1,7,,,TRUE,FALSE,FALSE,TRUE,TRUE
50111-0441-01_PART_1_OF_1_CHAL10_SF_E02F706B.jpg,50111-0441-01,441,TRUE,TRUE,FALSE,fcn_mix_weight/dr_224/50111-0441-01_PART_1_OF_1_CHAL10_SF_E02F706B.jpg,50111-0441-01_E02F706B,3211,TRUE,10/17/2017 05:29:34 PM,10/17/2017 05:29:34 PM,feeff487-0825-477a-8e81-73c309f0cb57-55154-5768-0,feeff487-0825-477a-8e81-73c309f0cb57,17,,C48352,TRAPEZOID,,3,,PLIVA;441;50;50;50,,C48325,WHITE,,TRAZODONE HYDROCHLORIDE 150 mg;,TRAZODONE HYDROCHLORIDE[TRAZODONE];,"SILICON DIOXIDE;ANHYDROUS LACTOSE;MAGNESIUM STEARATE;CELLULOSE, MICROCRYSTALLINE;SODIUM STARCH GLYCOLATE TYPE A POTATO;",HRX,,Trazodone Hydrochloride 150 MG Oral Tablet,856364,,55154-5768,0,,551545768,55154,5768,Trazodone Hydrochloride,active,20141106,feeff487-0825-477a-8e81-73c309f0cb57.xml,50111-441,C42998,,,,LABELER,Cardinal Health,C73584,NLM,TRUE,1,1,,,FALSE,TRUE,FALSE,FALSE,TRUE
50111-0441-01_PART_1_OF_1_CHAL10_SF_E02F706B.jpg,50111-0441-01,441,TRUE,TRUE,FALSE,fcn_mix_weight/dr_224/50111-0441-01_PART_1_OF_1_CHAL10_SF_E02F706B.jpg,50111-0441-01_E02F706B,23289,TRUE,10/17/2017 05:31:00 PM,2020-02-10 17:11:28,569ff732-ac40-4607-bcac-c3996c0ba9a8-69189-0441-0,569ff732-ac40-4607-bcac-c3996c0ba9a8,17,,C48352,TRAPEZOID,,3,,PLIVA;441;50;50;50,,C48325,WHITE,,TRAZODONE HYDROCHLORIDE 150 mg;,TRAZODONE HYDROCHLORIDE[TRAZODONE];,"SILICON DIOXIDE;ANHYDROUS LACTOSE;MAGNESIUM STEARATE;CELLULOSE, MICROCRYSTALLINE;SODIUM STARCH GLYCOLATE TYPE A POTATO;",HRX,,,,2020-02-10 16:06:53,69189-0441,0,,691890441,69189,441,Trazodone Hydrochloride,active,20151218,85396fc3-b22b-49a6-a0b1-3ee2e700fc6c.xml,50111-441,C42998,,,,LABELER,Avera McKennan Hospital,C73584,SPL,TRUE,1,1,,,TRUE,FALSE,FALSE,TRUE,TRUE
50111-0441-01_PART_1_OF_1_CHAL10_SF_E02F706B.jpg,50111-0441-01,441,TRUE,TRUE,FALSE,fcn_mix_weight/dr_224/50111-0441-01_PART_1_OF_1_CHAL10_SF_E02F706B.jpg,50111-0441-01_E02F706B,49991,TRUE,10/17/2017 05:33:00 PM,2020-02-10 17:15:32,8e2fdb2f-aa5f-4320-9dfe-e4fbbca9adae-68788-9341-0,8e2fdb2f-aa5f-4320-9dfe-e4fbbca9adae,17,,C48352,TRAPEZOID,,3,,PLIVA;441;50;50;50,,C48325,WHITE,,TRAZODONE HYDROCHLORIDE 150 mg;,TRAZODONE HYDROCHLORIDE[TRAZODONE];,"SILICON DIOXIDE;ANHYDROUS LACTOSE;MAGNESIUM STEARATE;CELLULOSE, MICROCRYSTALLINE;SODIUM STARCH GLYCOLATE TYPE A POTATO;",HRX,,,,2020-02-10 16:29:06,68788-9341,0,,687889341,68788,9341,Trazodone Hydrochloride,active,20161121,7b6e3ffd-cfcb-4322-b953-34c36f62399c.xml,50111-441,C42998,,,,LABELER,Preferred Pharmaceuticals Inc.,C73584,SPL,TRUE,1,2,,,TRUE,FALSE,FALSE,TRUE,TRUE
50111-0441-01_PART_1_OF_1_CHAL10_SF_E02F706B.jpg,50111-0441-01,441,TRUE,TRUE,FALSE,fcn_mix_weight/dr_224/50111-0441-01_PART_1_OF_1_CHAL10_SF_E02F706B.jpg,50111-0441-01_E02F706B,24894,TRUE,10/17/2017 05:31:08 PM,2020-02-10 17:03:19,6963a2cc-1c0b-4795-acb4-024488d517ce-68151-2696-0,6963a2cc-1c0b-4795-acb4-024488d517ce,17,,C48352,TRAPEZOID,,3,,PLIVA;441;50;50;50,,C48325,WHITE,,TRAZODONE HYDROCHLORIDE 150 mg;,TRAZODONE HYDROCHLORIDE[TRAZODONE];,"SILICON DIOXIDE;ANHYDROUS LACTOSE;MAGNESIUM STEARATE;CELLULOSE, MICROCRYSTALLINE;SODIUM STARCH GLYCOLATE TYPE A POTATO;",HRX,,,,2020-02-10 15:24:52,68151-2696,0,,681512696,68151,2696,Trazodone Hydrochloride,active,20140611,e7b14b95-3307-4bfd-b6d9-fca3e31db705.xml,50111-441,C42998,,,,LABELER,Carilion Materials Management,C73584,SPL,TRUE,1,9,,,TRUE,FALSE,FALSE,TRUE,TRUE
50111-0441-01_PART_1_OF_1_CHAL10_SF_E02F706B.jpg,50111-0441-01,441,TRUE,TRUE,FALSE,fcn_mix_weight/dr_224/50111-0441-01_PART_1_OF_1_CHAL10_SF_E02F706B.jpg,50111-0441-01_E02F706B,49404,TRUE,10/17/2017 05:32:57 PM,10/17/2017 05:32:57 PM,29c443fc-8ef6-4778-8d6a-ad14181ef8de-50090-0463-0,29c443fc-8ef6-4778-8d6a-ad14181ef8de,17,,C48352,TRAPEZOID,,3,,PLIVA;441;50;50;50,,C48325,WHITE,,TRAZODONE HYDROCHLORIDE 150 mg;,TRAZODONE HYDROCHLORIDE[TRAZODONE];,"SILICON DIOXIDE;ANHYDROUS LACTOSE;MAGNESIUM STEARATE;CELLULOSE, MICROCRYSTALLINE;SODIUM STARCH GLYCOLATE TYPE A POTATO;",HRX,,Trazodone Hydrochloride 150 MG Oral Tablet,856364,,50090-0463,0,,500900463,50090,463,Trazodone Hydrochloride,active,20160629,6b225d2e-05a8-4570-b5ce-6bd491063d67.xml,50111-441,C42998,,,,LABELER,A-S Medication Solutions,C73584,NLM,TRUE,1,1,,,FALSE,TRUE,FALSE,TRUE,TRUE
50111-0459-01_PART_1_OF_1_CHAL10_SB_1C300E70.jpg,50111-0459-01,459,TRUE,FALSE,FALSE,fcn_mix_weight/dr_224/50111-0459-01_PART_1_OF_1_CHAL10_SB_1C300E70.jpg,50111-0459-01_1C300E70,45008,TRUE,10/17/2017 05:32:37 PM,2020-02-10 17:07:14,d70152c7-9da5-4096-ac5b-c8118cf48500-50111-459-0,d70152c7-9da5-4096-ac5b-c8118cf48500,14,,C48345,OVAL,,2,,PLIVA;459,,C48325,WHITE,,THEOPHYLLINE ANHYDROUS 300 mg;,THEOPHYLLINE ANHYDROUS[THEOPHYLLINE ANHYDROUS];,HYPROMELLOSE 2208 (100 MPA.S);HYPROMELLOSE 2208 (100000 MPA.S);ANHYDROUS LACTOSE;MAGNESIUM STEARATE;POVIDONE;,HRX,SCD,theophylline 300 MG Extended Release Oral Tablet,317769,2020-02-10 15:43:21,50111-459,0,,501110459,50111,459,Theophylline,active,20180706,7ead0af5-da03-4e84-8685-f469cfde4855.xml,,C42927,34391-3,,,LABELER,"Teva Pharmaceuticals USA, Inc.",C73584,NLM,TRUE,,10,,,TRUE,FALSE,FALSE,TRUE,TRUE
50111-0459-01_PART_1_OF_1_CHAL10_SF_1C300E70.jpg,50111-0459-01,459,TRUE,TRUE,FALSE,fcn_mix_weight/dr_224/50111-0459-01_PART_1_OF_1_CHAL10_SF_1C300E70.jpg,50111-0459-01_1C300E70,45008,TRUE,10/17/2017 05:32:37 PM,2020-02-10 17:07:14,d70152c7-9da5-4096-ac5b-c8118cf48500-50111-459-0,d70152c7-9da5-4096-ac5b-c8118cf48500,14,,C48345,OVAL,,2,,PLIVA;459,,C48325,WHITE,,THEOPHYLLINE ANHYDROUS 300 mg;,THEOPHYLLINE ANHYDROUS[THEOPHYLLINE ANHYDROUS];,HYPROMELLOSE 2208 (100 MPA.S);HYPROMELLOSE 2208 (100000 MPA.S);ANHYDROUS LACTOSE;MAGNESIUM STEARATE;POVIDONE;,HRX,SCD,theophylline 300 MG Extended Release Oral Tablet,317769,2020-02-10 15:43:21,50111-459,0,,501110459,50111,459,Theophylline,active,20180706,7ead0af5-da03-4e84-8685-f469cfde4855.xml,,C42927,34391-3,,,LABELER,"Teva Pharmaceuticals USA, Inc.",C73584,NLM,TRUE,,10,,,TRUE,FALSE,FALSE,TRUE,TRUE
50111-0482-01_PART_1_OF_1_CHAL10_SB_3D301EF0.jpg,50111-0482-01,482,TRUE,FALSE,FALSE,fcn_mix_weight/dr_224/50111-0482-01_PART_1_OF_1_CHAL10_SB_3D301EF0.jpg,50111-0482-01_3D301EF0,31018,TRUE,10/17/2017 05:31:34 PM,2020-02-10 17:10:59,d70152c7-9da5-4096-ac5b-c8118cf48500-50111-482-0,d70152c7-9da5-4096-ac5b-c8118cf48500,12,,C48345,OVAL,,2,,PLIVA;482,,C48325,WHITE,,THEOPHYLLINE ANHYDROUS 200 mg;,THEOPHYLLINE ANHYDROUS[THEOPHYLLINE ANHYDROUS];,HYPROMELLOSE 2208 (100 MPA.S);HYPROMELLOSE 2208 (100000 MPA.S);ANHYDROUS LACTOSE;MAGNESIUM STEARATE;POVIDONE;,HRX,SCD,theophylline 200 MG Extended Release Oral Tablet,346574,2020-02-10 16:04:13,50111-482,0,,501110482,50111,482,Theophylline,active,20180706,7ead0af5-da03-4e84-8685-f469cfde4855.xml,,C42927,34391-3,,,LABELER,"Teva Pharmaceuticals USA, Inc.",C73584,NLM,TRUE,,10,,,TRUE,FALSE,FALSE,TRUE,TRUE
50111-0482-01_PART_1_OF_1_CHAL10_SF_3D301EF0.jpg,50111-0482-01,482,TRUE,TRUE,FALSE,fcn_mix_weight/dr_224/50111-0482-01_PART_1_OF_1_CHAL10_SF_3D301EF0.jpg,50111-0482-01_3D301EF0,31018,TRUE,10/17/2017 05:31:34 PM,2020-02-10 17:10:59,d70152c7-9da5-4096-ac5b-c8118cf48500-50111-482-0,d70152c7-9da5-4096-ac5b-c8118cf48500,12,,C48345,OVAL,,2,,PLIVA;482,,C48325,WHITE,,THEOPHYLLINE ANHYDROUS 200 mg;,THEOPHYLLINE ANHYDROUS[THEOPHYLLINE ANHYDROUS];,HYPROMELLOSE 2208 (100 MPA.S);HYPROMELLOSE 2208 (100000 MPA.S);ANHYDROUS LACTOSE;MAGNESIUM STEARATE;POVIDONE;,HRX,SCD,theophylline 200 MG Extended Release Oral Tablet,346574,2020-02-10 16:04:13,50111-482,0,,501110482,50111,482,Theophylline,active,20180706,7ead0af5-da03-4e84-8685-f469cfde4855.xml,,C42927,34391-3,,,LABELER,"Teva Pharmaceuticals USA, Inc.",C73584,NLM,TRUE,,10,,,TRUE,FALSE,FALSE,TRUE,TRUE
50111-0483-01_PART_1_OF_1_CHAL10_SB_333019E0.jpg,50111-0483-01,483,TRUE,FALSE,FALSE,fcn_mix_weight/dr_224/50111-0483-01_PART_1_OF_1_CHAL10_SB_333019E0.jpg,50111-0483-01_333019E0,20246,TRUE,10/17/2017 05:30:48 PM,2020-02-10 17:15:32,d70152c7-9da5-4096-ac5b-c8118cf48500-50111-483-0,d70152c7-9da5-4096-ac5b-c8118cf48500,10,,C48348,ROUND,,2,,PLIVA;483,,C48325,WHITE,,THEOPHYLLINE ANHYDROUS 100 mg;,THEOPHYLLINE ANHYDROUS[THEOPHYLLINE ANHYDROUS];,HYPROMELLOSE 2208 (100 MPA.S);HYPROMELLOSE 2208 (100000 MPA.S);ANHYDROUS LACTOSE;MAGNESIUM STEARATE;POVIDONE K30;,HRX,SCD,theophylline 100 MG Extended Release Oral Tablet,237178,2020-02-10 16:29:09,50111-483,0,,501110483,50111,483,Theophylline,active,20180706,7ead0af5-da03-4e84-8685-f469cfde4855.xml,,C42927,34391-3,,,LABELER,"Teva Pharmaceuticals USA, Inc.",C73584,NLM,TRUE,,10,,,TRUE,FALSE,FALSE,TRUE,TRUE
50111-0483-01_PART_1_OF_1_CHAL10_SF_333019E0.jpg,50111-0483-01,483,TRUE,TRUE,FALSE,fcn_mix_weight/dr_224/50111-0483-01_PART_1_OF_1_CHAL10_SF_333019E0.jpg,50111-0483-01_333019E0,20246,TRUE,10/17/2017 05:30:48 PM,2020-02-10 17:15:32,d70152c7-9da5-4096-ac5b-c8118cf48500-50111-483-0,d70152c7-9da5-4096-ac5b-c8118cf48500,10,,C48348,ROUND,,2,,PLIVA;483,,C48325,WHITE,,THEOPHYLLINE ANHYDROUS 100 mg;,THEOPHYLLINE ANHYDROUS[THEOPHYLLINE ANHYDROUS];,HYPROMELLOSE 2208 (100 MPA.S);HYPROMELLOSE 2208 (100000 MPA.S);ANHYDROUS LACTOSE;MAGNESIUM STEARATE;POVIDONE K30;,HRX,SCD,theophylline 100 MG Extended Release Oral Tablet,237178,2020-02-10 16:29:09,50111-483,0,,501110483,50111,483,Theophylline,active,20180706,7ead0af5-da03-4e84-8685-f469cfde4855.xml,,C42927,34391-3,,,LABELER,"Teva Pharmaceuticals USA, Inc.",C73584,NLM,TRUE,,10,,,TRUE,FALSE,FALSE,TRUE,TRUE
50111-0518-01_PART_1_OF_1_CHAL10_SB_A82FD45E.jpg,50111-0518-01,518,TRUE,FALSE,FALSE,fcn_mix_weight/dr_224/50111-0518-01_PART_1_OF_1_CHAL10_SB_A82FD45E.jpg,50111-0518-01_A82FD45E,45621,TRUE,10/17/2017 05:32:40 PM,2020-02-10 17:07:14,d70152c7-9da5-4096-ac5b-c8118cf48500-50111-518-0,d70152c7-9da5-4096-ac5b-c8118cf48500,19,,C48345,OVAL,,2,,PLIVA;518,,C48325,WHITE,,THEOPHYLLINE ANHYDROUS 450 mg;,THEOPHYLLINE ANHYDROUS[THEOPHYLLINE ANHYDROUS];,HYPROMELLOSE 2208 (100 MPA.S);ANHYDROUS LACTOSE;MAGNESIUM STEARATE;POVIDONE;,HRX,SCD,theophylline 450 MG Extended Release Oral Tablet,314241,2020-02-10 15:43:21,50111-518,0,,501110518,50111,518,Theophylline,active,20180706,7ead0af5-da03-4e84-8685-f469cfde4855.xml,,C42927,34391-3,,,LABELER,"Teva Pharmaceuticals USA, Inc.",C73584,NLM,TRUE,,10,,,TRUE,FALSE,FALSE,TRUE,TRUE
50111-0518-01_PART_1_OF_1_CHAL10_SF_A82FD45E.jpg,50111-0518-01,518,TRUE,TRUE,FALSE,fcn_mix_weight/dr_224/50111-0518-01_PART_1_OF_1_CHAL10_SF_A82FD45E.jpg,50111-0518-01_A82FD45E,45621,TRUE,10/17/2017 05:32:40 PM,2020-02-10 17:07:14,d70152c7-9da5-4096-ac5b-c8118cf48500-50111-518-0,d70152c7-9da5-4096-ac5b-c8118cf48500,19,,C48345,OVAL,,2,,PLIVA;518,,C48325,WHITE,,THEOPHYLLINE ANHYDROUS 450 mg;,THEOPHYLLINE ANHYDROUS[THEOPHYLLINE ANHYDROUS];,HYPROMELLOSE 2208 (100 MPA.S);ANHYDROUS LACTOSE;MAGNESIUM STEARATE;POVIDONE;,HRX,SCD,theophylline 450 MG Extended Release Oral Tablet,314241,2020-02-10 15:43:21,50111-518,0,,501110518,50111,518,Theophylline,active,20180706,7ead0af5-da03-4e84-8685-f469cfde4855.xml,,C42927,34391-3,,,LABELER,"Teva Pharmaceuticals USA, Inc.",C73584,NLM,TRUE,,10,,,TRUE,FALSE,FALSE,TRUE,TRUE
50111-0563-01_PART_1_OF_1_CHAL10_SB_4B3025E1.jpg,50111-0563-01,563,TRUE,FALSE,FALSE,fcn_mix_weight/dr_224/50111-0563-01_PART_1_OF_1_CHAL10_SB_4B3025E1.jpg,50111-0563-01_4B3025E1,21243,TRUE,10/17/2017 05:30:52 PM,10/17/2017 05:30:52 PM,a88fa950-23d9-49fd-9340-b38a357760bf-50111-563-0,a88fa950-23d9-49fd-9340-b38a357760bf,8,,C48348,ROUND,,1,,PLIVA;563,,C48330,YELLOW,,CYCLOBENZAPRINE HYDROCHLORIDE 10 mg;,CYCLOBENZAPRINE HYDROCHLORIDE[CYCLOBENZAPRINE];,"ANHYDROUS LACTOSE;CARNAUBA WAX;STARCH, CORN;CROSPOVIDONE;HYPROMELLOSE 2910 (3 MPA.S);HYPROMELLOSE 2910 (6 MPA.S);MAGNESIUM STEARATE;POLYETHYLENE GLYCOL 400;POLYETHYLENE GLYCOL 8000;POLYSORBATE 80;TITANIUM DIOXIDE;D&C YELLOW NO. 10;ALUMINUM OXIDE;FD&C BLUE NO. 2;FD&C YELLOW NO. 6;",HRX,,Cyclobenzaprine hydrochloride 10 MG Oral Tablet,828348,,50111-563,0,,501110563,50111,563,Cyclobenzaprine Hydrochloride,active,20130724,8c5b9804-2e8b-4e96-95b3-75d13d6ca1e2.xml,,C42931,34391-3,,,LABELER,Pliva Inc.,C73584,NLM,TRUE,,6,,,FALSE,TRUE,FALSE,TRUE,TRUE
50111-0563-01_PART_1_OF_1_CHAL10_SB_6B243581.jpg,50111-0563-01,563,TRUE,FALSE,FALSE,fcn_mix_weight/dr_224/50111-0563-01_PART_1_OF_1_CHAL10_SB_6B243581.jpg,50111-0563-01_6B243581,21243,TRUE,10/17/2017 05:30:52 PM,10/17/2017 05:30:52 PM,a88fa950-23d9-49fd-9340-b38a357760bf-50111-563-0,a88fa950-23d9-49fd-9340-b38a357760bf,8,,C48348,ROUND,,1,,PLIVA;563,,C48330,YELLOW,,CYCLOBENZAPRINE HYDROCHLORIDE 10 mg;,CYCLOBENZAPRINE HYDROCHLORIDE[CYCLOBENZAPRINE];,"ANHYDROUS LACTOSE;CARNAUBA WAX;STARCH, CORN;CROSPOVIDONE;HYPROMELLOSE 2910 (3 MPA.S);HYPROMELLOSE 2910 (6 MPA.S);MAGNESIUM STEARATE;POLYETHYLENE GLYCOL 400;POLYETHYLENE GLYCOL 8000;POLYSORBATE 80;TITANIUM DIOXIDE;D&C YELLOW NO. 10;ALUMINUM OXIDE;FD&C BLUE NO. 2;FD&C YELLOW NO. 6;",HRX,,Cyclobenzaprine hydrochloride 10 MG Oral Tablet,828348,,50111-563,0,,501110563,50111,563,Cyclobenzaprine Hydrochloride,active,20130724,8c5b9804-2e8b-4e96-95b3-75d13d6ca1e2.xml,,C42931,34391-3,,,LABELER,Pliva Inc.,C73584,NLM,TRUE,,6,,,FALSE,TRUE,FALSE,TRUE,TRUE
50111-0563-01_PART_1_OF_1_CHAL10_SF_4B3025E1.jpg,50111-0563-01,563,TRUE,TRUE,FALSE,fcn_mix_weight/dr_224/50111-0563-01_PART_1_OF_1_CHAL10_SF_4B3025E1.jpg,50111-0563-01_4B3025E1,21243,TRUE,10/17/2017 05:30:52 PM,10/17/2017 05:30:52 PM,a88fa950-23d9-49fd-9340-b38a357760bf-50111-563-0,a88fa950-23d9-49fd-9340-b38a357760bf,8,,C48348,ROUND,,1,,PLIVA;563,,C48330,YELLOW,,CYCLOBENZAPRINE HYDROCHLORIDE 10 mg;,CYCLOBENZAPRINE HYDROCHLORIDE[CYCLOBENZAPRINE];,"ANHYDROUS LACTOSE;CARNAUBA WAX;STARCH, CORN;CROSPOVIDONE;HYPROMELLOSE 2910 (3 MPA.S);HYPROMELLOSE 2910 (6 MPA.S);MAGNESIUM STEARATE;POLYETHYLENE GLYCOL 400;POLYETHYLENE GLYCOL 8000;POLYSORBATE 80;TITANIUM DIOXIDE;D&C YELLOW NO. 10;ALUMINUM OXIDE;FD&C BLUE NO. 2;FD&C YELLOW NO. 6;",HRX,,Cyclobenzaprine hydrochloride 10 MG Oral Tablet,828348,,50111-563,0,,501110563,50111,563,Cyclobenzaprine Hydrochloride,active,20130724,8c5b9804-2e8b-4e96-95b3-75d13d6ca1e2.xml,,C42931,34391-3,,,LABELER,Pliva Inc.,C73584,NLM,TRUE,,6,,,FALSE,TRUE,FALSE,TRUE,TRUE
50111-0563-01_PART_1_OF_1_CHAL10_SF_6B243581.jpg,50111-0563-01,563,TRUE,TRUE,FALSE,fcn_mix_weight/dr_224/50111-0563-01_PART_1_OF_1_CHAL10_SF_6B243581.jpg,50111-0563-01_6B243581,21243,TRUE,10/17/2017 05:30:52 PM,10/17/2017 05:30:52 PM,a88fa950-23d9-49fd-9340-b38a357760bf-50111-563-0,a88fa950-23d9-49fd-9340-b38a357760bf,8,,C48348,ROUND,,1,,PLIVA;563,,C48330,YELLOW,,CYCLOBENZAPRINE HYDROCHLORIDE 10 mg;,CYCLOBENZAPRINE HYDROCHLORIDE[CYCLOBENZAPRINE];,"ANHYDROUS LACTOSE;CARNAUBA WAX;STARCH, CORN;CROSPOVIDONE;HYPROMELLOSE 2910 (3 MPA.S);HYPROMELLOSE 2910 (6 MPA.S);MAGNESIUM STEARATE;POLYETHYLENE GLYCOL 400;POLYETHYLENE GLYCOL 8000;POLYSORBATE 80;TITANIUM DIOXIDE;D&C YELLOW NO. 10;ALUMINUM OXIDE;FD&C BLUE NO. 2;FD&C YELLOW NO. 6;",HRX,,Cyclobenzaprine hydrochloride 10 MG Oral Tablet,828348,,50111-563,0,,501110563,50111,563,Cyclobenzaprine Hydrochloride,active,20130724,8c5b9804-2e8b-4e96-95b3-75d13d6ca1e2.xml,,C42931,34391-3,,,LABELER,Pliva Inc.,C73584,NLM,TRUE,,6,,,FALSE,TRUE,FALSE,TRUE,TRUE
50111-0647-01_PART_1_OF_1_CHAL10_SB_893044A2.jpg,50111-0647-01,647,TRUE,FALSE,FALSE,fcn_mix_weight/dr_224/50111-0647-01_PART_1_OF_1_CHAL10_SB_893044A2.jpg,50111-0647-01_893044A2,22599,TRUE,10/17/2017 05:30:58 PM,2020-02-10 17:16:26,1a2a5194-b793-4c62-a177-040dad38526b-63187-233-0,1a2a5194-b793-4c62-a177-040dad38526b,16,,C48336,CAPSULE,,1,,PLIVA;647;PLIVA;647,,C48325,WHITE,GREEN,FLUOXETINE HYDROCHLORIDE 10 mg;,FLUOXETINE HYDROCHLORIDE[FLUOXETINE];,"AMMONIA;D&C YELLOW NO. 10;ALUMINUM OXIDE;FD&C BLUE NO. 1;GELATIN, UNSPECIFIED;MAGNESIUM STEARATE;STARCH, CORN;PROPYLENE GLYCOL;SHELLAC;TITANIUM DIOXIDE;",HRX,SCD,fluoxetine 10 MG Oral Capsule,310384,2020-02-10 15:58:47,63187-233,0,,631870233,63187,233,Fluoxetine,active,20190101,4cfcbfa3-d555-4d71-af04-f62a00facdd4.xml,50111-647,C25158,,,,LABELER,Proficient Rx LP,C73584,SPL,TRUE,1,2,,,TRUE,FALSE,FALSE,TRUE,TRUE
50111-0647-01_PART_1_OF_1_CHAL10_SF_893044A2.jpg,50111-0647-01,647,TRUE,TRUE,FALSE,fcn_mix_weight/dr_224/50111-0647-01_PART_1_OF_1_CHAL10_SF_893044A2.jpg,50111-0647-01_893044A2,22599,TRUE,10/17/2017 05:30:58 PM,2020-02-10 17:16:26,1a2a5194-b793-4c62-a177-040dad38526b-63187-233-0,1a2a5194-b793-4c62-a177-040dad38526b,16,,C48336,CAPSULE,,1,,PLIVA;647;PLIVA;647,,C48325,WHITE,GREEN,FLUOXETINE HYDROCHLORIDE 10 mg;,FLUOXETINE HYDROCHLORIDE[FLUOXETINE];,"AMMONIA;D&C YELLOW NO. 10;ALUMINUM OXIDE;FD&C BLUE NO. 1;GELATIN, UNSPECIFIED;MAGNESIUM STEARATE;STARCH, CORN;PROPYLENE GLYCOL;SHELLAC;TITANIUM DIOXIDE;",HRX,SCD,fluoxetine 10 MG Oral Capsule,310384,2020-02-10 15:58:47,63187-233,0,,631870233,63187,233,Fluoxetine,active,20190101,4cfcbfa3-d555-4d71-af04-f62a00facdd4.xml,50111-647,C25158,,,,LABELER,Proficient Rx LP,C73584,SPL,TRUE,1,2,,,TRUE,FALSE,FALSE,TRUE,TRUE
50111-0648-01_PART_1_OF_1_CHAL10_SB_6E303721.jpg,50111-0648-01,648,TRUE,FALSE,FALSE,fcn_mix_weight/dr_224/50111-0648-01_PART_1_OF_1_CHAL10_SB_6E303721.jpg,50111-0648-01_6E303721,33957,TRUE,10/17/2017 05:31:47 PM,2020-02-10 17:03:46,f1a9e2fc-f75a-46a6-82f1-c11fa0b281a2-66116-464-0,f1a9e2fc-f75a-46a6-82f1-c11fa0b281a2,16,,C48336,CAPSULE,,1,,PLIVA;648,,C48325,WHITE,,FLUOXETINE HYDROCHLORIDE 20 mg;,FLUOXETINE HYDROCHLORIDE[FLUOXETINE];,"AMMONIA;D&C YELLOW NO. 10;ALUMINUM OXIDE;FD&C BLUE NO. 1;GELATIN;STARCH, CORN;MAGNESIUM STEARATE;PROPYLENE GLYCOL;SHELLAC;TITANIUM DIOXIDE;",HRX,,,,2020-02-10 15:27:00,66116-464,0,,661160464,66116,464,Fluoxetine,active,20130815,f1a9e2fc-f75a-46a6-82f1-c11fa0b281a2.xml,50111-648,C25158,34391-3,,,LABELER,"MedVantx, Inc.",C73584,SPL,TRUE,1,1,,,TRUE,FALSE,FALSE,FALSE,TRUE
50111-0648-01_PART_1_OF_1_CHAL10_SF_6E303721.jpg,50111-0648-01,648,TRUE,TRUE,FALSE,fcn_mix_weight/dr_224/50111-0648-01_PART_1_OF_1_CHAL10_SF_6E303721.jpg,50111-0648-01_6E303721,33957,TRUE,10/17/2017 05:31:47 PM,2020-02-10 17:03:46,f1a9e2fc-f75a-46a6-82f1-c11fa0b281a2-66116-464-0,f1a9e2fc-f75a-46a6-82f1-c11fa0b281a2,16,,C48336,CAPSULE,,1,,PLIVA;648,,C48325,WHITE,,FLUOXETINE HYDROCHLORIDE 20 mg;,FLUOXETINE HYDROCHLORIDE[FLUOXETINE];,"AMMONIA;D&C YELLOW NO. 10;ALUMINUM OXIDE;FD&C BLUE NO. 1;GELATIN;STARCH, CORN;MAGNESIUM STEARATE;PROPYLENE GLYCOL;SHELLAC;TITANIUM DIOXIDE;",HRX,,,,2020-02-10 15:27:00,66116-464,0,,661160464,66116,464,Fluoxetine,active,20130815,f1a9e2fc-f75a-46a6-82f1-c11fa0b281a2.xml,50111-648,C25158,34391-3,,,LABELER,"MedVantx, Inc.",C73584,SPL,TRUE,1,1,,,TRUE,FALSE,FALSE,FALSE,TRUE
50111-0852-01_PART_1_OF_1_CHAL10_SB_0D2306B8.jpg,50111-0852-01,852,TRUE,FALSE,FALSE,fcn_mix_weight/dr_224/50111-0852-01_PART_1_OF_1_CHAL10_SB_0D2306B8.jpg,50111-0852-01_0D2306B8,5416,TRUE,10/17/2017 05:29:44 PM,2020-02-10 17:05:36,740a1ae9-19f0-4a0f-a431-e4b9ffb9381a-50111-852-0,740a1ae9-19f0-4a0f-a431-e4b9ffb9381a,19,,C48345,OVAL,,1,,PA2120,,C48325,WHITE,,VALPROIC ACID 250 mg;,VALPROIC ACID [VALPROIC ACID ];,CORN OIL;FD&C BLUE NO. 1;GELATIN;GLYCERIN;WATER;TITANIUM DIOXIDE;,HRX,,,,2020-02-10 15:35:10,50111-852,0,,501110852,50111,852,VALPROIC ACID,active,20150305,6860b9b2-35b5-488f-93f8-6f8bb21bde35.xml,10888-2120,C42954,34391-3,,,LABELER,Pliva Inc.,C73584,NLM,TRUE,1,19,,,TRUE,FALSE,FALSE,TRUE,TRUE
50111-0852-01_PART_1_OF_1_CHAL10_SB_7B303DB1.jpg,50111-0852-01,852,TRUE,FALSE,FALSE,fcn_mix_weight/dr_224/50111-0852-01_PART_1_OF_1_CHAL10_SB_7B303DB1.jpg,50111-0852-01_7B303DB1,5416,TRUE,10/17/2017 05:29:44 PM,2020-02-10 17:05:36,740a1ae9-19f0-4a0f-a431-e4b9ffb9381a-50111-852-0,740a1ae9-19f0-4a0f-a431-e4b9ffb9381a,19,,C48345,OVAL,,1,,PA2120,,C48325,WHITE,,VALPROIC ACID 250 mg;,VALPROIC ACID [VALPROIC ACID ];,CORN OIL;FD&C BLUE NO. 1;GELATIN;GLYCERIN;WATER;TITANIUM DIOXIDE;,HRX,,,,2020-02-10 15:35:10,50111-852,0,,501110852,50111,852,VALPROIC ACID,active,20150305,6860b9b2-35b5-488f-93f8-6f8bb21bde35.xml,10888-2120,C42954,34391-3,,,LABELER,Pliva Inc.,C73584,NLM,TRUE,1,19,,,TRUE,FALSE,FALSE,TRUE,TRUE
50111-0852-01_PART_1_OF_1_CHAL10_SF_0D2306B8.jpg,50111-0852-01,852,TRUE,TRUE,FALSE,fcn_mix_weight/dr_224/50111-0852-01_PART_1_OF_1_CHAL10_SF_0D2306B8.jpg,50111-0852-01_0D2306B8,5416,TRUE,10/17/2017 05:29:44 PM,2020-02-10 17:05:36,740a1ae9-19f0-4a0f-a431-e4b9ffb9381a-50111-852-0,740a1ae9-19f0-4a0f-a431-e4b9ffb9381a,19,,C48345,OVAL,,1,,PA2120,,C48325,WHITE,,VALPROIC ACID 250 mg;,VALPROIC ACID [VALPROIC ACID ];,CORN OIL;FD&C BLUE NO. 1;GELATIN;GLYCERIN;WATER;TITANIUM DIOXIDE;,HRX,,,,2020-02-10 15:35:10,50111-852,0,,501110852,50111,852,VALPROIC ACID,active,20150305,6860b9b2-35b5-488f-93f8-6f8bb21bde35.xml,10888-2120,C42954,34391-3,,,LABELER,Pliva Inc.,C73584,NLM,TRUE,1,19,,,TRUE,FALSE,FALSE,TRUE,TRUE
50111-0852-01_PART_1_OF_1_CHAL10_SF_7B303DB1.jpg,50111-0852-01,852,TRUE,TRUE,FALSE,fcn_mix_weight/dr_224/50111-0852-01_PART_1_OF_1_CHAL10_SF_7B303DB1.jpg,50111-0852-01_7B303DB1,5416,TRUE,10/17/2017 05:29:44 PM,2020-02-10 17:05:36,740a1ae9-19f0-4a0f-a431-e4b9ffb9381a-50111-852-0,740a1ae9-19f0-4a0f-a431-e4b9ffb9381a,19,,C48345,OVAL,,1,,PA2120,,C48325,WHITE,,VALPROIC ACID 250 mg;,VALPROIC ACID [VALPROIC ACID ];,CORN OIL;FD&C BLUE NO. 1;GELATIN;GLYCERIN;WATER;TITANIUM DIOXIDE;,HRX,,,,2020-02-10 15:35:10,50111-852,0,,501110852,50111,852,VALPROIC ACID,active,20150305,6860b9b2-35b5-488f-93f8-6f8bb21bde35.xml,10888-2120,C42954,34391-3,,,LABELER,Pliva Inc.,C73584,NLM,TRUE,1,19,,,TRUE,FALSE,FALSE,TRUE,TRUE
50111-0884-05_PART_1_OF_1_CHAL10_SB_68303421.jpg,50111-0884-05,884,TRUE,FALSE,FALSE,fcn_mix_weight/dr_224/50111-0884-05_PART_1_OF_1_CHAL10_SB_68303421.jpg,50111-0884-05_68303421,22139,TRUE,10/17/2017 05:30:56 PM,10/17/2017 05:30:56 PM,25ef25b3-477b-40a4-afc3-04d2333ce709-50111-884-0,25ef25b3-477b-40a4-afc3-04d2333ce709,19,,C48336,CAPSULE,,1,,375;mg;PLIVA,,C48329,GREEN,,METRONIDAZOLE 375 mg,METRONIDAZOLE[METRONIDAZOLE],"STARCH, CORN / GELATIN / MAGNESIUM STEARATE / TITANIUM DIOXIDE / FD&C GREEN NO. 3 / PROPYLENE GLYCOL / FD&C BLUE NO. 2 / FD&C RED NO. 40 / FD&C BLUE NO. 1 / D&C YELLOW NO. 10",HRX,,Metronidazole 375 MG Oral Capsule,199055,,50111-884,0,,501110884,50111,884,Metronidazole,completed,20130412,b0407520-29ba-4a46-8cfa-240751e97493.xml,,C25158,34391-3,,,LABELER,Pliva,C73584,NLM,TRUE,,9,,,FALSE,TRUE,FALSE,TRUE,TRUE
50111-0884-05_PART_1_OF_1_CHAL10_SF_68303421.jpg,50111-0884-05,884,TRUE,TRUE,FALSE,fcn_mix_weight/dr_224/50111-0884-05_PART_1_OF_1_CHAL10_SF_68303421.jpg,50111-0884-05_68303421,22139,TRUE,10/17/2017 05:30:56 PM,10/17/2017 05:30:56 PM,25ef25b3-477b-40a4-afc3-04d2333ce709-50111-884-0,25ef25b3-477b-40a4-afc3-04d2333ce709,19,,C48336,CAPSULE,,1,,375;mg;PLIVA,,C48329,GREEN,,METRONIDAZOLE 375 mg,METRONIDAZOLE[METRONIDAZOLE],"STARCH, CORN / GELATIN / MAGNESIUM STEARATE / TITANIUM DIOXIDE / FD&C GREEN NO. 3 / PROPYLENE GLYCOL / FD&C BLUE NO. 2 / FD&C RED NO. 40 / FD&C BLUE NO. 1 / D&C YELLOW NO. 10",HRX,,Metronidazole 375 MG Oral Capsule,199055,,50111-884,0,,501110884,50111,884,Metronidazole,completed,20130412,b0407520-29ba-4a46-8cfa-240751e97493.xml,,C25158,34391-3,,,LABELER,Pliva,C73584,NLM,TRUE,,9,,,FALSE,TRUE,FALSE,TRUE,TRUE
50419-0488-58_PART_1_OF_1_CHAL10_SB_1C190E68.jpg,50419-0488-58,488,TRUE,FALSE,FALSE,fcn_mix_weight/dr_224/50419-0488-58_PART_1_OF_1_CHAL10_SB_1C190E68.jpg,50419-0488-58_1C190E68,19006,TRUE,10/17/2017 05:30:42 PM,2020-02-10 17:03:10,b50667e4-5ebc-4968-a646-d605058dbef0-50419-488-0,b50667e4-5ebc-4968-a646-d605058dbef0,10,,C48348,ROUND,,1,,200,BAYER,C48326,RED,,SORAFENIB 200 mg;,SORAFENIB[SORAFENIB];,"CROSCARMELLOSE SODIUM;MICROCRYSTALLINE CELLULOSE;HYPROMELLOSE, UNSPECIFIED;SODIUM LAURYL SULFATE;MAGNESIUM STEARATE;POLYETHYLENE GLYCOL, UNSPECIFIED;TITANIUM DIOXIDE;FERRIC OXIDE RED;",HRX,SBD,sorafenib 200 MG Oral Tablet [Nexavar],615979,2020-02-10 15:24:11,50419-488,0,,504190488,50419,488,Nexavar,active,20200709,3db4151b-cede-4ceb-a617-3778f9ea8474.xml,,C42931,34391-3,,,LABELER,Bayer HealthCare Pharmaceuticals Inc.,C73594,NLM,TRUE,,35,,,TRUE,FALSE,FALSE,TRUE,TRUE
50419-0488-58_PART_1_OF_1_CHAL10_SF_1C190E68.jpg,50419-0488-58,488,TRUE,TRUE,FALSE,fcn_mix_weight/dr_224/50419-0488-58_PART_1_OF_1_CHAL10_SF_1C190E68.jpg,50419-0488-58_1C190E68,19006,TRUE,10/17/2017 05:30:42 PM,2020-02-10 17:03:10,b50667e4-5ebc-4968-a646-d605058dbef0-50419-488-0,b50667e4-5ebc-4968-a646-d605058dbef0,10,,C48348,ROUND,,1,,200,BAYER,C48326,RED,,SORAFENIB 200 mg;,SORAFENIB[SORAFENIB];,"CROSCARMELLOSE SODIUM;MICROCRYSTALLINE CELLULOSE;HYPROMELLOSE, UNSPECIFIED;SODIUM LAURYL SULFATE;MAGNESIUM STEARATE;POLYETHYLENE GLYCOL, UNSPECIFIED;TITANIUM DIOXIDE;FERRIC OXIDE RED;",HRX,SBD,sorafenib 200 MG Oral Tablet [Nexavar],615979,2020-02-10 15:24:11,50419-488,0,,504190488,50419,488,Nexavar,active,20200709,3db4151b-cede-4ceb-a617-3778f9ea8474.xml,,C42931,34391-3,,,LABELER,Bayer HealthCare Pharmaceuticals Inc.,C73594,NLM,TRUE,,35,,,TRUE,FALSE,FALSE,TRUE,TRUE
50458-0551-01_PART_1_OF_1_CHAL10_SB_0F1607A0.jpg,50458-0551-01,551,TRUE,FALSE,FALSE,fcn_mix_weight/dr_224/50458-0551-01_PART_1_OF_1_CHAL10_SB_0F1607A0.jpg,50458-0551-01_0F1607A0,17951,TRUE,10/17/2017 05:30:38 PM,2020-02-10 17:09:00,7b8e5b26-b9e4-4704-921b-3c3c0d159916-50458-551-0,7b8e5b26-b9e4-4704-921b-3c3c0d159916,11,,C48345,OVAL,,1,,PAL;6,,C48332,BROWN,,paliperidone 6 mg;,paliperidone[paliperidone];,"carnauba wax;cellulose acetate;polyethylene glycol, unspecified;propylene glycol;povidone, unspecified;sodium chloride;stearic acid;butylated hydroxytoluene;hypromellose, unspecified;titanium dioxide;ferrosoferric oxide;",HRX,SBD,24 HR paliperidone 6 MG Extended Release Oral Tablet [Invega],686443,2020-02-10 15:53:13,50458-551,0,,504580551,50458,551,INVEGA,active,20200914,df1ccd3e-6399-11ea-9dfe-9612fc2ca371.xml,,C42927,34391-3,,,LABELER,"Janssen Pharmaceuticals, Inc.",C73594,NLM,TRUE,,33,,,TRUE,FALSE,FALSE,TRUE,TRUE
50458-0551-01_PART_1_OF_1_CHAL10_SF_0F1607A0.jpg,50458-0551-01,551,TRUE,TRUE,FALSE,fcn_mix_weight/dr_224/50458-0551-01_PART_1_OF_1_CHAL10_SF_0F1607A0.jpg,50458-0551-01_0F1607A0,17951,TRUE,10/17/2017 05:30:38 PM,2020-02-10 17:09:00,7b8e5b26-b9e4-4704-921b-3c3c0d159916-50458-551-0,7b8e5b26-b9e4-4704-921b-3c3c0d159916,11,,C48345,OVAL,,1,,PAL;6,,C48332,BROWN,,paliperidone 6 mg;,paliperidone[paliperidone];,"carnauba wax;cellulose acetate;polyethylene glycol, unspecified;propylene glycol;povidone, unspecified;sodium chloride;stearic acid;butylated hydroxytoluene;hypromellose, unspecified;titanium dioxide;ferrosoferric oxide;",HRX,SBD,24 HR paliperidone 6 MG Extended Release Oral Tablet [Invega],686443,2020-02-10 15:53:13,50458-551,0,,504580551,50458,551,INVEGA,active,20200914,df1ccd3e-6399-11ea-9dfe-9612fc2ca371.xml,,C42927,34391-3,,,LABELER,"Janssen Pharmaceuticals, Inc.",C73594,NLM,TRUE,,33,,,TRUE,FALSE,FALSE,TRUE,TRUE
50458-0579-30_PART_1_OF_1_CHAL10_SB_8F1DC7FE.jpg,50458-0579-30,579,TRUE,FALSE,FALSE,fcn_mix_weight/dr_224/50458-0579-30_PART_1_OF_1_CHAL10_SB_8F1DC7FE.jpg,50458-0579-30_8F1DC7FE,15079,TRUE,10/17/2017 05:30:25 PM,2020-02-10 17:04:02,10db92f9-2300-4a80-836b-673e1ae91610-50458-579-0,10db92f9-2300-4a80-836b-673e1ae91610,7,,C48353,TRIANGLE,,1,,20;Xa,,C48326,RED,,rivaroxaban 20 mg;,rivaroxaban[rivaroxaban];,"microcrystalline cellulose;croscarmellose sodium;hypromellose, unspecified;lactose monohydrate;magnesium stearate;sodium lauryl sulfate;polyethylene glycol 3350;titanium dioxide;ferric oxide red;",HRX,SBD,rivaroxaban 20 MG Oral Tablet [Xarelto],1232088,2020-02-10 15:28:22,50458-579,0,,504580579,50458,579,Xarelto,active,20200415,6345410a-638a-11ea-99f9-09e4fb2ca371.xml,,C42931,34391-3,,,LABELER,"Janssen Pharmaceuticals, Inc.",C73594,NLM,TRUE,,45,,,TRUE,FALSE,FALSE,TRUE,TRUE
50458-0579-30_PART_1_OF_1_CHAL10_SF_8F1DC7FE.jpg,50458-0579-30,579,TRUE,TRUE,FALSE,fcn_mix_weight/dr_224/50458-0579-30_PART_1_OF_1_CHAL10_SF_8F1DC7FE.jpg,50458-0579-30_8F1DC7FE,15079,TRUE,10/17/2017 05:30:25 PM,2020-02-10 17:04:02,10db92f9-2300-4a80-836b-673e1ae91610-50458-579-0,10db92f9-2300-4a80-836b-673e1ae91610,7,,C48353,TRIANGLE,,1,,20;Xa,,C48326,RED,,rivaroxaban 20 mg;,rivaroxaban[rivaroxaban];,"microcrystalline cellulose;croscarmellose sodium;hypromellose, unspecified;lactose monohydrate;magnesium stearate;sodium lauryl sulfate;polyethylene glycol 3350;titanium dioxide;ferric oxide red;",HRX,SBD,rivaroxaban 20 MG Oral Tablet [Xarelto],1232088,2020-02-10 15:28:22,50458-579,0,,504580579,50458,579,Xarelto,active,20200415,6345410a-638a-11ea-99f9-09e4fb2ca371.xml,,C42931,34391-3,,,LABELER,"Janssen Pharmaceuticals, Inc.",C73594,NLM,TRUE,,45,,,TRUE,FALSE,FALSE,TRUE,TRUE
50458-0580-30_PART_1_OF_1_CHAL10_SB_791DBCBD.jpg,50458-0580-30,580,TRUE,FALSE,FALSE,fcn_mix_weight/dr_224/50458-0580-30_PART_1_OF_1_CHAL10_SB_791DBCBD.jpg,50458-0580-30_791DBCBD,21388,TRUE,10/17/2017 05:30:52 PM,2020-02-10 17:12:58,10db92f9-2300-4a80-836b-673e1ae91610-50458-580-0,10db92f9-2300-4a80-836b-673e1ae91610,6,,C48348,ROUND,,1,,10;Xa,,C48326,RED,,rivaroxaban 10 mg;,rivaroxaban[rivaroxaban];,"microcrystalline cellulose;croscarmellose sodium;hypromellose, unspecified;lactose monohydrate;magnesium stearate;sodium lauryl sulfate;polyethylene glycol 3350;titanium dioxide;ferric oxide red;",HRX,SBD,rivaroxaban 10 MG Oral Tablet [Xarelto],1114202,2020-02-10 16:15:32,50458-580,0,,504580580,50458,580,Xarelto,active,20200415,6345410a-638a-11ea-99f9-09e4fb2ca371.xml,,C42931,34391-3,,,LABELER,"Janssen Pharmaceuticals, Inc.",C73594,NLM,TRUE,,45,,,TRUE,FALSE,FALSE,TRUE,TRUE
50458-0580-30_PART_1_OF_1_CHAL10_SF_791DBCBD.jpg,50458-0580-30,580,TRUE,TRUE,FALSE,fcn_mix_weight/dr_224/50458-0580-30_PART_1_OF_1_CHAL10_SF_791DBCBD.jpg,50458-0580-30_791DBCBD,21388,TRUE,10/17/2017 05:30:52 PM,2020-02-10 17:12:58,10db92f9-2300-4a80-836b-673e1ae91610-50458-580-0,10db92f9-2300-4a80-836b-673e1ae91610,6,,C48348,ROUND,,1,,10;Xa,,C48326,RED,,rivaroxaban 10 mg;,rivaroxaban[rivaroxaban];,"microcrystalline cellulose;croscarmellose sodium;hypromellose, unspecified;lactose monohydrate;magnesium stearate;sodium lauryl sulfate;polyethylene glycol 3350;titanium dioxide;ferric oxide red;",HRX,SBD,rivaroxaban 10 MG Oral Tablet [Xarelto],1114202,2020-02-10 16:15:32,50458-580,0,,504580580,50458,580,Xarelto,active,20200415,6345410a-638a-11ea-99f9-09e4fb2ca371.xml,,C42931,34391-3,,,LABELER,"Janssen Pharmaceuticals, Inc.",C73594,NLM,TRUE,,45,,,TRUE,FALSE,FALSE,TRUE,TRUE
50458-0925-50_PART_1_OF_1_CHAL10_SB_741B3A59.jpg,50458-0925-50,925,TRUE,FALSE,FALSE,fcn_mix_weight/dr_224/50458-0925-50_PART_1_OF_1_CHAL10_SB_741B3A59.jpg,50458-0925-50_741B3A59,23279,TRUE,10/17/2017 05:31:00 PM,2020-02-10 17:03:29,a1f01e8e-97e9-11de-b91d-553856d89593-50458-925-0,a1f01e8e-97e9-11de-b91d-553856d89593,18,,C48345,OVAL,,1,,LEVAQUIN;500,,C48331,ORANGE,,levofloxacin 500 mg;,levofloxacin[levofloxacin anhydrous];,"hypromellose, unspecified;crospovidone (15 mpa.s at 5%);microcrystalline cellulose;magnesium stearate;polyethylene glycol, unspecified;titanium dioxide;polysorbate 80;ferric oxide red;ferric oxide yellow;",HRX,SBD,levofloxacin 500 MG Oral Tablet [Levaquin],211816,2020-02-10 15:25:45,50458-925,0,,504580925,50458,925,Levaquin,completed,20200629,817d7024-6395-11ea-bb5c-abdcfb2ca371.xml,,C42931,34391-3,,,LABELER,"Janssen Pharmaceuticals, Inc.",C73594,NLM,TRUE,,28,,,TRUE,FALSE,FALSE,TRUE,TRUE
50458-0925-50_PART_1_OF_1_CHAL10_SF_741B3A59.jpg,50458-0925-50,925,TRUE,TRUE,FALSE,fcn_mix_weight/dr_224/50458-0925-50_PART_1_OF_1_CHAL10_SF_741B3A59.jpg,50458-0925-50_741B3A59,23279,TRUE,10/17/2017 05:31:00 PM,2020-02-10 17:03:29,a1f01e8e-97e9-11de-b91d-553856d89593-50458-925-0,a1f01e8e-97e9-11de-b91d-553856d89593,18,,C48345,OVAL,,1,,LEVAQUIN;500,,C48331,ORANGE,,levofloxacin 500 mg;,levofloxacin[levofloxacin anhydrous];,"hypromellose, unspecified;crospovidone (15 mpa.s at 5%);microcrystalline cellulose;magnesium stearate;polyethylene glycol, unspecified;titanium dioxide;polysorbate 80;ferric oxide red;ferric oxide yellow;",HRX,SBD,levofloxacin 500 MG Oral Tablet [Levaquin],211816,2020-02-10 15:25:45,50458-925,0,,504580925,50458,925,Levaquin,completed,20200629,817d7024-6395-11ea-bb5c-abdcfb2ca371.xml,,C42931,34391-3,,,LABELER,"Janssen Pharmaceuticals, Inc.",C73594,NLM,TRUE,,28,,,TRUE,FALSE,FALSE,TRUE,TRUE
51248-0151-03_PART_1_OF_1_CHAL10_SB_5A1DAD5D.jpg,51248-0151-03,151,TRUE,FALSE,FALSE,fcn_mix_weight/dr_224/51248-0151-03_PART_1_OF_1_CHAL10_SB_5A1DAD5D.jpg,51248-0151-03_5A1DAD5D,10332,TRUE,10/17/2017 05:30:06 PM,2020-02-10 17:11:36,9acee910-cdb2-4052-b8b3-c26aff1c8716-51248-151-0,9acee910-cdb2-4052-b8b3-c26aff1c8716,8,,C48348,ROUND,,1,,151,,C48328,PINK,,SOLIFENACIN SUCCINATE 10 mg;,SOLIFENACIN SUCCINATE[SOLIFENACIN];,,HRX,SBD,solifenacin succinate 10 MG Oral Tablet [Vesicare],539815,2020-02-10 16:07:41,51248-151,0,,512480151,51248,151,VESIcare,active,20200604,1d7a7ff5-31d2-4957-90e5-173d2200ddb1.xml,,C42931,34391-3,,,LABELER,"Astellas Pharma US, Inc.",C73594,NLM,TRUE,,25,,,TRUE,FALSE,FALSE,TRUE,TRUE
51248-0151-03_PART_1_OF_1_CHAL10_SF_5A1DAD5D.jpg,51248-0151-03,151,TRUE,TRUE,FALSE,fcn_mix_weight/dr_224/51248-0151-03_PART_1_OF_1_CHAL10_SF_5A1DAD5D.jpg,51248-0151-03_5A1DAD5D,10332,TRUE,10/17/2017 05:30:06 PM,2020-02-10 17:11:36,9acee910-cdb2-4052-b8b3-c26aff1c8716-51248-151-0,9acee910-cdb2-4052-b8b3-c26aff1c8716,8,,C48348,ROUND,,1,,151,,C48328,PINK,,SOLIFENACIN SUCCINATE 10 mg;,SOLIFENACIN SUCCINATE[SOLIFENACIN];,,HRX,SBD,solifenacin succinate 10 MG Oral Tablet [Vesicare],539815,2020-02-10 16:07:41,51248-151,0,,512480151,51248,151,VESIcare,active,20200604,1d7a7ff5-31d2-4957-90e5-173d2200ddb1.xml,,C42931,34391-3,,,LABELER,"Astellas Pharma US, Inc.",C73594,NLM,TRUE,,25,,,TRUE,FALSE,FALSE,TRUE,TRUE
51285-0079-97_PART_1_OF_1_CHAL10_SB_EE2F775B.jpg,51285-0079-97,79,TRUE,FALSE,FALSE,fcn_mix_weight/dr_224/51285-0079-97_PART_1_OF_1_CHAL10_SB_EE2F775B.jpg,51285-0079-97_EE2F775B,2483,TRUE,10/17/2017 05:29:31 PM,10/17/2017 05:29:31 PM,f40605cf-9933-40d9-915a-ea6dbc0f169f-51285-079-0,f40605cf-9933-40d9-915a-ea6dbc0f169f,6,,C48348,ROUND,,1,,b;977,,C48330,YELLOW,,NORETHINDRONE ACETATE 1 mg;ETHINYL ESTRADIOL 20 ug;,NORETHINDRONE ACETATE[NORETHINDRONE];ETHINYL ESTRADIOL[ETHINYL ESTRADIOL];,"ACACIA;SUCROSE;MALTODEXTRIN;D&C YELLOW NO. 10;ALUMINUM OXIDE;LACTOSE MONOHYDRATE;MAGNESIUM STEARATE;STARCH, CORN;",HRX,,{21 (Ethinyl Estradiol 0.02 MG / norethindrone acetate 1 MG Oral Tablet) } Pack [Loestrin 1/20 21 Day],1358781,,51285-079,0,,512850079,51285,79,LOESTRIN 1/20,completed,20140625,580cdf79-f9a2-47ee-b887-3592f86f82ef.xml,,C42998,34391-3,,,LABELER,"Teva Women's Health, Inc.",C73584,NLM,TRUE,,5,,,FALSE,TRUE,FALSE,TRUE,TRUE
51285-0079-97_PART_1_OF_1_CHAL10_SF_EE2F775B.jpg,51285-0079-97,79,TRUE,TRUE,FALSE,fcn_mix_weight/dr_224/51285-0079-97_PART_1_OF_1_CHAL10_SF_EE2F775B.jpg,51285-0079-97_EE2F775B,2483,TRUE,10/17/2017 05:29:31 PM,10/17/2017 05:29:31 PM,f40605cf-9933-40d9-915a-ea6dbc0f169f-51285-079-0,f40605cf-9933-40d9-915a-ea6dbc0f169f,6,,C48348,ROUND,,1,,b;977,,C48330,YELLOW,,NORETHINDRONE ACETATE 1 mg;ETHINYL ESTRADIOL 20 ug;,NORETHINDRONE ACETATE[NORETHINDRONE];ETHINYL ESTRADIOL[ETHINYL ESTRADIOL];,"ACACIA;SUCROSE;MALTODEXTRIN;D&C YELLOW NO. 10;ALUMINUM OXIDE;LACTOSE MONOHYDRATE;MAGNESIUM STEARATE;STARCH, CORN;",HRX,,{21 (Ethinyl Estradiol 0.02 MG / norethindrone acetate 1 MG Oral Tablet) } Pack [Loestrin 1/20 21 Day],1358781,,51285-079,0,,512850079,51285,79,LOESTRIN 1/20,completed,20140625,580cdf79-f9a2-47ee-b887-3592f86f82ef.xml,,C42998,34391-3,,,LABELER,"Teva Women's Health, Inc.",C73584,NLM,TRUE,,5,,,FALSE,TRUE,FALSE,TRUE,TRUE
51285-0080-70_PART_1_OF_2_CHAL10_SB_402FA00D.jpg,51285-0080-70,80,TRUE,FALSE,FALSE,fcn_mix_weight/dr_224/51285-0080-70_PART_1_OF_2_CHAL10_SB_402FA00D.jpg,51285-0080-70_402FA00D,39530,TRUE,10/17/2017 05:32:13 PM,10/17/2017 05:32:13 PM,f40605cf-9933-40d9-915a-ea6dbc0f169f-51285-080-1,f40605cf-9933-40d9-915a-ea6dbc0f169f,6,,C48348,ROUND,,1,,b;977,,C48330,YELLOW,,NORETHINDRONE ACETATE 1 mg;ETHINYL ESTRADIOL 20 ug;,NORETHINDRONE ACETATE[NORETHINDRONE];ETHINYL ESTRADIOL[ETHINYL ESTRADIOL];,"ACACIA;SUCROSE;MALTODEXTRIN;D&C YELLOW NO. 10;ALUMINUM OXIDE;LACTOSE MONOHYDRATE;MAGNESIUM STEARATE;STARCH, CORN;",HRX,,{21 (Ethinyl Estradiol 0.02 MG / norethindrone acetate 1 MG Oral Tablet) / 7 (Ferrous fumarate 75 MG Oral Tablet) } Pack [Loestrin Fe 1/20 28 Day],1358770,,51285-080,1,LOESTRIN Fe 1/20,512850080,51285,80,LOESTRIN Fe 1/20,completed,20140625,580cdf79-f9a2-47ee-b887-3592f86f82ef.xml,,C42998,34391-3,,,LABELER,"Teva Women's Health, Inc.",C73584,NLM,TRUE,,5,,,FALSE,TRUE,FALSE,TRUE,TRUE
51285-0080-70_PART_1_OF_2_CHAL10_SB_402FA00D.jpg,51285-0080-70,80,TRUE,FALSE,FALSE,fcn_mix_weight/dr_224/51285-0080-70_PART_1_OF_2_CHAL10_SB_402FA00D.jpg,51285-0080-70_402FA00D,13978,TRUE,10/17/2017 05:30:21 PM,10/17/2017 05:30:21 PM,f40605cf-9933-40d9-915a-ea6dbc0f169f-51285-080-2,f40605cf-9933-40d9-915a-ea6dbc0f169f,6,,C48348,ROUND,,1,,b;247,,C48332,BROWN,,FERROUS FUMARATE 75 mg;,FERROUS FUMARATE[];,"CROSPOVIDONE;HYDROGENATED COTTONSEED OIL;CELLULOSE, MICROCRYSTALLINE;",HRX,,{21 (Ethinyl Estradiol 0.02 MG / norethindrone acetate 1 MG Oral Tablet) / 7 (Ferrous fumarate 75 MG Oral Tablet) } Pack [Loestrin Fe 1/20 28 Day],1358770,,51285-080,2,Inert,512850080,51285,80,LOESTRIN Fe 1/20,completed,20140625,580cdf79-f9a2-47ee-b887-3592f86f82ef.xml,,C42998,34391-3,,,LABELER,"Teva Women's Health, Inc.",C73584,NLM,TRUE,,5,,,FALSE,TRUE,FALSE,TRUE,TRUE
51285-0080-70_PART_1_OF_2_CHAL10_SF_402FA00D.jpg,51285-0080-70,80,TRUE,TRUE,FALSE,fcn_mix_weight/dr_224/51285-0080-70_PART_1_OF_2_CHAL10_SF_402FA00D.jpg,51285-0080-70_402FA00D,39530,TRUE,10/17/2017 05:32:13 PM,10/17/2017 05:32:13 PM,f40605cf-9933-40d9-915a-ea6dbc0f169f-51285-080-1,f40605cf-9933-40d9-915a-ea6dbc0f169f,6,,C48348,ROUND,,1,,b;977,,C48330,YELLOW,,NORETHINDRONE ACETATE 1 mg;ETHINYL ESTRADIOL 20 ug;,NORETHINDRONE ACETATE[NORETHINDRONE];ETHINYL ESTRADIOL[ETHINYL ESTRADIOL];,"ACACIA;SUCROSE;MALTODEXTRIN;D&C YELLOW NO. 10;ALUMINUM OXIDE;LACTOSE MONOHYDRATE;MAGNESIUM STEARATE;STARCH, CORN;",HRX,,{21 (Ethinyl Estradiol 0.02 MG / norethindrone acetate 1 MG Oral Tablet) / 7 (Ferrous fumarate 75 MG Oral Tablet) } Pack [Loestrin Fe 1/20 28 Day],1358770,,51285-080,1,LOESTRIN Fe 1/20,512850080,51285,80,LOESTRIN Fe 1/20,completed,20140625,580cdf79-f9a2-47ee-b887-3592f86f82ef.xml,,C42998,34391-3,,,LABELER,"Teva Women's Health, Inc.",C73584,NLM,TRUE,,5,,,FALSE,TRUE,FALSE,TRUE,TRUE
51285-0080-70_PART_1_OF_2_CHAL10_SF_402FA00D.jpg,51285-0080-70,80,TRUE,TRUE,FALSE,fcn_mix_weight/dr_224/51285-0080-70_PART_1_OF_2_CHAL10_SF_402FA00D.jpg,51285-0080-70_402FA00D,13978,TRUE,10/17/2017 05:30:21 PM,10/17/2017 05:30:21 PM,f40605cf-9933-40d9-915a-ea6dbc0f169f-51285-080-2,f40605cf-9933-40d9-915a-ea6dbc0f169f,6,,C48348,ROUND,,1,,b;247,,C48332,BROWN,,FERROUS FUMARATE 75 mg;,FERROUS FUMARATE[];,"CROSPOVIDONE;HYDROGENATED COTTONSEED OIL;CELLULOSE, MICROCRYSTALLINE;",HRX,,{21 (Ethinyl Estradiol 0.02 MG / norethindrone acetate 1 MG Oral Tablet) / 7 (Ferrous fumarate 75 MG Oral Tablet) } Pack [Loestrin Fe 1/20 28 Day],1358770,,51285-080,2,Inert,512850080,51285,80,LOESTRIN Fe 1/20,completed,20140625,580cdf79-f9a2-47ee-b887-3592f86f82ef.xml,,C42998,34391-3,,,LABELER,"Teva Women's Health, Inc.",C73584,NLM,TRUE,,5,,,FALSE,TRUE,FALSE,TRUE,TRUE
51285-0080-70_PART_2_OF_2_CHAL10_SB_442FA21D.jpg,51285-0080-70,80,TRUE,FALSE,FALSE,fcn_mix_weight/dr_224/51285-0080-70_PART_2_OF_2_CHAL10_SB_442FA21D.jpg,51285-0080-70_442FA21D,39530,TRUE,10/17/2017 05:32:13 PM,10/17/2017 05:32:13 PM,f40605cf-9933-40d9-915a-ea6dbc0f169f-51285-080-1,f40605cf-9933-40d9-915a-ea6dbc0f169f,6,,C48348,ROUND,,1,,b;977,,C48330,YELLOW,,NORETHINDRONE ACETATE 1 mg;ETHINYL ESTRADIOL 20 ug;,NORETHINDRONE ACETATE[NORETHINDRONE];ETHINYL ESTRADIOL[ETHINYL ESTRADIOL];,"ACACIA;SUCROSE;MALTODEXTRIN;D&C YELLOW NO. 10;ALUMINUM OXIDE;LACTOSE MONOHYDRATE;MAGNESIUM STEARATE;STARCH, CORN;",HRX,,{21 (Ethinyl Estradiol 0.02 MG / norethindrone acetate 1 MG Oral Tablet) / 7 (Ferrous fumarate 75 MG Oral Tablet) } Pack [Loestrin Fe 1/20 28 Day],1358770,,51285-080,1,LOESTRIN Fe 1/20,512850080,51285,80,LOESTRIN Fe 1/20,completed,20140625,580cdf79-f9a2-47ee-b887-3592f86f82ef.xml,,C42998,34391-3,,,LABELER,"Teva Women's Health, Inc.",C73584,NLM,TRUE,,5,,,FALSE,TRUE,FALSE,TRUE,TRUE
51285-0080-70_PART_2_OF_2_CHAL10_SB_442FA21D.jpg,51285-0080-70,80,TRUE,FALSE,FALSE,fcn_mix_weight/dr_224/51285-0080-70_PART_2_OF_2_CHAL10_SB_442FA21D.jpg,51285-0080-70_442FA21D,13978,TRUE,10/17/2017 05:30:21 PM,10/17/2017 05:30:21 PM,f40605cf-9933-40d9-915a-ea6dbc0f169f-51285-080-2,f40605cf-9933-40d9-915a-ea6dbc0f169f,6,,C48348,ROUND,,1,,b;247,,C48332,BROWN,,FERROUS FUMARATE 75 mg;,FERROUS FUMARATE[];,"CROSPOVIDONE;HYDROGENATED COTTONSEED OIL;CELLULOSE, MICROCRYSTALLINE;",HRX,,{21 (Ethinyl Estradiol 0.02 MG / norethindrone acetate 1 MG Oral Tablet) / 7 (Ferrous fumarate 75 MG Oral Tablet) } Pack [Loestrin Fe 1/20 28 Day],1358770,,51285-080,2,Inert,512850080,51285,80,LOESTRIN Fe 1/20,completed,20140625,580cdf79-f9a2-47ee-b887-3592f86f82ef.xml,,C42998,34391-3,,,LABELER,"Teva Women's Health, Inc.",C73584,NLM,TRUE,,5,,,FALSE,TRUE,FALSE,TRUE,TRUE
51285-0080-70_PART_2_OF_2_CHAL10_SF_442FA21D.jpg,51285-0080-70,80,TRUE,TRUE,FALSE,fcn_mix_weight/dr_224/51285-0080-70_PART_2_OF_2_CHAL10_SF_442FA21D.jpg,51285-0080-70_442FA21D,39530,TRUE,10/17/2017 05:32:13 PM,10/17/2017 05:32:13 PM,f40605cf-9933-40d9-915a-ea6dbc0f169f-51285-080-1,f40605cf-9933-40d9-915a-ea6dbc0f169f,6,,C48348,ROUND,,1,,b;977,,C48330,YELLOW,,NORETHINDRONE ACETATE 1 mg;ETHINYL ESTRADIOL 20 ug;,NORETHINDRONE ACETATE[NORETHINDRONE];ETHINYL ESTRADIOL[ETHINYL ESTRADIOL];,"ACACIA;SUCROSE;MALTODEXTRIN;D&C YELLOW NO. 10;ALUMINUM OXIDE;LACTOSE MONOHYDRATE;MAGNESIUM STEARATE;STARCH, CORN;",HRX,,{21 (Ethinyl Estradiol 0.02 MG / norethindrone acetate 1 MG Oral Tablet) / 7 (Ferrous fumarate 75 MG Oral Tablet) } Pack [Loestrin Fe 1/20 28 Day],1358770,,51285-080,1,LOESTRIN Fe 1/20,512850080,51285,80,LOESTRIN Fe 1/20,completed,20140625,580cdf79-f9a2-47ee-b887-3592f86f82ef.xml,,C42998,34391-3,,,LABELER,"Teva Women's Health, Inc.",C73584,NLM,TRUE,,5,,,FALSE,TRUE,FALSE,TRUE,TRUE
51285-0080-70_PART_2_OF_2_CHAL10_SF_442FA21D.jpg,51285-0080-70,80,TRUE,TRUE,FALSE,fcn_mix_weight/dr_224/51285-0080-70_PART_2_OF_2_CHAL10_SF_442FA21D.jpg,51285-0080-70_442FA21D,13978,TRUE,10/17/2017 05:30:21 PM,10/17/2017 05:30:21 PM,f40605cf-9933-40d9-915a-ea6dbc0f169f-51285-080-2,f40605cf-9933-40d9-915a-ea6dbc0f169f,6,,C48348,ROUND,,1,,b;247,,C48332,BROWN,,FERROUS FUMARATE 75 mg;,FERROUS FUMARATE[];,"CROSPOVIDONE;HYDROGENATED COTTONSEED OIL;CELLULOSE, MICROCRYSTALLINE;",HRX,,{21 (Ethinyl Estradiol 0.02 MG / norethindrone acetate 1 MG Oral Tablet) / 7 (Ferrous fumarate 75 MG Oral Tablet) } Pack [Loestrin Fe 1/20 28 Day],1358770,,51285-080,2,Inert,512850080,51285,80,LOESTRIN Fe 1/20,completed,20140625,580cdf79-f9a2-47ee-b887-3592f86f82ef.xml,,C42998,34391-3,,,LABELER,"Teva Women's Health, Inc.",C73584,NLM,TRUE,,5,,,FALSE,TRUE,FALSE,TRUE,TRUE
51285-0082-97_PART_1_OF_1_CHAL10_SB_E92F74EB.jpg,51285-0082-97,82,TRUE,FALSE,FALSE,fcn_mix_weight/dr_224/51285-0082-97_PART_1_OF_1_CHAL10_SB_E92F74EB.jpg,51285-0082-97_E92F74EB,38123,TRUE,10/17/2017 05:32:06 PM,10/17/2017 05:32:06 PM,f40605cf-9933-40d9-915a-ea6dbc0f169f-51285-082-0,f40605cf-9933-40d9-915a-ea6dbc0f169f,6,,C48348,ROUND,,1,,b;978,,C48328,PINK,,NORETHINDRONE ACETATE 1.5 mg;ETHINYL ESTRADIOL 30 ug;,NORETHINDRONE ACETATE[NORETHINDRONE];ETHINYL ESTRADIOL[ETHINYL ESTRADIOL];,"ACACIA;SUCROSE;MALTODEXTRIN;FD&C RED NO. 40;ALUMINUM OXIDE;LACTOSE MONOHYDRATE;MAGNESIUM STEARATE;STARCH, CORN;",HRX,,{21 (Ethinyl Estradiol 0.03 MG / norethindrone acetate 1.5 MG Oral Tablet) } Pack [Loestrin 1.5/30 21 Day],1359031,,51285-082,0,,512850082,51285,82,LOESTRIN 1.5/30,completed,20140625,580cdf79-f9a2-47ee-b887-3592f86f82ef.xml,,C42998,34391-3,,,LABELER,"Teva Women's Health, Inc.",C73584,NLM,TRUE,,5,,,FALSE,TRUE,FALSE,TRUE,TRUE
51285-0082-97_PART_1_OF_1_CHAL10_SF_E92F74EB.jpg,51285-0082-97,82,TRUE,TRUE,FALSE,fcn_mix_weight/dr_224/51285-0082-97_PART_1_OF_1_CHAL10_SF_E92F74EB.jpg,51285-0082-97_E92F74EB,38123,TRUE,10/17/2017 05:32:06 PM,10/17/2017 05:32:06 PM,f40605cf-9933-40d9-915a-ea6dbc0f169f-51285-082-0,f40605cf-9933-40d9-915a-ea6dbc0f169f,6,,C48348,ROUND,,1,,b;978,,C48328,PINK,,NORETHINDRONE ACETATE 1.5 mg;ETHINYL ESTRADIOL 30 ug;,NORETHINDRONE ACETATE[NORETHINDRONE];ETHINYL ESTRADIOL[ETHINYL ESTRADIOL];,"ACACIA;SUCROSE;MALTODEXTRIN;FD&C RED NO. 40;ALUMINUM OXIDE;LACTOSE MONOHYDRATE;MAGNESIUM STEARATE;STARCH, CORN;",HRX,,{21 (Ethinyl Estradiol 0.03 MG / norethindrone acetate 1.5 MG Oral Tablet) } Pack [Loestrin 1.5/30 21 Day],1359031,,51285-082,0,,512850082,51285,82,LOESTRIN 1.5/30,completed,20140625,580cdf79-f9a2-47ee-b887-3592f86f82ef.xml,,C42998,34391-3,,,LABELER,"Teva Women's Health, Inc.",C73584,NLM,TRUE,,5,,,FALSE,TRUE,FALSE,TRUE,TRUE
51285-0083-70_PART_1_OF_2_CHAL10_SB_2E2F970C.jpg,51285-0083-70,83,TRUE,FALSE,FALSE,fcn_mix_weight/dr_224/51285-0083-70_PART_1_OF_2_CHAL10_SB_2E2F970C.jpg,51285-0083-70_2E2F970C,44984,TRUE,10/17/2017 05:32:37 PM,10/17/2017 05:32:37 PM,f40605cf-9933-40d9-915a-ea6dbc0f169f-51285-083-2,f40605cf-9933-40d9-915a-ea6dbc0f169f,6,,C48348,ROUND,,1,,b;247,,C48332,BROWN,,FERROUS FUMARATE 75 mg;,FERROUS FUMARATE[];,"CROSPOVIDONE;HYDROGENATED COTTONSEED OIL;CELLULOSE, MICROCRYSTALLINE;",HRX,,{21 (Ethinyl Estradiol 0.03 MG / norethindrone acetate 1.5 MG Oral Tablet) / 7 (Ferrous fumarate 75 MG Oral Tablet) } Pack [Loestrin Fe 1.5/30 28 Day],1359026,,51285-083,2,Inert,512850083,51285,83,LOESTRIN Fe 1.5/30,completed,20140625,580cdf79-f9a2-47ee-b887-3592f86f82ef.xml,,C42998,34391-3,,,LABELER,"Teva Women's Health, Inc.",C73584,NLM,TRUE,,5,,,FALSE,TRUE,FALSE,TRUE,TRUE
51285-0083-70_PART_1_OF_2_CHAL10_SB_2E2F970C.jpg,51285-0083-70,83,TRUE,FALSE,FALSE,fcn_mix_weight/dr_224/51285-0083-70_PART_1_OF_2_CHAL10_SB_2E2F970C.jpg,51285-0083-70_2E2F970C,27464,TRUE,10/17/2017 05:31:18 PM,10/17/2017 05:31:18 PM,f40605cf-9933-40d9-915a-ea6dbc0f169f-51285-083-1,f40605cf-9933-40d9-915a-ea6dbc0f169f,6,,C48348,ROUND,,1,,b;978,,C48328,PINK,,NORETHINDRONE ACETATE 1.5 mg;ETHINYL ESTRADIOL 30 ug;,NORETHINDRONE ACETATE[NORETHINDRONE];ETHINYL ESTRADIOL[ETHINYL ESTRADIOL];,"ACACIA;SUCROSE;MALTODEXTRIN;FD&C RED NO. 40;ALUMINUM OXIDE;LACTOSE MONOHYDRATE;MAGNESIUM STEARATE;STARCH, CORN;",HRX,,{21 (Ethinyl Estradiol 0.03 MG / norethindrone acetate 1.5 MG Oral Tablet) / 7 (Ferrous fumarate 75 MG Oral Tablet) } Pack [Loestrin Fe 1.5/30 28 Day],1359026,,51285-083,1,LOESTRIN Fe 1.5/30,512850083,51285,83,LOESTRIN Fe 1.5/30,completed,20140625,580cdf79-f9a2-47ee-b887-3592f86f82ef.xml,,C42998,34391-3,,,LABELER,"Teva Women's Health, Inc.",C73584,NLM,TRUE,,5,,,FALSE,TRUE,FALSE,TRUE,TRUE
51285-0083-70_PART_1_OF_2_CHAL10_SF_2E2F970C.jpg,51285-0083-70,83,TRUE,TRUE,FALSE,fcn_mix_weight/dr_224/51285-0083-70_PART_1_OF_2_CHAL10_SF_2E2F970C.jpg,51285-0083-70_2E2F970C,44984,TRUE,10/17/2017 05:32:37 PM,10/17/2017 05:32:37 PM,f40605cf-9933-40d9-915a-ea6dbc0f169f-51285-083-2,f40605cf-9933-40d9-915a-ea6dbc0f169f,6,,C48348,ROUND,,1,,b;247,,C48332,BROWN,,FERROUS FUMARATE 75 mg;,FERROUS FUMARATE[];,"CROSPOVIDONE;HYDROGENATED COTTONSEED OIL;CELLULOSE, MICROCRYSTALLINE;",HRX,,{21 (Ethinyl Estradiol 0.03 MG / norethindrone acetate 1.5 MG Oral Tablet) / 7 (Ferrous fumarate 75 MG Oral Tablet) } Pack [Loestrin Fe 1.5/30 28 Day],1359026,,51285-083,2,Inert,512850083,51285,83,LOESTRIN Fe 1.5/30,completed,20140625,580cdf79-f9a2-47ee-b887-3592f86f82ef.xml,,C42998,34391-3,,,LABELER,"Teva Women's Health, Inc.",C73584,NLM,TRUE,,5,,,FALSE,TRUE,FALSE,TRUE,TRUE
51285-0083-70_PART_1_OF_2_CHAL10_SF_2E2F970C.jpg,51285-0083-70,83,TRUE,TRUE,FALSE,fcn_mix_weight/dr_224/51285-0083-70_PART_1_OF_2_CHAL10_SF_2E2F970C.jpg,51285-0083-70_2E2F970C,27464,TRUE,10/17/2017 05:31:18 PM,10/17/2017 05:31:18 PM,f40605cf-9933-40d9-915a-ea6dbc0f169f-51285-083-1,f40605cf-9933-40d9-915a-ea6dbc0f169f,6,,C48348,ROUND,,1,,b;978,,C48328,PINK,,NORETHINDRONE ACETATE 1.5 mg;ETHINYL ESTRADIOL 30 ug;,NORETHINDRONE ACETATE[NORETHINDRONE];ETHINYL ESTRADIOL[ETHINYL ESTRADIOL];,"ACACIA;SUCROSE;MALTODEXTRIN;FD&C RED NO. 40;ALUMINUM OXIDE;LACTOSE MONOHYDRATE;MAGNESIUM STEARATE;STARCH, CORN;",HRX,,{21 (Ethinyl Estradiol 0.03 MG / norethindrone acetate 1.5 MG Oral Tablet) / 7 (Ferrous fumarate 75 MG Oral Tablet) } Pack [Loestrin Fe 1.5/30 28 Day],1359026,,51285-083,1,LOESTRIN Fe 1.5/30,512850083,51285,83,LOESTRIN Fe 1.5/30,completed,20140625,580cdf79-f9a2-47ee-b887-3592f86f82ef.xml,,C42998,34391-3,,,LABELER,"Teva Women's Health, Inc.",C73584,NLM,TRUE,,5,,,FALSE,TRUE,FALSE,TRUE,TRUE
51285-0083-70_PART_2_OF_2_CHAL10_SB_322F991C.jpg,51285-0083-70,83,TRUE,FALSE,FALSE,fcn_mix_weight/dr_224/51285-0083-70_PART_2_OF_2_CHAL10_SB_322F991C.jpg,51285-0083-70_322F991C,44984,TRUE,10/17/2017 05:32:37 PM,10/17/2017 05:32:37 PM,f40605cf-9933-40d9-915a-ea6dbc0f169f-51285-083-2,f40605cf-9933-40d9-915a-ea6dbc0f169f,6,,C48348,ROUND,,1,,b;247,,C48332,BROWN,,FERROUS FUMARATE 75 mg;,FERROUS FUMARATE[];,"CROSPOVIDONE;HYDROGENATED COTTONSEED OIL;CELLULOSE, MICROCRYSTALLINE;",HRX,,{21 (Ethinyl Estradiol 0.03 MG / norethindrone acetate 1.5 MG Oral Tablet) / 7 (Ferrous fumarate 75 MG Oral Tablet) } Pack [Loestrin Fe 1.5/30 28 Day],1359026,,51285-083,2,Inert,512850083,51285,83,LOESTRIN Fe 1.5/30,completed,20140625,580cdf79-f9a2-47ee-b887-3592f86f82ef.xml,,C42998,34391-3,,,LABELER,"Teva Women's Health, Inc.",C73584,NLM,TRUE,,5,,,FALSE,TRUE,FALSE,TRUE,TRUE
51285-0083-70_PART_2_OF_2_CHAL10_SB_322F991C.jpg,51285-0083-70,83,TRUE,FALSE,FALSE,fcn_mix_weight/dr_224/51285-0083-70_PART_2_OF_2_CHAL10_SB_322F991C.jpg,51285-0083-70_322F991C,27464,TRUE,10/17/2017 05:31:18 PM,10/17/2017 05:31:18 PM,f40605cf-9933-40d9-915a-ea6dbc0f169f-51285-083-1,f40605cf-9933-40d9-915a-ea6dbc0f169f,6,,C48348,ROUND,,1,,b;978,,C48328,PINK,,NORETHINDRONE ACETATE 1.5 mg;ETHINYL ESTRADIOL 30 ug;,NORETHINDRONE ACETATE[NORETHINDRONE];ETHINYL ESTRADIOL[ETHINYL ESTRADIOL];,"ACACIA;SUCROSE;MALTODEXTRIN;FD&C RED NO. 40;ALUMINUM OXIDE;LACTOSE MONOHYDRATE;MAGNESIUM STEARATE;STARCH, CORN;",HRX,,{21 (Ethinyl Estradiol 0.03 MG / norethindrone acetate 1.5 MG Oral Tablet) / 7 (Ferrous fumarate 75 MG Oral Tablet) } Pack [Loestrin Fe 1.5/30 28 Day],1359026,,51285-083,1,LOESTRIN Fe 1.5/30,512850083,51285,83,LOESTRIN Fe 1.5/30,completed,20140625,580cdf79-f9a2-47ee-b887-3592f86f82ef.xml,,C42998,34391-3,,,LABELER,"Teva Women's Health, Inc.",C73584,NLM,TRUE,,5,,,FALSE,TRUE,FALSE,TRUE,TRUE
51285-0083-70_PART_2_OF_2_CHAL10_SF_322F991C.jpg,51285-0083-70,83,TRUE,TRUE,FALSE,fcn_mix_weight/dr_224/51285-0083-70_PART_2_OF_2_CHAL10_SF_322F991C.jpg,51285-0083-70_322F991C,44984,TRUE,10/17/2017 05:32:37 PM,10/17/2017 05:32:37 PM,f40605cf-9933-40d9-915a-ea6dbc0f169f-51285-083-2,f40605cf-9933-40d9-915a-ea6dbc0f169f,6,,C48348,ROUND,,1,,b;247,,C48332,BROWN,,FERROUS FUMARATE 75 mg;,FERROUS FUMARATE[];,"CROSPOVIDONE;HYDROGENATED COTTONSEED OIL;CELLULOSE, MICROCRYSTALLINE;",HRX,,{21 (Ethinyl Estradiol 0.03 MG / norethindrone acetate 1.5 MG Oral Tablet) / 7 (Ferrous fumarate 75 MG Oral Tablet) } Pack [Loestrin Fe 1.5/30 28 Day],1359026,,51285-083,2,Inert,512850083,51285,83,LOESTRIN Fe 1.5/30,completed,20140625,580cdf79-f9a2-47ee-b887-3592f86f82ef.xml,,C42998,34391-3,,,LABELER,"Teva Women's Health, Inc.",C73584,NLM,TRUE,,5,,,FALSE,TRUE,FALSE,TRUE,TRUE
51285-0083-70_PART_2_OF_2_CHAL10_SF_322F991C.jpg,51285-0083-70,83,TRUE,TRUE,FALSE,fcn_mix_weight/dr_224/51285-0083-70_PART_2_OF_2_CHAL10_SF_322F991C.jpg,51285-0083-70_322F991C,27464,TRUE,10/17/2017 05:31:18 PM,10/17/2017 05:31:18 PM,f40605cf-9933-40d9-915a-ea6dbc0f169f-51285-083-1,f40605cf-9933-40d9-915a-ea6dbc0f169f,6,,C48348,ROUND,,1,,b;978,,C48328,PINK,,NORETHINDRONE ACETATE 1.5 mg;ETHINYL ESTRADIOL 30 ug;,NORETHINDRONE ACETATE[NORETHINDRONE];ETHINYL ESTRADIOL[ETHINYL ESTRADIOL];,"ACACIA;SUCROSE;MALTODEXTRIN;FD&C RED NO. 40;ALUMINUM OXIDE;LACTOSE MONOHYDRATE;MAGNESIUM STEARATE;STARCH, CORN;",HRX,,{21 (Ethinyl Estradiol 0.03 MG / norethindrone acetate 1.5 MG Oral Tablet) / 7 (Ferrous fumarate 75 MG Oral Tablet) } Pack [Loestrin Fe 1.5/30 28 Day],1359026,,51285-083,1,LOESTRIN Fe 1.5/30,512850083,51285,83,LOESTRIN Fe 1.5/30,completed,20140625,580cdf79-f9a2-47ee-b887-3592f86f82ef.xml,,C42998,34391-3,,,LABELER,"Teva Women's Health, Inc.",C73584,NLM,TRUE,,5,,,FALSE,TRUE,FALSE,TRUE,TRUE
51285-0091-58_PART_1_OF_2_CHAL10_SB_8B2DC58E.jpg,51285-0091-58,91,TRUE,FALSE,FALSE,fcn_mix_weight/dr_224/51285-0091-58_PART_1_OF_2_CHAL10_SB_8B2DC58E.jpg,51285-0091-58_8B2DC58E,5235,TRUE,10/17/2017 05:29:44 PM,10/17/2017 05:29:44 PM,ef68258d-9d09-43c9-af87-bfa4b3b0ee01-51285-091-2,ef68258d-9d09-43c9-af87-bfa4b3b0ee01,6,,C48348,ROUND,,1,,405;N,,C48328,PINK,,,,POWDERED CELLULOSE / D&C RED NO. 30 / FD&C YELLOW NO. 6 / LACTOSE / MAGNESIUM STEARATE / POLACRILIN POTASSIUM,HRX,,Nordette 28 Day Pack,748886,,51285-091,2,Inert,512850091,51285,91,Nordette,completed,20131101,48c10e61-0860-4ce2-adf6-fdc8a892b2de.xml,,C42998,34391-3,,,LABELER,"Teva Women's Health, Inc.",C73594,NLM,TRUE,,5,,,FALSE,TRUE,FALSE,TRUE,TRUE
51285-0091-58_PART_1_OF_2_CHAL10_SB_8B2DC58E.jpg,51285-0091-58,91,TRUE,FALSE,FALSE,fcn_mix_weight/dr_224/51285-0091-58_PART_1_OF_2_CHAL10_SB_8B2DC58E.jpg,51285-0091-58_8B2DC58E,40463,TRUE,10/17/2017 05:32:17 PM,10/17/2017 05:32:17 PM,ef68258d-9d09-43c9-af87-bfa4b3b0ee01-51285-091-1,ef68258d-9d09-43c9-af87-bfa4b3b0ee01,6,,C48348,ROUND,,1,,404;N,,C48331,ORANGE,,LEVONORGESTREL 0.15 mg / ETHINYL ESTRADIOL 0.03 mg,LEVONORGESTREL[LEVONORGESTREL] / ETHINYL ESTRADIOL[ETHINYL ESTRADIOL],POWDERED CELLULOSE / D&C RED NO. 30 / FD&C YELLOW NO. 6 / LACTOSE / MAGNESIUM STEARATE / POLACRILIN POTASSIUM,HRX,,Nordette 28 Day Pack,748886,,51285-091,1,Nordette,512850091,51285,91,Nordette,completed,20131101,48c10e61-0860-4ce2-adf6-fdc8a892b2de.xml,,C42998,34391-3,,,LABELER,"Teva Women's Health, Inc.",C73594,NLM,TRUE,,5,,,FALSE,TRUE,FALSE,TRUE,TRUE
51285-0091-58_PART_1_OF_2_CHAL10_SF_8B2DC58E.jpg,51285-0091-58,91,TRUE,TRUE,FALSE,fcn_mix_weight/dr_224/51285-0091-58_PART_1_OF_2_CHAL10_SF_8B2DC58E.jpg,51285-0091-58_8B2DC58E,5235,TRUE,10/17/2017 05:29:44 PM,10/17/2017 05:29:44 PM,ef68258d-9d09-43c9-af87-bfa4b3b0ee01-51285-091-2,ef68258d-9d09-43c9-af87-bfa4b3b0ee01,6,,C48348,ROUND,,1,,405;N,,C48328,PINK,,,,POWDERED CELLULOSE / D&C RED NO. 30 / FD&C YELLOW NO. 6 / LACTOSE / MAGNESIUM STEARATE / POLACRILIN POTASSIUM,HRX,,Nordette 28 Day Pack,748886,,51285-091,2,Inert,512850091,51285,91,Nordette,completed,20131101,48c10e61-0860-4ce2-adf6-fdc8a892b2de.xml,,C42998,34391-3,,,LABELER,"Teva Women's Health, Inc.",C73594,NLM,TRUE,,5,,,FALSE,TRUE,FALSE,TRUE,TRUE
51285-0091-58_PART_1_OF_2_CHAL10_SF_8B2DC58E.jpg,51285-0091-58,91,TRUE,TRUE,FALSE,fcn_mix_weight/dr_224/51285-0091-58_PART_1_OF_2_CHAL10_SF_8B2DC58E.jpg,51285-0091-58_8B2DC58E,40463,TRUE,10/17/2017 05:32:17 PM,10/17/2017 05:32:17 PM,ef68258d-9d09-43c9-af87-bfa4b3b0ee01-51285-091-1,ef68258d-9d09-43c9-af87-bfa4b3b0ee01,6,,C48348,ROUND,,1,,404;N,,C48331,ORANGE,,LEVONORGESTREL 0.15 mg / ETHINYL ESTRADIOL 0.03 mg,LEVONORGESTREL[LEVONORGESTREL] / ETHINYL ESTRADIOL[ETHINYL ESTRADIOL],POWDERED CELLULOSE / D&C RED NO. 30 / FD&C YELLOW NO. 6 / LACTOSE / MAGNESIUM STEARATE / POLACRILIN POTASSIUM,HRX,,Nordette 28 Day Pack,748886,,51285-091,1,Nordette,512850091,51285,91,Nordette,completed,20131101,48c10e61-0860-4ce2-adf6-fdc8a892b2de.xml,,C42998,34391-3,,,LABELER,"Teva Women's Health, Inc.",C73594,NLM,TRUE,,5,,,FALSE,TRUE,FALSE,TRUE,TRUE
51285-0091-58_PART_2_OF_2_CHAL10_SB_8F2DC79E.jpg,51285-0091-58,91,TRUE,FALSE,FALSE,fcn_mix_weight/dr_224/51285-0091-58_PART_2_OF_2_CHAL10_SB_8F2DC79E.jpg,51285-0091-58_8F2DC79E,5235,TRUE,10/17/2017 05:29:44 PM,10/17/2017 05:29:44 PM,ef68258d-9d09-43c9-af87-bfa4b3b0ee01-51285-091-2,ef68258d-9d09-43c9-af87-bfa4b3b0ee01,6,,C48348,ROUND,,1,,405;N,,C48328,PINK,,,,POWDERED CELLULOSE / D&C RED NO. 30 / FD&C YELLOW NO. 6 / LACTOSE / MAGNESIUM STEARATE / POLACRILIN POTASSIUM,HRX,,Nordette 28 Day Pack,748886,,51285-091,2,Inert,512850091,51285,91,Nordette,completed,20131101,48c10e61-0860-4ce2-adf6-fdc8a892b2de.xml,,C42998,34391-3,,,LABELER,"Teva Women's Health, Inc.",C73594,NLM,TRUE,,5,,,FALSE,TRUE,FALSE,TRUE,TRUE
51285-0091-58_PART_2_OF_2_CHAL10_SB_8F2DC79E.jpg,51285-0091-58,91,TRUE,FALSE,FALSE,fcn_mix_weight/dr_224/51285-0091-58_PART_2_OF_2_CHAL10_SB_8F2DC79E.jpg,51285-0091-58_8F2DC79E,40463,TRUE,10/17/2017 05:32:17 PM,10/17/2017 05:32:17 PM,ef68258d-9d09-43c9-af87-bfa4b3b0ee01-51285-091-1,ef68258d-9d09-43c9-af87-bfa4b3b0ee01,6,,C48348,ROUND,,1,,404;N,,C48331,ORANGE,,LEVONORGESTREL 0.15 mg / ETHINYL ESTRADIOL 0.03 mg,LEVONORGESTREL[LEVONORGESTREL] / ETHINYL ESTRADIOL[ETHINYL ESTRADIOL],POWDERED CELLULOSE / D&C RED NO. 30 / FD&C YELLOW NO. 6 / LACTOSE / MAGNESIUM STEARATE / POLACRILIN POTASSIUM,HRX,,Nordette 28 Day Pack,748886,,51285-091,1,Nordette,512850091,51285,91,Nordette,completed,20131101,48c10e61-0860-4ce2-adf6-fdc8a892b2de.xml,,C42998,34391-3,,,LABELER,"Teva Women's Health, Inc.",C73594,NLM,TRUE,,5,,,FALSE,TRUE,FALSE,TRUE,TRUE
51285-0091-58_PART_2_OF_2_CHAL10_SF_8F2DC79E.jpg,51285-0091-58,91,TRUE,TRUE,FALSE,fcn_mix_weight/dr_224/51285-0091-58_PART_2_OF_2_CHAL10_SF_8F2DC79E.jpg,51285-0091-58_8F2DC79E,5235,TRUE,10/17/2017 05:29:44 PM,10/17/2017 05:29:44 PM,ef68258d-9d09-43c9-af87-bfa4b3b0ee01-51285-091-2,ef68258d-9d09-43c9-af87-bfa4b3b0ee01,6,,C48348,ROUND,,1,,405;N,,C48328,PINK,,,,POWDERED CELLULOSE / D&C RED NO. 30 / FD&C YELLOW NO. 6 / LACTOSE / MAGNESIUM STEARATE / POLACRILIN POTASSIUM,HRX,,Nordette 28 Day Pack,748886,,51285-091,2,Inert,512850091,51285,91,Nordette,completed,20131101,48c10e61-0860-4ce2-adf6-fdc8a892b2de.xml,,C42998,34391-3,,,LABELER,"Teva Women's Health, Inc.",C73594,NLM,TRUE,,5,,,FALSE,TRUE,FALSE,TRUE,TRUE
51285-0091-58_PART_2_OF_2_CHAL10_SF_8F2DC79E.jpg,51285-0091-58,91,TRUE,TRUE,FALSE,fcn_mix_weight/dr_224/51285-0091-58_PART_2_OF_2_CHAL10_SF_8F2DC79E.jpg,51285-0091-58_8F2DC79E,40463,TRUE,10/17/2017 05:32:17 PM,10/17/2017 05:32:17 PM,ef68258d-9d09-43c9-af87-bfa4b3b0ee01-51285-091-1,ef68258d-9d09-43c9-af87-bfa4b3b0ee01,6,,C48348,ROUND,,1,,404;N,,C48331,ORANGE,,LEVONORGESTREL 0.15 mg / ETHINYL ESTRADIOL 0.03 mg,LEVONORGESTREL[LEVONORGESTREL] / ETHINYL ESTRADIOL[ETHINYL ESTRADIOL],POWDERED CELLULOSE / D&C RED NO. 30 / FD&C YELLOW NO. 6 / LACTOSE / MAGNESIUM STEARATE / POLACRILIN POTASSIUM,HRX,,Nordette 28 Day Pack,748886,,51285-091,1,Nordette,512850091,51285,91,Nordette,completed,20131101,48c10e61-0860-4ce2-adf6-fdc8a892b2de.xml,,C42998,34391-3,,,LABELER,"Teva Women's Health, Inc.",C73594,NLM,TRUE,,5,,,FALSE,TRUE,FALSE,TRUE,TRUE
51285-0114-58_PART_1_OF_3_CHAL10_SB_942DCA0E.jpg,51285-0114-58,114,TRUE,FALSE,FALSE,fcn_mix_weight/dr_224/51285-0114-58_PART_1_OF_3_CHAL10_SB_942DCA0E.jpg,51285-0114-58_942DCA0E,38979,TRUE,10/17/2017 05:32:10 PM,10/17/2017 05:32:10 PM,997a8511-357b-42b7-aa4c-00895bed1e10-51285-114-3,997a8511-357b-42b7-aa4c-00895bed1e10,5,,C48348,ROUND,,1,,dp;457,,C48330,YELLOW,,ETHINYL ESTRADIOL 0.01 mg;,ETHINYL ESTRADIOL[ETHINYL ESTRADIOL];,"SILICON DIOXIDE;D&C YELLOW NO. 10;ALUMINUM OXIDE;FD&C YELLOW NO. 6;HYPROMELLOSE 2910 (3 MPA.S);HYPROMELLOSE 2910 (6 MPA.S);LACTOSE MONOHYDRATE;POLYETHYLENE GLYCOL 8000;POLYETHYLENE GLYCOL 400;POVIDONE K30;POLYSORBATE 80;STARCH, CORN;STEARIC ACID;TITANIUM DIOXIDE;.ALPHA.-TOCOPHEROL;",HRX,,{21 (Desogestrel 0.15 MG / Ethinyl Estradiol 0.02 MG Oral Tablet) / 5 (Ethinyl Estradiol 0.01 MG Oral Tablet) / 2 (Inert Ingredients 1 MG Oral Tablet) } Pack [Mircette 28 Day],762002,,51285-114,3,Mircette,512850114,51285,114,Mircette,completed,20140619,716ad3dc-114d-4d75-83da-41987a38fd84.xml,,C42998,34391-3,,,LABELER,"Teva Women's Health, Inc.",C73584,NLM,TRUE,,6,,,FALSE,TRUE,FALSE,TRUE,TRUE
51285-0114-58_PART_1_OF_3_CHAL10_SB_942DCA0E.jpg,51285-0114-58,114,TRUE,FALSE,FALSE,fcn_mix_weight/dr_224/51285-0114-58_PART_1_OF_3_CHAL10_SB_942DCA0E.jpg,51285-0114-58_942DCA0E,33170,TRUE,10/17/2017 05:31:44 PM,10/17/2017 05:31:44 PM,997a8511-357b-42b7-aa4c-00895bed1e10-51285-114-2,997a8511-357b-42b7-aa4c-00895bed1e10,5,,C48348,ROUND,,1,,dp;331,,C48329,GREEN,,,,"FD&C BLUE NO. 1;ALUMINUM OXIDE;FD&C YELLOW NO. 6;D&C YELLOW NO. 10;LACTOSE MONOHYDRATE;MAGNESIUM STEARATE;CELLULOSE, MICROCRYSTALLINE;STARCH, CORN;",HRX,,{21 (Desogestrel 0.15 MG / Ethinyl Estradiol 0.02 MG Oral Tablet) / 5 (Ethinyl Estradiol 0.01 MG Oral Tablet) / 2 (Inert Ingredients 1 MG Oral Tablet) } Pack [Mircette 28 Day],762002,,51285-114,2,Inert,512850114,51285,114,Mircette,completed,20140619,716ad3dc-114d-4d75-83da-41987a38fd84.xml,,C42998,34391-3,,,LABELER,"Teva Women's Health, Inc.",C73584,NLM,TRUE,,6,,,FALSE,TRUE,FALSE,TRUE,TRUE
51285-0114-58_PART_1_OF_3_CHAL10_SB_942DCA0E.jpg,51285-0114-58,114,TRUE,FALSE,FALSE,fcn_mix_weight/dr_224/51285-0114-58_PART_1_OF_3_CHAL10_SB_942DCA0E.jpg,51285-0114-58_942DCA0E,31651,TRUE,10/17/2017 05:31:37 PM,10/17/2017 05:31:37 PM,997a8511-357b-42b7-aa4c-00895bed1e10-51285-114-1,997a8511-357b-42b7-aa4c-00895bed1e10,5,,C48348,ROUND,,1,,dp;021,,C48325,WHITE,,DESOGESTREL 0.15 mg;ETHINYL ESTRADIOL 0.02 mg;,DESOGESTREL[DESOGESTREL];ETHINYL ESTRADIOL[ETHINYL ESTRADIOL];,"SILICON DIOXIDE;HYPROMELLOSE 2910 (6 MPA.S);LACTOSE MONOHYDRATE;POLYETHYLENE GLYCOL 400;POLYETHYLENE GLYCOL 8000;POVIDONE K30;STARCH, CORN;STEARIC ACID;.ALPHA.-TOCOPHEROL;",HRX,,{21 (Desogestrel 0.15 MG / Ethinyl Estradiol 0.02 MG Oral Tablet) / 5 (Ethinyl Estradiol 0.01 MG Oral Tablet) / 2 (Inert Ingredients 1 MG Oral Tablet) } Pack [Mircette 28 Day],762002,,51285-114,1,Mircette,512850114,51285,114,Mircette,completed,20140619,716ad3dc-114d-4d75-83da-41987a38fd84.xml,,C42998,34391-3,,,LABELER,"Teva Women's Health, Inc.",C73584,NLM,TRUE,,6,,,FALSE,TRUE,FALSE,TRUE,TRUE
51285-0114-58_PART_1_OF_3_CHAL10_SF_942DCA0E.jpg,51285-0114-58,114,TRUE,TRUE,FALSE,fcn_mix_weight/dr_224/51285-0114-58_PART_1_OF_3_CHAL10_SF_942DCA0E.jpg,51285-0114-58_942DCA0E,38979,TRUE,10/17/2017 05:32:10 PM,10/17/2017 05:32:10 PM,997a8511-357b-42b7-aa4c-00895bed1e10-51285-114-3,997a8511-357b-42b7-aa4c-00895bed1e10,5,,C48348,ROUND,,1,,dp;457,,C48330,YELLOW,,ETHINYL ESTRADIOL 0.01 mg;,ETHINYL ESTRADIOL[ETHINYL ESTRADIOL];,"SILICON DIOXIDE;D&C YELLOW NO. 10;ALUMINUM OXIDE;FD&C YELLOW NO. 6;HYPROMELLOSE 2910 (3 MPA.S);HYPROMELLOSE 2910 (6 MPA.S);LACTOSE MONOHYDRATE;POLYETHYLENE GLYCOL 8000;POLYETHYLENE GLYCOL 400;POVIDONE K30;POLYSORBATE 80;STARCH, CORN;STEARIC ACID;TITANIUM DIOXIDE;.ALPHA.-TOCOPHEROL;",HRX,,{21 (Desogestrel 0.15 MG / Ethinyl Estradiol 0.02 MG Oral Tablet) / 5 (Ethinyl Estradiol 0.01 MG Oral Tablet) / 2 (Inert Ingredients 1 MG Oral Tablet) } Pack [Mircette 28 Day],762002,,51285-114,3,Mircette,512850114,51285,114,Mircette,completed,20140619,716ad3dc-114d-4d75-83da-41987a38fd84.xml,,C42998,34391-3,,,LABELER,"Teva Women's Health, Inc.",C73584,NLM,TRUE,,6,,,FALSE,TRUE,FALSE,TRUE,TRUE
51285-0114-58_PART_1_OF_3_CHAL10_SF_942DCA0E.jpg,51285-0114-58,114,TRUE,TRUE,FALSE,fcn_mix_weight/dr_224/51285-0114-58_PART_1_OF_3_CHAL10_SF_942DCA0E.jpg,51285-0114-58_942DCA0E,33170,TRUE,10/17/2017 05:31:44 PM,10/17/2017 05:31:44 PM,997a8511-357b-42b7-aa4c-00895bed1e10-51285-114-2,997a8511-357b-42b7-aa4c-00895bed1e10,5,,C48348,ROUND,,1,,dp;331,,C48329,GREEN,,,,"FD&C BLUE NO. 1;ALUMINUM OXIDE;FD&C YELLOW NO. 6;D&C YELLOW NO. 10;LACTOSE MONOHYDRATE;MAGNESIUM STEARATE;CELLULOSE, MICROCRYSTALLINE;STARCH, CORN;",HRX,,{21 (Desogestrel 0.15 MG / Ethinyl Estradiol 0.02 MG Oral Tablet) / 5 (Ethinyl Estradiol 0.01 MG Oral Tablet) / 2 (Inert Ingredients 1 MG Oral Tablet) } Pack [Mircette 28 Day],762002,,51285-114,2,Inert,512850114,51285,114,Mircette,completed,20140619,716ad3dc-114d-4d75-83da-41987a38fd84.xml,,C42998,34391-3,,,LABELER,"Teva Women's Health, Inc.",C73584,NLM,TRUE,,6,,,FALSE,TRUE,FALSE,TRUE,TRUE
51285-0114-58_PART_1_OF_3_CHAL10_SF_942DCA0E.jpg,51285-0114-58,114,TRUE,TRUE,FALSE,fcn_mix_weight/dr_224/51285-0114-58_PART_1_OF_3_CHAL10_SF_942DCA0E.jpg,51285-0114-58_942DCA0E,31651,TRUE,10/17/2017 05:31:37 PM,10/17/2017 05:31:37 PM,997a8511-357b-42b7-aa4c-00895bed1e10-51285-114-1,997a8511-357b-42b7-aa4c-00895bed1e10,5,,C48348,ROUND,,1,,dp;021,,C48325,WHITE,,DESOGESTREL 0.15 mg;ETHINYL ESTRADIOL 0.02 mg;,DESOGESTREL[DESOGESTREL];ETHINYL ESTRADIOL[ETHINYL ESTRADIOL];,"SILICON DIOXIDE;HYPROMELLOSE 2910 (6 MPA.S);LACTOSE MONOHYDRATE;POLYETHYLENE GLYCOL 400;POLYETHYLENE GLYCOL 8000;POVIDONE K30;STARCH, CORN;STEARIC ACID;.ALPHA.-TOCOPHEROL;",HRX,,{21 (Desogestrel 0.15 MG / Ethinyl Estradiol 0.02 MG Oral Tablet) / 5 (Ethinyl Estradiol 0.01 MG Oral Tablet) / 2 (Inert Ingredients 1 MG Oral Tablet) } Pack [Mircette 28 Day],762002,,51285-114,1,Mircette,512850114,51285,114,Mircette,completed,20140619,716ad3dc-114d-4d75-83da-41987a38fd84.xml,,C42998,34391-3,,,LABELER,"Teva Women's Health, Inc.",C73584,NLM,TRUE,,6,,,FALSE,TRUE,FALSE,TRUE,TRUE
51285-0114-58_PART_2_OF_3_CHAL10_SB_982DCC1E.jpg,51285-0114-58,114,TRUE,FALSE,FALSE,fcn_mix_weight/dr_224/51285-0114-58_PART_2_OF_3_CHAL10_SB_982DCC1E.jpg,51285-0114-58_982DCC1E,38979,TRUE,10/17/2017 05:32:10 PM,10/17/2017 05:32:10 PM,997a8511-357b-42b7-aa4c-00895bed1e10-51285-114-3,997a8511-357b-42b7-aa4c-00895bed1e10,5,,C48348,ROUND,,1,,dp;457,,C48330,YELLOW,,ETHINYL ESTRADIOL 0.01 mg;,ETHINYL ESTRADIOL[ETHINYL ESTRADIOL];,"SILICON DIOXIDE;D&C YELLOW NO. 10;ALUMINUM OXIDE;FD&C YELLOW NO. 6;HYPROMELLOSE 2910 (3 MPA.S);HYPROMELLOSE 2910 (6 MPA.S);LACTOSE MONOHYDRATE;POLYETHYLENE GLYCOL 8000;POLYETHYLENE GLYCOL 400;POVIDONE K30;POLYSORBATE 80;STARCH, CORN;STEARIC ACID;TITANIUM DIOXIDE;.ALPHA.-TOCOPHEROL;",HRX,,{21 (Desogestrel 0.15 MG / Ethinyl Estradiol 0.02 MG Oral Tablet) / 5 (Ethinyl Estradiol 0.01 MG Oral Tablet) / 2 (Inert Ingredients 1 MG Oral Tablet) } Pack [Mircette 28 Day],762002,,51285-114,3,Mircette,512850114,51285,114,Mircette,completed,20140619,716ad3dc-114d-4d75-83da-41987a38fd84.xml,,C42998,34391-3,,,LABELER,"Teva Women's Health, Inc.",C73584,NLM,TRUE,,6,,,FALSE,TRUE,FALSE,TRUE,TRUE
51285-0114-58_PART_2_OF_3_CHAL10_SB_982DCC1E.jpg,51285-0114-58,114,TRUE,FALSE,FALSE,fcn_mix_weight/dr_224/51285-0114-58_PART_2_OF_3_CHAL10_SB_982DCC1E.jpg,51285-0114-58_982DCC1E,33170,TRUE,10/17/2017 05:31:44 PM,10/17/2017 05:31:44 PM,997a8511-357b-42b7-aa4c-00895bed1e10-51285-114-2,997a8511-357b-42b7-aa4c-00895bed1e10,5,,C48348,ROUND,,1,,dp;331,,C48329,GREEN,,,,"FD&C BLUE NO. 1;ALUMINUM OXIDE;FD&C YELLOW NO. 6;D&C YELLOW NO. 10;LACTOSE MONOHYDRATE;MAGNESIUM STEARATE;CELLULOSE, MICROCRYSTALLINE;STARCH, CORN;",HRX,,{21 (Desogestrel 0.15 MG / Ethinyl Estradiol 0.02 MG Oral Tablet) / 5 (Ethinyl Estradiol 0.01 MG Oral Tablet) / 2 (Inert Ingredients 1 MG Oral Tablet) } Pack [Mircette 28 Day],762002,,51285-114,2,Inert,512850114,51285,114,Mircette,completed,20140619,716ad3dc-114d-4d75-83da-41987a38fd84.xml,,C42998,34391-3,,,LABELER,"Teva Women's Health, Inc.",C73584,NLM,TRUE,,6,,,FALSE,TRUE,FALSE,TRUE,TRUE
51285-0114-58_PART_2_OF_3_CHAL10_SB_982DCC1E.jpg,51285-0114-58,114,TRUE,FALSE,FALSE,fcn_mix_weight/dr_224/51285-0114-58_PART_2_OF_3_CHAL10_SB_982DCC1E.jpg,51285-0114-58_982DCC1E,31651,TRUE,10/17/2017 05:31:37 PM,10/17/2017 05:31:37 PM,997a8511-357b-42b7-aa4c-00895bed1e10-51285-114-1,997a8511-357b-42b7-aa4c-00895bed1e10,5,,C48348,ROUND,,1,,dp;021,,C48325,WHITE,,DESOGESTREL 0.15 mg;ETHINYL ESTRADIOL 0.02 mg;,DESOGESTREL[DESOGESTREL];ETHINYL ESTRADIOL[ETHINYL ESTRADIOL];,"SILICON DIOXIDE;HYPROMELLOSE 2910 (6 MPA.S);LACTOSE MONOHYDRATE;POLYETHYLENE GLYCOL 400;POLYETHYLENE GLYCOL 8000;POVIDONE K30;STARCH, CORN;STEARIC ACID;.ALPHA.-TOCOPHEROL;",HRX,,{21 (Desogestrel 0.15 MG / Ethinyl Estradiol 0.02 MG Oral Tablet) / 5 (Ethinyl Estradiol 0.01 MG Oral Tablet) / 2 (Inert Ingredients 1 MG Oral Tablet) } Pack [Mircette 28 Day],762002,,51285-114,1,Mircette,512850114,51285,114,Mircette,completed,20140619,716ad3dc-114d-4d75-83da-41987a38fd84.xml,,C42998,34391-3,,,LABELER,"Teva Women's Health, Inc.",C73584,NLM,TRUE,,6,,,FALSE,TRUE,FALSE,TRUE,TRUE
51285-0114-58_PART_2_OF_3_CHAL10_SF_982DCC1E.jpg,51285-0114-58,114,TRUE,TRUE,FALSE,fcn_mix_weight/dr_224/51285-0114-58_PART_2_OF_3_CHAL10_SF_982DCC1E.jpg,51285-0114-58_982DCC1E,38979,TRUE,10/17/2017 05:32:10 PM,10/17/2017 05:32:10 PM,997a8511-357b-42b7-aa4c-00895bed1e10-51285-114-3,997a8511-357b-42b7-aa4c-00895bed1e10,5,,C48348,ROUND,,1,,dp;457,,C48330,YELLOW,,ETHINYL ESTRADIOL 0.01 mg;,ETHINYL ESTRADIOL[ETHINYL ESTRADIOL];,"SILICON DIOXIDE;D&C YELLOW NO. 10;ALUMINUM OXIDE;FD&C YELLOW NO. 6;HYPROMELLOSE 2910 (3 MPA.S);HYPROMELLOSE 2910 (6 MPA.S);LACTOSE MONOHYDRATE;POLYETHYLENE GLYCOL 8000;POLYETHYLENE GLYCOL 400;POVIDONE K30;POLYSORBATE 80;STARCH, CORN;STEARIC ACID;TITANIUM DIOXIDE;.ALPHA.-TOCOPHEROL;",HRX,,{21 (Desogestrel 0.15 MG / Ethinyl Estradiol 0.02 MG Oral Tablet) / 5 (Ethinyl Estradiol 0.01 MG Oral Tablet) / 2 (Inert Ingredients 1 MG Oral Tablet) } Pack [Mircette 28 Day],762002,,51285-114,3,Mircette,512850114,51285,114,Mircette,completed,20140619,716ad3dc-114d-4d75-83da-41987a38fd84.xml,,C42998,34391-3,,,LABELER,"Teva Women's Health, Inc.",C73584,NLM,TRUE,,6,,,FALSE,TRUE,FALSE,TRUE,TRUE
51285-0114-58_PART_2_OF_3_CHAL10_SF_982DCC1E.jpg,51285-0114-58,114,TRUE,TRUE,FALSE,fcn_mix_weight/dr_224/51285-0114-58_PART_2_OF_3_CHAL10_SF_982DCC1E.jpg,51285-0114-58_982DCC1E,33170,TRUE,10/17/2017 05:31:44 PM,10/17/2017 05:31:44 PM,997a8511-357b-42b7-aa4c-00895bed1e10-51285-114-2,997a8511-357b-42b7-aa4c-00895bed1e10,5,,C48348,ROUND,,1,,dp;331,,C48329,GREEN,,,,"FD&C BLUE NO. 1;ALUMINUM OXIDE;FD&C YELLOW NO. 6;D&C YELLOW NO. 10;LACTOSE MONOHYDRATE;MAGNESIUM STEARATE;CELLULOSE, MICROCRYSTALLINE;STARCH, CORN;",HRX,,{21 (Desogestrel 0.15 MG / Ethinyl Estradiol 0.02 MG Oral Tablet) / 5 (Ethinyl Estradiol 0.01 MG Oral Tablet) / 2 (Inert Ingredients 1 MG Oral Tablet) } Pack [Mircette 28 Day],762002,,51285-114,2,Inert,512850114,51285,114,Mircette,completed,20140619,716ad3dc-114d-4d75-83da-41987a38fd84.xml,,C42998,34391-3,,,LABELER,"Teva Women's Health, Inc.",C73584,NLM,TRUE,,6,,,FALSE,TRUE,FALSE,TRUE,TRUE
51285-0114-58_PART_2_OF_3_CHAL10_SF_982DCC1E.jpg,51285-0114-58,114,TRUE,TRUE,FALSE,fcn_mix_weight/dr_224/51285-0114-58_PART_2_OF_3_CHAL10_SF_982DCC1E.jpg,51285-0114-58_982DCC1E,31651,TRUE,10/17/2017 05:31:37 PM,10/17/2017 05:31:37 PM,997a8511-357b-42b7-aa4c-00895bed1e10-51285-114-1,997a8511-357b-42b7-aa4c-00895bed1e10,5,,C48348,ROUND,,1,,dp;021,,C48325,WHITE,,DESOGESTREL 0.15 mg;ETHINYL ESTRADIOL 0.02 mg;,DESOGESTREL[DESOGESTREL];ETHINYL ESTRADIOL[ETHINYL ESTRADIOL];,"SILICON DIOXIDE;HYPROMELLOSE 2910 (6 MPA.S);LACTOSE MONOHYDRATE;POLYETHYLENE GLYCOL 400;POLYETHYLENE GLYCOL 8000;POVIDONE K30;STARCH, CORN;STEARIC ACID;.ALPHA.-TOCOPHEROL;",HRX,,{21 (Desogestrel 0.15 MG / Ethinyl Estradiol 0.02 MG Oral Tablet) / 5 (Ethinyl Estradiol 0.01 MG Oral Tablet) / 2 (Inert Ingredients 1 MG Oral Tablet) } Pack [Mircette 28 Day],762002,,51285-114,1,Mircette,512850114,51285,114,Mircette,completed,20140619,716ad3dc-114d-4d75-83da-41987a38fd84.xml,,C42998,34391-3,,,LABELER,"Teva Women's Health, Inc.",C73584,NLM,TRUE,,6,,,FALSE,TRUE,FALSE,TRUE,TRUE
51285-0114-58_PART_3_OF_3_CHAL10_SB_9D2DCE8E.jpg,51285-0114-58,114,TRUE,FALSE,FALSE,fcn_mix_weight/dr_224/51285-0114-58_PART_3_OF_3_CHAL10_SB_9D2DCE8E.jpg,51285-0114-58_9D2DCE8E,38979,TRUE,10/17/2017 05:32:10 PM,10/17/2017 05:32:10 PM,997a8511-357b-42b7-aa4c-00895bed1e10-51285-114-3,997a8511-357b-42b7-aa4c-00895bed1e10,5,,C48348,ROUND,,1,,dp;457,,C48330,YELLOW,,ETHINYL ESTRADIOL 0.01 mg;,ETHINYL ESTRADIOL[ETHINYL ESTRADIOL];,"SILICON DIOXIDE;D&C YELLOW NO. 10;ALUMINUM OXIDE;FD&C YELLOW NO. 6;HYPROMELLOSE 2910 (3 MPA.S);HYPROMELLOSE 2910 (6 MPA.S);LACTOSE MONOHYDRATE;POLYETHYLENE GLYCOL 8000;POLYETHYLENE GLYCOL 400;POVIDONE K30;POLYSORBATE 80;STARCH, CORN;STEARIC ACID;TITANIUM DIOXIDE;.ALPHA.-TOCOPHEROL;",HRX,,{21 (Desogestrel 0.15 MG / Ethinyl Estradiol 0.02 MG Oral Tablet) / 5 (Ethinyl Estradiol 0.01 MG Oral Tablet) / 2 (Inert Ingredients 1 MG Oral Tablet) } Pack [Mircette 28 Day],762002,,51285-114,3,Mircette,512850114,51285,114,Mircette,completed,20140619,716ad3dc-114d-4d75-83da-41987a38fd84.xml,,C42998,34391-3,,,LABELER,"Teva Women's Health, Inc.",C73584,NLM,TRUE,,6,,,FALSE,TRUE,FALSE,TRUE,TRUE
51285-0114-58_PART_3_OF_3_CHAL10_SB_9D2DCE8E.jpg,51285-0114-58,114,TRUE,FALSE,FALSE,fcn_mix_weight/dr_224/51285-0114-58_PART_3_OF_3_CHAL10_SB_9D2DCE8E.jpg,51285-0114-58_9D2DCE8E,33170,TRUE,10/17/2017 05:31:44 PM,10/17/2017 05:31:44 PM,997a8511-357b-42b7-aa4c-00895bed1e10-51285-114-2,997a8511-357b-42b7-aa4c-00895bed1e10,5,,C48348,ROUND,,1,,dp;331,,C48329,GREEN,,,,"FD&C BLUE NO. 1;ALUMINUM OXIDE;FD&C YELLOW NO. 6;D&C YELLOW NO. 10;LACTOSE MONOHYDRATE;MAGNESIUM STEARATE;CELLULOSE, MICROCRYSTALLINE;STARCH, CORN;",HRX,,{21 (Desogestrel 0.15 MG / Ethinyl Estradiol 0.02 MG Oral Tablet) / 5 (Ethinyl Estradiol 0.01 MG Oral Tablet) / 2 (Inert Ingredients 1 MG Oral Tablet) } Pack [Mircette 28 Day],762002,,51285-114,2,Inert,512850114,51285,114,Mircette,completed,20140619,716ad3dc-114d-4d75-83da-41987a38fd84.xml,,C42998,34391-3,,,LABELER,"Teva Women's Health, Inc.",C73584,NLM,TRUE,,6,,,FALSE,TRUE,FALSE,TRUE,TRUE
51285-0114-58_PART_3_OF_3_CHAL10_SB_9D2DCE8E.jpg,51285-0114-58,114,TRUE,FALSE,FALSE,fcn_mix_weight/dr_224/51285-0114-58_PART_3_OF_3_CHAL10_SB_9D2DCE8E.jpg,51285-0114-58_9D2DCE8E,31651,TRUE,10/17/2017 05:31:37 PM,10/17/2017 05:31:37 PM,997a8511-357b-42b7-aa4c-00895bed1e10-51285-114-1,997a8511-357b-42b7-aa4c-00895bed1e10,5,,C48348,ROUND,,1,,dp;021,,C48325,WHITE,,DESOGESTREL 0.15 mg;ETHINYL ESTRADIOL 0.02 mg;,DESOGESTREL[DESOGESTREL];ETHINYL ESTRADIOL[ETHINYL ESTRADIOL];,"SILICON DIOXIDE;HYPROMELLOSE 2910 (6 MPA.S);LACTOSE MONOHYDRATE;POLYETHYLENE GLYCOL 400;POLYETHYLENE GLYCOL 8000;POVIDONE K30;STARCH, CORN;STEARIC ACID;.ALPHA.-TOCOPHEROL;",HRX,,{21 (Desogestrel 0.15 MG / Ethinyl Estradiol 0.02 MG Oral Tablet) / 5 (Ethinyl Estradiol 0.01 MG Oral Tablet) / 2 (Inert Ingredients 1 MG Oral Tablet) } Pack [Mircette 28 Day],762002,,51285-114,1,Mircette,512850114,51285,114,Mircette,completed,20140619,716ad3dc-114d-4d75-83da-41987a38fd84.xml,,C42998,34391-3,,,LABELER,"Teva Women's Health, Inc.",C73584,NLM,TRUE,,6,,,FALSE,TRUE,FALSE,TRUE,TRUE
51285-0114-58_PART_3_OF_3_CHAL10_SF_9D2DCE8E.jpg,51285-0114-58,114,TRUE,TRUE,FALSE,fcn_mix_weight/dr_224/51285-0114-58_PART_3_OF_3_CHAL10_SF_9D2DCE8E.jpg,51285-0114-58_9D2DCE8E,38979,TRUE,10/17/2017 05:32:10 PM,10/17/2017 05:32:10 PM,997a8511-357b-42b7-aa4c-00895bed1e10-51285-114-3,997a8511-357b-42b7-aa4c-00895bed1e10,5,,C48348,ROUND,,1,,dp;457,,C48330,YELLOW,,ETHINYL ESTRADIOL 0.01 mg;,ETHINYL ESTRADIOL[ETHINYL ESTRADIOL];,"SILICON DIOXIDE;D&C YELLOW NO. 10;ALUMINUM OXIDE;FD&C YELLOW NO. 6;HYPROMELLOSE 2910 (3 MPA.S);HYPROMELLOSE 2910 (6 MPA.S);LACTOSE MONOHYDRATE;POLYETHYLENE GLYCOL 8000;POLYETHYLENE GLYCOL 400;POVIDONE K30;POLYSORBATE 80;STARCH, CORN;STEARIC ACID;TITANIUM DIOXIDE;.ALPHA.-TOCOPHEROL;",HRX,,{21 (Desogestrel 0.15 MG / Ethinyl Estradiol 0.02 MG Oral Tablet) / 5 (Ethinyl Estradiol 0.01 MG Oral Tablet) / 2 (Inert Ingredients 1 MG Oral Tablet) } Pack [Mircette 28 Day],762002,,51285-114,3,Mircette,512850114,51285,114,Mircette,completed,20140619,716ad3dc-114d-4d75-83da-41987a38fd84.xml,,C42998,34391-3,,,LABELER,"Teva Women's Health, Inc.",C73584,NLM,TRUE,,6,,,FALSE,TRUE,FALSE,TRUE,TRUE
51285-0114-58_PART_3_OF_3_CHAL10_SF_9D2DCE8E.jpg,51285-0114-58,114,TRUE,TRUE,FALSE,fcn_mix_weight/dr_224/51285-0114-58_PART_3_OF_3_CHAL10_SF_9D2DCE8E.jpg,51285-0114-58_9D2DCE8E,33170,TRUE,10/17/2017 05:31:44 PM,10/17/2017 05:31:44 PM,997a8511-357b-42b7-aa4c-00895bed1e10-51285-114-2,997a8511-357b-42b7-aa4c-00895bed1e10,5,,C48348,ROUND,,1,,dp;331,,C48329,GREEN,,,,"FD&C BLUE NO. 1;ALUMINUM OXIDE;FD&C YELLOW NO. 6;D&C YELLOW NO. 10;LACTOSE MONOHYDRATE;MAGNESIUM STEARATE;CELLULOSE, MICROCRYSTALLINE;STARCH, CORN;",HRX,,{21 (Desogestrel 0.15 MG / Ethinyl Estradiol 0.02 MG Oral Tablet) / 5 (Ethinyl Estradiol 0.01 MG Oral Tablet) / 2 (Inert Ingredients 1 MG Oral Tablet) } Pack [Mircette 28 Day],762002,,51285-114,2,Inert,512850114,51285,114,Mircette,completed,20140619,716ad3dc-114d-4d75-83da-41987a38fd84.xml,,C42998,34391-3,,,LABELER,"Teva Women's Health, Inc.",C73584,NLM,TRUE,,6,,,FALSE,TRUE,FALSE,TRUE,TRUE
51285-0114-58_PART_3_OF_3_CHAL10_SF_9D2DCE8E.jpg,51285-0114-58,114,TRUE,TRUE,FALSE,fcn_mix_weight/dr_224/51285-0114-58_PART_3_OF_3_CHAL10_SF_9D2DCE8E.jpg,51285-0114-58_9D2DCE8E,31651,TRUE,10/17/2017 05:31:37 PM,10/17/2017 05:31:37 PM,997a8511-357b-42b7-aa4c-00895bed1e10-51285-114-1,997a8511-357b-42b7-aa4c-00895bed1e10,5,,C48348,ROUND,,1,,dp;021,,C48325,WHITE,,DESOGESTREL 0.15 mg;ETHINYL ESTRADIOL 0.02 mg;,DESOGESTREL[DESOGESTREL];ETHINYL ESTRADIOL[ETHINYL ESTRADIOL];,"SILICON DIOXIDE;HYPROMELLOSE 2910 (6 MPA.S);LACTOSE MONOHYDRATE;POLYETHYLENE GLYCOL 400;POLYETHYLENE GLYCOL 8000;POVIDONE K30;STARCH, CORN;STEARIC ACID;.ALPHA.-TOCOPHEROL;",HRX,,{21 (Desogestrel 0.15 MG / Ethinyl Estradiol 0.02 MG Oral Tablet) / 5 (Ethinyl Estradiol 0.01 MG Oral Tablet) / 2 (Inert Ingredients 1 MG Oral Tablet) } Pack [Mircette 28 Day],762002,,51285-114,1,Mircette,512850114,51285,114,Mircette,completed,20140619,716ad3dc-114d-4d75-83da-41987a38fd84.xml,,C42998,34391-3,,,LABELER,"Teva Women's Health, Inc.",C73584,NLM,TRUE,,6,,,FALSE,TRUE,FALSE,TRUE,TRUE
51285-0406-02_PART_1_OF_1_CHAL10_SB_E91FF4AF.jpg,51285-0406-02,406,TRUE,FALSE,FALSE,fcn_mix_weight/dr_224/51285-0406-02_PART_1_OF_1_CHAL10_SB_E91FF4AF.jpg,51285-0406-02_E91FF4AF,46158,TRUE,10/17/2017 05:32:43 PM,10/17/2017 05:32:43 PM,b7aba0b2-72d1-4429-bb64-98b92e9d9433-51285-406-0,b7aba0b2-72d1-4429-bb64-98b92e9d9433,8,,C48345,OVAL,,1,,E;1,,C48325,WHITE,,"ESTROGENS, CONJUGATED SYNTHETIC B 0.3 mg;","ESTROGENS, CONJUGATED SYNTHETIC B[ESTROGENS, CONJUGATED SYNTHETIC B];",ASCORBYL PALMITATE;BUTYLATED HYDROXYANISOLE;SILICON DIOXIDE;EDETATE DISODIUM;GLYCERIN;HYPROMELLOSE;FERRIC OXIDE RED;LACTOSE MONOHYDRATE;MAGNESIUM STEARATE;ETHYLCELLULOSE;POLYETHYLENE GLYCOL;POLYSORBATE 80;WATER;TITANIUM DIOXIDE;TRIETHYL CITRATE;TRIACETIN;,HRX,,"synthetic conjugated estrogens, B 0.3 MG Oral Tablet [Enjuvia]",630720,,51285-406,0,,512850406,51285,406,ENJUVIA,active,20100301,b7aba0b2-72d1-4429-bb64-98b92e9d9433.xml,,C42998,34391-3,,,LABELER,Duramed Pharmaceuticals Inc.,C73594,NLM,TRUE,,1,,,FALSE,TRUE,FALSE,TRUE,TRUE
51285-0406-02_PART_1_OF_1_CHAL10_SF_E91FF4AF.jpg,51285-0406-02,406,TRUE,TRUE,FALSE,fcn_mix_weight/dr_224/51285-0406-02_PART_1_OF_1_CHAL10_SF_E91FF4AF.jpg,51285-0406-02_E91FF4AF,46158,TRUE,10/17/2017 05:32:43 PM,10/17/2017 05:32:43 PM,b7aba0b2-72d1-4429-bb64-98b92e9d9433-51285-406-0,b7aba0b2-72d1-4429-bb64-98b92e9d9433,8,,C48345,OVAL,,1,,E;1,,C48325,WHITE,,"ESTROGENS, CONJUGATED SYNTHETIC B 0.3 mg;","ESTROGENS, CONJUGATED SYNTHETIC B[ESTROGENS, CONJUGATED SYNTHETIC B];",ASCORBYL PALMITATE;BUTYLATED HYDROXYANISOLE;SILICON DIOXIDE;EDETATE DISODIUM;GLYCERIN;HYPROMELLOSE;FERRIC OXIDE RED;LACTOSE MONOHYDRATE;MAGNESIUM STEARATE;ETHYLCELLULOSE;POLYETHYLENE GLYCOL;POLYSORBATE 80;WATER;TITANIUM DIOXIDE;TRIETHYL CITRATE;TRIACETIN;,HRX,,"synthetic conjugated estrogens, B 0.3 MG Oral Tablet [Enjuvia]",630720,,51285-406,0,,512850406,51285,406,ENJUVIA,active,20100301,b7aba0b2-72d1-4429-bb64-98b92e9d9433.xml,,C42998,34391-3,,,LABELER,Duramed Pharmaceuticals Inc.,C73594,NLM,TRUE,,1,,,FALSE,TRUE,FALSE,TRUE,TRUE
51285-0595-02_PART_1_OF_1_CHAL10_SB_EE2FF76F.jpg,51285-0595-02,595,TRUE,FALSE,FALSE,fcn_mix_weight/dr_224/51285-0595-02_PART_1_OF_1_CHAL10_SB_EE2FF76F.jpg,51285-0595-02_EE2FF76F,19743,TRUE,10/17/2017 05:30:45 PM,10/17/2017 05:30:45 PM,6ea1b78e-acf4-4cd6-a126-699a0567669a-51285-595-0,6ea1b78e-acf4-4cd6-a126-699a0567669a,10,,C48345,OVAL,,1,,OP;701,,C48331,ORANGE,,PROTRIPTYLINE HYDROCHLORIDE 5 mg;,PROTRIPTYLINE HYDROCHLORIDE[PROTRIPTYLINE];,"ANHYDROUS LACTOSE;CARNAUBA WAX;STARCH, CORN;CALCIUM PHOSPHATE, DIBASIC, ANHYDROUS;HYDROXYPROPYL CELLULOSE (TYPE H);HYPROMELLOSE 2910 (6 MPA.S);MAGNESIUM STEARATE;CELLULOSE, MICROCRYSTALLINE;POLYETHYLENE GLYCOL 400;POLYETHYLENE GLYCOL 8000;POLYSORBATE 80;PROPYLENE GLYCOL;SODIUM STARCH GLYCOLATE TYPE A POTATO;TITANIUM DIOXIDE;FD&C YELLOW NO. 6;FD&C RED NO. 40;ALUMINUM OXIDE;",HRX,,Protriptyline Hydrochloride 5 MG Oral Tablet [Vivactil],905174,,51285-595,0,,512850595,51285,595,Vivactil,active,20140610,b3ae92e4-a644-4b9f-a048-ea1c82c0f025.xml,,C42931,34391-3,,,LABELER,"Teva Women's Health, Inc.",C73584,NLM,TRUE,,5,,,FALSE,TRUE,FALSE,TRUE,TRUE
51285-0595-02_PART_1_OF_1_CHAL10_SF_EE2FF76F.jpg,51285-0595-02,595,TRUE,TRUE,FALSE,fcn_mix_weight/dr_224/51285-0595-02_PART_1_OF_1_CHAL10_SF_EE2FF76F.jpg,51285-0595-02_EE2FF76F,19743,TRUE,10/17/2017 05:30:45 PM,10/17/2017 05:30:45 PM,6ea1b78e-acf4-4cd6-a126-699a0567669a-51285-595-0,6ea1b78e-acf4-4cd6-a126-699a0567669a,10,,C48345,OVAL,,1,,OP;701,,C48331,ORANGE,,PROTRIPTYLINE HYDROCHLORIDE 5 mg;,PROTRIPTYLINE HYDROCHLORIDE[PROTRIPTYLINE];,"ANHYDROUS LACTOSE;CARNAUBA WAX;STARCH, CORN;CALCIUM PHOSPHATE, DIBASIC, ANHYDROUS;HYDROXYPROPYL CELLULOSE (TYPE H);HYPROMELLOSE 2910 (6 MPA.S);MAGNESIUM STEARATE;CELLULOSE, MICROCRYSTALLINE;POLYETHYLENE GLYCOL 400;POLYETHYLENE GLYCOL 8000;POLYSORBATE 80;PROPYLENE GLYCOL;SODIUM STARCH GLYCOLATE TYPE A POTATO;TITANIUM DIOXIDE;FD&C YELLOW NO. 6;FD&C RED NO. 40;ALUMINUM OXIDE;",HRX,,Protriptyline Hydrochloride 5 MG Oral Tablet [Vivactil],905174,,51285-595,0,,512850595,51285,595,Vivactil,active,20140610,b3ae92e4-a644-4b9f-a048-ea1c82c0f025.xml,,C42931,34391-3,,,LABELER,"Teva Women's Health, Inc.",C73584,NLM,TRUE,,5,,,FALSE,TRUE,FALSE,TRUE,TRUE
51285-0690-02_PART_1_OF_1_CHAL10_SB_852F42DA.jpg,51285-0690-02,690,TRUE,FALSE,FALSE,fcn_mix_weight/dr_224/51285-0690-02_PART_1_OF_1_CHAL10_SB_852F42DA.jpg,51285-0690-02_852F42DA,20892,TRUE,10/17/2017 05:30:50 PM,2020-02-10 17:08:02,5513ddc8-90c8-4548-8188-5a807465cdc4-51285-690-0,5513ddc8-90c8-4548-8188-5a807465cdc4,11,,C48348,ROUND,,2,,OP;703,,C48325,WHITE,,BETHANECHOL CHLORIDE 10 mg;,BETHANECHOL CHLORIDE[BETHANECHOL];,"ANHYDROUS LACTOSE;SILICON DIOXIDE;MAGNESIUM STEARATE;CELLULOSE, MICROCRYSTALLINE;SODIUM STARCH GLYCOLATE TYPE A POTATO;",HRX,SBD,bethanechol chloride 10 MG Oral Tablet [Urecholine],857325,2020-02-10 15:47:55,51285-690,0,,512850690,51285,690,Urecholine,active,20150930,c08ddeaf-c772-4e32-92a8-9fb81dc94ddb.xml,,C42998,34391-3,,,LABELER,"Teva Women's Health, Inc.",C73584,NLM,TRUE,,9,,,TRUE,FALSE,FALSE,TRUE,TRUE
51285-0690-02_PART_1_OF_1_CHAL10_SF_852F42DA.jpg,51285-0690-02,690,TRUE,TRUE,FALSE,fcn_mix_weight/dr_224/51285-0690-02_PART_1_OF_1_CHAL10_SF_852F42DA.jpg,51285-0690-02_852F42DA,20892,TRUE,10/17/2017 05:30:50 PM,2020-02-10 17:08:02,5513ddc8-90c8-4548-8188-5a807465cdc4-51285-690-0,5513ddc8-90c8-4548-8188-5a807465cdc4,11,,C48348,ROUND,,2,,OP;703,,C48325,WHITE,,BETHANECHOL CHLORIDE 10 mg;,BETHANECHOL CHLORIDE[BETHANECHOL];,"ANHYDROUS LACTOSE;SILICON DIOXIDE;MAGNESIUM STEARATE;CELLULOSE, MICROCRYSTALLINE;SODIUM STARCH GLYCOLATE TYPE A POTATO;",HRX,SBD,bethanechol chloride 10 MG Oral Tablet [Urecholine],857325,2020-02-10 15:47:55,51285-690,0,,512850690,51285,690,Urecholine,active,20150930,c08ddeaf-c772-4e32-92a8-9fb81dc94ddb.xml,,C42998,34391-3,,,LABELER,"Teva Women's Health, Inc.",C73584,NLM,TRUE,,9,,,TRUE,FALSE,FALSE,TRUE,TRUE
51285-0691-02_PART_1_OF_1_CHAL10_SB_5F2F2F89.jpg,51285-0691-02,691,TRUE,FALSE,FALSE,fcn_mix_weight/dr_224/51285-0691-02_PART_1_OF_1_CHAL10_SB_5F2F2F89.jpg,51285-0691-02_5F2F2F89,21233,TRUE,10/17/2017 05:30:52 PM,2020-02-10 17:08:02,5513ddc8-90c8-4548-8188-5a807465cdc4-51285-691-0,5513ddc8-90c8-4548-8188-5a807465cdc4,11,,C48348,ROUND,,2,,OP;704,,C48330,YELLOW,,BETHANECHOL CHLORIDE 25 mg;,BETHANECHOL CHLORIDE[BETHANECHOL];,"ANHYDROUS LACTOSE;SILICON DIOXIDE;MAGNESIUM STEARATE;CELLULOSE, MICROCRYSTALLINE;SODIUM STARCH GLYCOLATE TYPE A POTATO;D&C YELLOW NO. 10;FD&C YELLOW NO. 6;",HRX,SBD,bethanechol chloride 25 MG Oral Tablet [Urecholine],857332,2020-02-10 15:47:56,51285-691,0,,512850691,51285,691,Urecholine,completed,20150930,c08ddeaf-c772-4e32-92a8-9fb81dc94ddb.xml,,C42998,34391-3,,,LABELER,"Teva Women's Health, Inc.",C73584,NLM,TRUE,,9,,,TRUE,FALSE,FALSE,TRUE,TRUE
51285-0691-02_PART_1_OF_1_CHAL10_SF_5F2F2F89.jpg,51285-0691-02,691,TRUE,TRUE,FALSE,fcn_mix_weight/dr_224/51285-0691-02_PART_1_OF_1_CHAL10_SF_5F2F2F89.jpg,51285-0691-02_5F2F2F89,21233,TRUE,10/17/2017 05:30:52 PM,2020-02-10 17:08:02,5513ddc8-90c8-4548-8188-5a807465cdc4-51285-691-0,5513ddc8-90c8-4548-8188-5a807465cdc4,11,,C48348,ROUND,,2,,OP;704,,C48330,YELLOW,,BETHANECHOL CHLORIDE 25 mg;,BETHANECHOL CHLORIDE[BETHANECHOL];,"ANHYDROUS LACTOSE;SILICON DIOXIDE;MAGNESIUM STEARATE;CELLULOSE, MICROCRYSTALLINE;SODIUM STARCH GLYCOLATE TYPE A POTATO;D&C YELLOW NO. 10;FD&C YELLOW NO. 6;",HRX,SBD,bethanechol chloride 25 MG Oral Tablet [Urecholine],857332,2020-02-10 15:47:56,51285-691,0,,512850691,51285,691,Urecholine,completed,20150930,c08ddeaf-c772-4e32-92a8-9fb81dc94ddb.xml,,C42998,34391-3,,,LABELER,"Teva Women's Health, Inc.",C73584,NLM,TRUE,,9,,,TRUE,FALSE,FALSE,TRUE,TRUE
51285-0692-02_PART_1_OF_1_CHAL10_SB_8A2F454A.jpg,51285-0692-02,692,TRUE,FALSE,FALSE,fcn_mix_weight/dr_224/51285-0692-02_PART_1_OF_1_CHAL10_SB_8A2F454A.jpg,51285-0692-02_8A2F454A,23334,TRUE,10/17/2017 05:31:01 PM,2020-02-10 17:08:02,5513ddc8-90c8-4548-8188-5a807465cdc4-51285-692-0,5513ddc8-90c8-4548-8188-5a807465cdc4,11,,C48348,ROUND,,2,,OP;700,,C48330,YELLOW,,BETHANECHOL CHLORIDE 50 mg;,BETHANECHOL CHLORIDE[BETHANECHOL];,"ANHYDROUS LACTOSE;SILICON DIOXIDE;MAGNESIUM STEARATE;CELLULOSE, MICROCRYSTALLINE;SODIUM STARCH GLYCOLATE TYPE A POTATO;D&C YELLOW NO. 10;FD&C YELLOW NO. 6;",HRX,SBD,bethanechol chloride 50 MG Oral Tablet [Urecholine],857344,2020-02-10 15:47:57,51285-692,0,,512850692,51285,692,Urecholine,completed,20150930,c08ddeaf-c772-4e32-92a8-9fb81dc94ddb.xml,,C42998,34391-3,,,LABELER,"Teva Women's Health, Inc.",C73584,NLM,TRUE,,9,,,TRUE,FALSE,FALSE,TRUE,TRUE
51285-0692-02_PART_1_OF_1_CHAL10_SF_8A2F454A.jpg,51285-0692-02,692,TRUE,TRUE,FALSE,fcn_mix_weight/dr_224/51285-0692-02_PART_1_OF_1_CHAL10_SF_8A2F454A.jpg,51285-0692-02_8A2F454A,23334,TRUE,10/17/2017 05:31:01 PM,2020-02-10 17:08:02,5513ddc8-90c8-4548-8188-5a807465cdc4-51285-692-0,5513ddc8-90c8-4548-8188-5a807465cdc4,11,,C48348,ROUND,,2,,OP;700,,C48330,YELLOW,,BETHANECHOL CHLORIDE 50 mg;,BETHANECHOL CHLORIDE[BETHANECHOL];,"ANHYDROUS LACTOSE;SILICON DIOXIDE;MAGNESIUM STEARATE;CELLULOSE, MICROCRYSTALLINE;SODIUM STARCH GLYCOLATE TYPE A POTATO;D&C YELLOW NO. 10;FD&C YELLOW NO. 6;",HRX,SBD,bethanechol chloride 50 MG Oral Tablet [Urecholine],857344,2020-02-10 15:47:57,51285-692,0,,512850692,51285,692,Urecholine,completed,20150930,c08ddeaf-c772-4e32-92a8-9fb81dc94ddb.xml,,C42998,34391-3,,,LABELER,"Teva Women's Health, Inc.",C73584,NLM,TRUE,,9,,,TRUE,FALSE,FALSE,TRUE,TRUE
51285-0697-02_PART_1_OF_1_CHAL10_SB_8E2F475A.jpg,51285-0697-02,697,TRUE,FALSE,FALSE,fcn_mix_weight/dr_224/51285-0697-02_PART_1_OF_1_CHAL10_SB_8E2F475A.jpg,51285-0697-02_8E2F475A,35353,TRUE,10/17/2017 05:31:54 PM,2020-02-10 17:02:51,5513ddc8-90c8-4548-8188-5a807465cdc4-51285-697-0,5513ddc8-90c8-4548-8188-5a807465cdc4,11,,C48348,ROUND,,2,,OP;697,,C48325,WHITE,,BETHANECHOL CHLORIDE 5 mg;,BETHANECHOL CHLORIDE[BETHANECHOL];,"ANHYDROUS LACTOSE;SILICON DIOXIDE;MAGNESIUM STEARATE;CELLULOSE, MICROCRYSTALLINE;SODIUM STARCH GLYCOLATE TYPE A POTATO;",HRX,SBD,bethanechol chloride 5 MG Oral Tablet [Urecholine],857338,2020-02-10 15:22:27,51285-697,0,,512850697,51285,697,Urecholine,active,20150930,c08ddeaf-c772-4e32-92a8-9fb81dc94ddb.xml,,C42998,34391-3,,,LABELER,"Teva Women's Health, Inc.",C73584,NLM,TRUE,,9,,,TRUE,FALSE,FALSE,TRUE,TRUE
51285-0697-02_PART_1_OF_1_CHAL10_SF_8E2F475A.jpg,51285-0697-02,697,TRUE,TRUE,FALSE,fcn_mix_weight/dr_224/51285-0697-02_PART_1_OF_1_CHAL10_SF_8E2F475A.jpg,51285-0697-02_8E2F475A,35353,TRUE,10/17/2017 05:31:54 PM,2020-02-10 17:02:51,5513ddc8-90c8-4548-8188-5a807465cdc4-51285-697-0,5513ddc8-90c8-4548-8188-5a807465cdc4,11,,C48348,ROUND,,2,,OP;697,,C48325,WHITE,,BETHANECHOL CHLORIDE 5 mg;,BETHANECHOL CHLORIDE[BETHANECHOL];,"ANHYDROUS LACTOSE;SILICON DIOXIDE;MAGNESIUM STEARATE;CELLULOSE, MICROCRYSTALLINE;SODIUM STARCH GLYCOLATE TYPE A POTATO;",HRX,SBD,bethanechol chloride 5 MG Oral Tablet [Urecholine],857338,2020-02-10 15:22:27,51285-697,0,,512850697,51285,697,Urecholine,active,20150930,c08ddeaf-c772-4e32-92a8-9fb81dc94ddb.xml,,C42998,34391-3,,,LABELER,"Teva Women's Health, Inc.",C73584,NLM,TRUE,,9,,,TRUE,FALSE,FALSE,TRUE,TRUE
51672-4016-01_PART_1_OF_1_CHAL10_SB_09268484.jpg,51672-4016-01,4016,TRUE,FALSE,FALSE,fcn_mix_weight/dr_224/51672-4016-01_PART_1_OF_1_CHAL10_SB_09268484.jpg,51672-4016-01_09268484,41521,TRUE,10/17/2017 05:32:22 PM,2020-02-10 17:04:25,ec82b108-6a6f-4d1b-82cb-831d4ed36c80-51672-4016-0,ec82b108-6a6f-4d1b-82cb-831d4ed36c80,22,,C48336,CAPSULE,,1,,ETO;200;MG,,C48328,PINK,,Etodolac 200 mg;,Etodolac[Etodolac];,"Ammonia;Ferrosoferric Oxide;Silicon Dioxide;FD&C Red No. 3;Alcohol;Gelatin;Isopropyl Alcohol;Lactose Monohydrate;Magnesium Stearate;Cellulose, Microcrystalline;Butyl Alcohol;Povidones;Propylene Glycol;Water;Shellac;Titanium Dioxide;",HRX,SCD,etodolac 200 MG Oral Capsule,197684,2020-02-10 15:30:06,51672-4016,0,,516724016,51672,4016,Etodolac,active,20151217,f4440ea0-5ba7-492c-af23-fe8c97fdbe58.xml,,C25158,34391-3,,,LABELER,"Taro Pharmaceuticals U.S.A., Inc.",C73584,NLM,TRUE,,5,,,TRUE,FALSE,FALSE,TRUE,TRUE
51672-4016-01_PART_1_OF_1_CHAL10_SF_09268484.jpg,51672-4016-01,4016,TRUE,TRUE,FALSE,fcn_mix_weight/dr_224/51672-4016-01_PART_1_OF_1_CHAL10_SF_09268484.jpg,51672-4016-01_09268484,41521,TRUE,10/17/2017 05:32:22 PM,2020-02-10 17:04:25,ec82b108-6a6f-4d1b-82cb-831d4ed36c80-51672-4016-0,ec82b108-6a6f-4d1b-82cb-831d4ed36c80,22,,C48336,CAPSULE,,1,,ETO;200;MG,,C48328,PINK,,Etodolac 200 mg;,Etodolac[Etodolac];,"Ammonia;Ferrosoferric Oxide;Silicon Dioxide;FD&C Red No. 3;Alcohol;Gelatin;Isopropyl Alcohol;Lactose Monohydrate;Magnesium Stearate;Cellulose, Microcrystalline;Butyl Alcohol;Povidones;Propylene Glycol;Water;Shellac;Titanium Dioxide;",HRX,SCD,etodolac 200 MG Oral Capsule,197684,2020-02-10 15:30:06,51672-4016,0,,516724016,51672,4016,Etodolac,active,20151217,f4440ea0-5ba7-492c-af23-fe8c97fdbe58.xml,,C25158,34391-3,,,LABELER,"Taro Pharmaceuticals U.S.A., Inc.",C73584,NLM,TRUE,,5,,,TRUE,FALSE,FALSE,TRUE,TRUE
51672-4029-01_PART_1_OF_1_CHAL10_SB_B9265CF2.jpg,51672-4029-01,4029,TRUE,FALSE,FALSE,fcn_mix_weight/dr_224/51672-4029-01_PART_1_OF_1_CHAL10_SB_B9265CF2.jpg,51672-4029-01_B9265CF2,13108,TRUE,10/17/2017 05:30:17 PM,2020-02-10 17:05:18,8ad881e0-ca41-42ad-9d7d-eb85b3a30af0-51672-4029-0,8ad881e0-ca41-42ad-9d7d-eb85b3a30af0,11,,C48345,OVAL,,2,,2;1;2;WARFARIN;TARO,,C48329,GREEN,,Warfarin Sodium 2.5 mg;,Warfarin Sodium[Warfarin];,"anhydrous lactose;starch, corn;magnesium stearate;FD&C Blue No. 2;D&C Yellow No. 10;Aluminum Oxide;",HRX,SCD,warfarin sodium 2.5 MG Oral Tablet,855312,2020-02-10 15:33:52,51672-4029,0,,516724029,51672,4029,Warfarin Sodium,active,20191107,e2967606-9be3-44c7-8552-b291870aa7d6.xml,,C42998,34391-3,,,LABELER,"Taro Pharmaceuticals U.S.A., Inc.",C73584,NLM,TRUE,,9,,,TRUE,FALSE,FALSE,TRUE,TRUE
51672-4029-01_PART_1_OF_1_CHAL10_SB_B9265CF2.jpg,51672-4029-01,4029,TRUE,FALSE,FALSE,fcn_mix_weight/dr_224/51672-4029-01_PART_1_OF_1_CHAL10_SB_B9265CF2.jpg,51672-4029-01_B9265CF2,42139,TRUE,10/17/2017 05:32:24 PM,2020-02-10 17:13:02,feaa5f6f-9753-4f37-ab81-04c9c6b45e6a-68084-027-0,feaa5f6f-9753-4f37-ab81-04c9c6b45e6a,11,,C48345,OVAL,,2,,2;1;2;WARFARIN;TARO,,C48329,GREEN,,WARFARIN SODIUM 2.5 mg;,WARFARIN SODIUM[WARFARIN];,"ANHYDROUS LACTOSE;STARCH, CORN;MAGNESIUM STEARATE;D&C YELLOW NO. 10;FD&C BLUE NO. 2;",HRX,SCD,warfarin sodium 2.5 MG Oral Tablet,855312,2020-02-10 16:15:52,68084-027,0,,680840027,68084,27,Warfarin Sodium,active,20190515,88eeb189-8a47-2c9c-e053-2a95a90a7030.xml,51672-4029,C42998,34391-3,,,LABELER,American Health Packaging,C73584,SPL,TRUE,1,6,,,TRUE,FALSE,FALSE,TRUE,TRUE
51672-4029-01_PART_1_OF_1_CHAL10_SB_B9265CF2.jpg,51672-4029-01,4029,TRUE,FALSE,FALSE,fcn_mix_weight/dr_224/51672-4029-01_PART_1_OF_1_CHAL10_SB_B9265CF2.jpg,51672-4029-01_B9265CF2,76104,TRUE,09/20/2019 09:10:06 PM,2020-02-10 17:12:38,7c4deb97-9966-4c8e-9ba6-bb260b71e130-55154-4696-0,7c4deb97-9966-4c8e-9ba6-bb260b71e130,11,,C48345,OVAL,,2,,2;1;2;WARFARIN;TARO,,C48329,GREEN,,WARFARIN SODIUM 2.5 mg;,WARFARIN SODIUM[WARFARIN];,"ANHYDROUS LACTOSE;STARCH, CORN;MAGNESIUM STEARATE;D&C YELLOW NO. 10;FD&C BLUE NO. 2;",HRX,SCD,warfarin sodium 2.5 MG Oral Tablet,855312,2020-02-10 16:13:42,55154-4696,0,,551544696,55154,4696,Warfarin Sodium,active,20190629,7c4deb97-9966-4c8e-9ba6-bb260b71e130.xml,68084-027,C42998,,,,LABELER,Cardinal Health,C73584,SPL,TRUE,1,1,,,TRUE,FALSE,FALSE,FALSE,TRUE
51672-4029-01_PART_1_OF_1_CHAL10_SF_B9265CF2.jpg,51672-4029-01,4029,TRUE,TRUE,FALSE,fcn_mix_weight/dr_224/51672-4029-01_PART_1_OF_1_CHAL10_SF_B9265CF2.jpg,51672-4029-01_B9265CF2,13108,TRUE,10/17/2017 05:30:17 PM,2020-02-10 17:05:18,8ad881e0-ca41-42ad-9d7d-eb85b3a30af0-51672-4029-0,8ad881e0-ca41-42ad-9d7d-eb85b3a30af0,11,,C48345,OVAL,,2,,2;1;2;WARFARIN;TARO,,C48329,GREEN,,Warfarin Sodium 2.5 mg;,Warfarin Sodium[Warfarin];,"anhydrous lactose;starch, corn;magnesium stearate;FD&C Blue No. 2;D&C Yellow No. 10;Aluminum Oxide;",HRX,SCD,warfarin sodium 2.5 MG Oral Tablet,855312,2020-02-10 15:33:52,51672-4029,0,,516724029,51672,4029,Warfarin Sodium,active,20191107,e2967606-9be3-44c7-8552-b291870aa7d6.xml,,C42998,34391-3,,,LABELER,"Taro Pharmaceuticals U.S.A., Inc.",C73584,NLM,TRUE,,9,,,TRUE,FALSE,FALSE,TRUE,TRUE
51672-4029-01_PART_1_OF_1_CHAL10_SF_B9265CF2.jpg,51672-4029-01,4029,TRUE,TRUE,FALSE,fcn_mix_weight/dr_224/51672-4029-01_PART_1_OF_1_CHAL10_SF_B9265CF2.jpg,51672-4029-01_B9265CF2,42139,TRUE,10/17/2017 05:32:24 PM,2020-02-10 17:13:02,feaa5f6f-9753-4f37-ab81-04c9c6b45e6a-68084-027-0,feaa5f6f-9753-4f37-ab81-04c9c6b45e6a,11,,C48345,OVAL,,2,,2;1;2;WARFARIN;TARO,,C48329,GREEN,,WARFARIN SODIUM 2.5 mg;,WARFARIN SODIUM[WARFARIN];,"ANHYDROUS LACTOSE;STARCH, CORN;MAGNESIUM STEARATE;D&C YELLOW NO. 10;FD&C BLUE NO. 2;",HRX,SCD,warfarin sodium 2.5 MG Oral Tablet,855312,2020-02-10 16:15:52,68084-027,0,,680840027,68084,27,Warfarin Sodium,active,20190515,88eeb189-8a47-2c9c-e053-2a95a90a7030.xml,51672-4029,C42998,34391-3,,,LABELER,American Health Packaging,C73584,SPL,TRUE,1,6,,,TRUE,FALSE,FALSE,TRUE,TRUE
51672-4029-01_PART_1_OF_1_CHAL10_SF_B9265CF2.jpg,51672-4029-01,4029,TRUE,TRUE,FALSE,fcn_mix_weight/dr_224/51672-4029-01_PART_1_OF_1_CHAL10_SF_B9265CF2.jpg,51672-4029-01_B9265CF2,76104,TRUE,09/20/2019 09:10:06 PM,2020-02-10 17:12:38,7c4deb97-9966-4c8e-9ba6-bb260b71e130-55154-4696-0,7c4deb97-9966-4c8e-9ba6-bb260b71e130,11,,C48345,OVAL,,2,,2;1;2;WARFARIN;TARO,,C48329,GREEN,,WARFARIN SODIUM 2.5 mg;,WARFARIN SODIUM[WARFARIN];,"ANHYDROUS LACTOSE;STARCH, CORN;MAGNESIUM STEARATE;D&C YELLOW NO. 10;FD&C BLUE NO. 2;",HRX,SCD,warfarin sodium 2.5 MG Oral Tablet,855312,2020-02-10 16:13:42,55154-4696,0,,551544696,55154,4696,Warfarin Sodium,active,20190629,7c4deb97-9966-4c8e-9ba6-bb260b71e130.xml,68084-027,C42998,,,,LABELER,Cardinal Health,C73584,SPL,TRUE,1,1,,,TRUE,FALSE,FALSE,FALSE,TRUE
51672-4030-01_PART_1_OF_1_CHAL10_SB_D12668F3.jpg,51672-4030-01,4030,TRUE,FALSE,FALSE,fcn_mix_weight/dr_224/51672-4030-01_PART_1_OF_1_CHAL10_SB_D12668F3.jpg,51672-4030-01_D12668F3,38641,TRUE,10/17/2017 05:32:09 PM,2020-02-10 17:05:18,8ad881e0-ca41-42ad-9d7d-eb85b3a30af0-51672-4030-0,8ad881e0-ca41-42ad-9d7d-eb85b3a30af0,11,,C48345,OVAL,,2,,3;WARFARIN;TARO,,C48332,BROWN,,Warfarin Sodium 3 mg;,Warfarin Sodium[Warfarin];,"anhydrous lactose;starch, corn;magnesium stearate;FD&C Blue No. 2;FD&C Red No. 40;D&C Yellow No. 10;Aluminum Oxide;",HRX,SCD,warfarin sodium 3 MG Oral Tablet,855318,2020-02-10 15:33:53,51672-4030,0,,516724030,51672,4030,Warfarin Sodium,active,20191107,e2967606-9be3-44c7-8552-b291870aa7d6.xml,,C42998,34391-3,,,LABELER,"Taro Pharmaceuticals U.S.A., Inc.",C73584,NLM,TRUE,,9,,,TRUE,FALSE,FALSE,TRUE,TRUE
51672-4030-01_PART_1_OF_1_CHAL10_SF_D12668F3.jpg,51672-4030-01,4030,TRUE,TRUE,FALSE,fcn_mix_weight/dr_224/51672-4030-01_PART_1_OF_1_CHAL10_SF_D12668F3.jpg,51672-4030-01_D12668F3,38641,TRUE,10/17/2017 05:32:09 PM,2020-02-10 17:05:18,8ad881e0-ca41-42ad-9d7d-eb85b3a30af0-51672-4030-0,8ad881e0-ca41-42ad-9d7d-eb85b3a30af0,11,,C48345,OVAL,,2,,3;WARFARIN;TARO,,C48332,BROWN,,Warfarin Sodium 3 mg;,Warfarin Sodium[Warfarin];,"anhydrous lactose;starch, corn;magnesium stearate;FD&C Blue No. 2;FD&C Red No. 40;D&C Yellow No. 10;Aluminum Oxide;",HRX,SCD,warfarin sodium 3 MG Oral Tablet,855318,2020-02-10 15:33:53,51672-4030,0,,516724030,51672,4030,Warfarin Sodium,active,20191107,e2967606-9be3-44c7-8552-b291870aa7d6.xml,,C42998,34391-3,,,LABELER,"Taro Pharmaceuticals U.S.A., Inc.",C73584,NLM,TRUE,,9,,,TRUE,FALSE,FALSE,TRUE,TRUE
51672-4032-01_PART_1_OF_1_CHAL10_SB_E52672E3.jpg,51672-4032-01,4032,TRUE,FALSE,FALSE,fcn_mix_weight/dr_224/51672-4032-01_PART_1_OF_1_CHAL10_SB_E52672E3.jpg,51672-4032-01_E52672E3,36869,TRUE,10/17/2017 05:32:01 PM,2020-02-10 17:15:43,8ad881e0-ca41-42ad-9d7d-eb85b3a30af0-51672-4032-0,8ad881e0-ca41-42ad-9d7d-eb85b3a30af0,11,,C48345,OVAL,,2,,5;WARFARIN;TARO,,C48331,ORANGE,,Warfarin Sodium 5 mg;,Warfarin Sodium[Warfarin];,"anhydrous lactose;starch, corn;magnesium stearate;D&C Yellow No. 10;Aluminum Oxide;D&C Red No. 6;Barium Oxide;",HRX,SCD,warfarin sodium 5 MG Oral Tablet,855332,2020-02-10 16:07:49,51672-4032,0,,516724032,51672,4032,Warfarin Sodium,active,20191107,e2967606-9be3-44c7-8552-b291870aa7d6.xml,,C42998,34391-3,,,LABELER,"Taro Pharmaceuticals U.S.A., Inc.",C73584,NLM,TRUE,,9,,,TRUE,FALSE,FALSE,TRUE,TRUE
51672-4032-01_PART_1_OF_1_CHAL10_SB_E52672E3.jpg,51672-4032-01,4032,TRUE,FALSE,FALSE,fcn_mix_weight/dr_224/51672-4032-01_PART_1_OF_1_CHAL10_SB_E52672E3.jpg,51672-4032-01_E52672E3,77112,TRUE,09/20/2019 09:10:50 PM,2020-02-10 17:14:59,cdbbc317-35d3-42ba-94f0-c83891358529-55154-4697-0,cdbbc317-35d3-42ba-94f0-c83891358529,11,,C48345,OVAL,,2,,5;WARFARIN;TARO,,C48331,ORANGE,,WARFARIN SODIUM 5 mg;,WARFARIN SODIUM[WARFARIN];,"ANHYDROUS LACTOSE;STARCH, CORN;MAGNESIUM STEARATE;D&C RED NO. 6;D&C YELLOW NO. 10;",HRX,SCD,warfarin sodium 5 MG Oral Tablet,855332,2020-02-10 16:26:16,55154-4697,0,,551544697,55154,4697,Warfarin Sodium,active,20190629,cdbbc317-35d3-42ba-94f0-c83891358529.xml,62584-994,C42998,,,,LABELER,Cardinal Health,C73584,SPL,TRUE,1,1,,,TRUE,FALSE,FALSE,FALSE,TRUE
51672-4032-01_PART_1_OF_1_CHAL10_SB_E52672E3.jpg,51672-4032-01,4032,TRUE,FALSE,FALSE,fcn_mix_weight/dr_224/51672-4032-01_PART_1_OF_1_CHAL10_SB_E52672E3.jpg,51672-4032-01_E52672E3,38914,TRUE,10/17/2017 05:32:10 PM,2020-02-10 17:15:35,ab047628-67d0-4a64-8d77-36b054969b44-62584-994-0,ab047628-67d0-4a64-8d77-36b054969b44,11,,C48345,OVAL,,2,,5;WARFARIN;TARO,,C48331,ORANGE,,WARFARIN SODIUM 5 mg;,WARFARIN SODIUM[WARFARIN];,"ANHYDROUS LACTOSE;STARCH, CORN;MAGNESIUM STEARATE;D&C RED NO. 6;D&C YELLOW NO. 10;",HRX,SCD,warfarin sodium 5 MG Oral Tablet,855332,2020-02-10 16:29:19,62584-994,0,,625840994,62584,994,Warfarin Sodium,active,20190515,88ed6f9e-1ac5-44c1-e053-2a95a90a7bba.xml,51672-4032,C42998,34391-3,,,LABELER,American Health Packaging,C73584,SPL,TRUE,1,7,,,TRUE,FALSE,FALSE,TRUE,TRUE
51672-4032-01_PART_1_OF_1_CHAL10_SF_E52672E3.jpg,51672-4032-01,4032,TRUE,TRUE,FALSE,fcn_mix_weight/dr_224/51672-4032-01_PART_1_OF_1_CHAL10_SF_E52672E3.jpg,51672-4032-01_E52672E3,36869,TRUE,10/17/2017 05:32:01 PM,2020-02-10 17:15:43,8ad881e0-ca41-42ad-9d7d-eb85b3a30af0-51672-4032-0,8ad881e0-ca41-42ad-9d7d-eb85b3a30af0,11,,C48345,OVAL,,2,,5;WARFARIN;TARO,,C48331,ORANGE,,Warfarin Sodium 5 mg;,Warfarin Sodium[Warfarin];,"anhydrous lactose;starch, corn;magnesium stearate;D&C Yellow No. 10;Aluminum Oxide;D&C Red No. 6;Barium Oxide;",HRX,SCD,warfarin sodium 5 MG Oral Tablet,855332,2020-02-10 16:07:49,51672-4032,0,,516724032,51672,4032,Warfarin Sodium,active,20191107,e2967606-9be3-44c7-8552-b291870aa7d6.xml,,C42998,34391-3,,,LABELER,"Taro Pharmaceuticals U.S.A., Inc.",C73584,NLM,TRUE,,9,,,TRUE,FALSE,FALSE,TRUE,TRUE
51672-4032-01_PART_1_OF_1_CHAL10_SF_E52672E3.jpg,51672-4032-01,4032,TRUE,TRUE,FALSE,fcn_mix_weight/dr_224/51672-4032-01_PART_1_OF_1_CHAL10_SF_E52672E3.jpg,51672-4032-01_E52672E3,77112,TRUE,09/20/2019 09:10:50 PM,2020-02-10 17:14:59,cdbbc317-35d3-42ba-94f0-c83891358529-55154-4697-0,cdbbc317-35d3-42ba-94f0-c83891358529,11,,C48345,OVAL,,2,,5;WARFARIN;TARO,,C48331,ORANGE,,WARFARIN SODIUM 5 mg;,WARFARIN SODIUM[WARFARIN];,"ANHYDROUS LACTOSE;STARCH, CORN;MAGNESIUM STEARATE;D&C RED NO. 6;D&C YELLOW NO. 10;",HRX,SCD,warfarin sodium 5 MG Oral Tablet,855332,2020-02-10 16:26:16,55154-4697,0,,551544697,55154,4697,Warfarin Sodium,active,20190629,cdbbc317-35d3-42ba-94f0-c83891358529.xml,62584-994,C42998,,,,LABELER,Cardinal Health,C73584,SPL,TRUE,1,1,,,TRUE,FALSE,FALSE,FALSE,TRUE
51672-4032-01_PART_1_OF_1_CHAL10_SF_E52672E3.jpg,51672-4032-01,4032,TRUE,TRUE,FALSE,fcn_mix_weight/dr_224/51672-4032-01_PART_1_OF_1_CHAL10_SF_E52672E3.jpg,51672-4032-01_E52672E3,38914,TRUE,10/17/2017 05:32:10 PM,2020-02-10 17:15:35,ab047628-67d0-4a64-8d77-36b054969b44-62584-994-0,ab047628-67d0-4a64-8d77-36b054969b44,11,,C48345,OVAL,,2,,5;WARFARIN;TARO,,C48331,ORANGE,,WARFARIN SODIUM 5 mg;,WARFARIN SODIUM[WARFARIN];,"ANHYDROUS LACTOSE;STARCH, CORN;MAGNESIUM STEARATE;D&C RED NO. 6;D&C YELLOW NO. 10;",HRX,SCD,warfarin sodium 5 MG Oral Tablet,855332,2020-02-10 16:29:19,62584-994,0,,625840994,62584,994,Warfarin Sodium,active,20190515,88ed6f9e-1ac5-44c1-e053-2a95a90a7bba.xml,51672-4032,C42998,34391-3,,,LABELER,American Health Packaging,C73584,SPL,TRUE,1,7,,,TRUE,FALSE,FALSE,TRUE,TRUE
51672-4033-01_PART_1_OF_1_CHAL10_SB_A72653F2.jpg,51672-4033-01,4033,TRUE,FALSE,FALSE,fcn_mix_weight/dr_224/51672-4033-01_PART_1_OF_1_CHAL10_SB_A72653F2.jpg,51672-4033-01_A72653F2,24975,TRUE,10/17/2017 05:31:08 PM,2020-02-10 17:10:33,8ad881e0-ca41-42ad-9d7d-eb85b3a30af0-51672-4033-0,8ad881e0-ca41-42ad-9d7d-eb85b3a30af0,11,,C48345,OVAL,,2,,6;WARFARIN;TARO,,C48334,TURQUOISE,,Warfarin Sodium 6 mg;,Warfarin Sodium[Warfarin];,"anhydrous lactose;starch, corn;magnesium stearate;D&C Yellow No. 10;FD&C Blue No. 2;Aluminum Oxide;",HRX,SCD,warfarin sodium 6 MG Oral Tablet,855338,2020-02-10 16:02:07,51672-4033,0,,516724033,51672,4033,Warfarin Sodium,active,20191107,e2967606-9be3-44c7-8552-b291870aa7d6.xml,,C42998,34391-3,,,LABELER,"Taro Pharmaceuticals U.S.A., Inc.",C73584,NLM,TRUE,,9,,,TRUE,FALSE,FALSE,TRUE,TRUE
51672-4033-01_PART_1_OF_1_CHAL10_SF_A72653F2.jpg,51672-4033-01,4033,TRUE,TRUE,FALSE,fcn_mix_weight/dr_224/51672-4033-01_PART_1_OF_1_CHAL10_SF_A72653F2.jpg,51672-4033-01_A72653F2,24975,TRUE,10/17/2017 05:31:08 PM,2020-02-10 17:10:33,8ad881e0-ca41-42ad-9d7d-eb85b3a30af0-51672-4033-0,8ad881e0-ca41-42ad-9d7d-eb85b3a30af0,11,,C48345,OVAL,,2,,6;WARFARIN;TARO,,C48334,TURQUOISE,,Warfarin Sodium 6 mg;,Warfarin Sodium[Warfarin];,"anhydrous lactose;starch, corn;magnesium stearate;D&C Yellow No. 10;FD&C Blue No. 2;Aluminum Oxide;",HRX,SCD,warfarin sodium 6 MG Oral Tablet,855338,2020-02-10 16:02:07,51672-4033,0,,516724033,51672,4033,Warfarin Sodium,active,20191107,e2967606-9be3-44c7-8552-b291870aa7d6.xml,,C42998,34391-3,,,LABELER,"Taro Pharmaceuticals U.S.A., Inc.",C73584,NLM,TRUE,,9,,,TRUE,FALSE,FALSE,TRUE,TRUE
51672-4035-01_PART_1_OF_1_CHAL10_SB_DA266D43.jpg,51672-4035-01,4035,TRUE,FALSE,FALSE,fcn_mix_weight/dr_224/51672-4035-01_PART_1_OF_1_CHAL10_SB_DA266D43.jpg,51672-4035-01_DA266D43,38038,TRUE,10/17/2017 05:32:06 PM,2020-02-10 17:09:39,8ad881e0-ca41-42ad-9d7d-eb85b3a30af0-51672-4035-0,8ad881e0-ca41-42ad-9d7d-eb85b3a30af0,11,,C48345,OVAL,,2,,10;WARFARIN;TARO,,C48325,WHITE,,Warfarin Sodium 10 mg;,Warfarin Sodium[Warfarin];,"anhydrous lactose;starch, corn;magnesium stearate;",HRX,SCD,warfarin sodium 10 MG Oral Tablet,855296,2020-02-10 15:56:46,51672-4035,0,,516724035,51672,4035,Warfarin Sodium,active,20191107,e2967606-9be3-44c7-8552-b291870aa7d6.xml,,C42998,34391-3,,,LABELER,"Taro Pharmaceuticals U.S.A., Inc.",C73584,NLM,TRUE,,9,,,TRUE,FALSE,FALSE,TRUE,TRUE
51672-4035-01_PART_1_OF_1_CHAL10_SF_DA266D43.jpg,51672-4035-01,4035,TRUE,TRUE,FALSE,fcn_mix_weight/dr_224/51672-4035-01_PART_1_OF_1_CHAL10_SF_DA266D43.jpg,51672-4035-01_DA266D43,38038,TRUE,10/17/2017 05:32:06 PM,2020-02-10 17:09:39,8ad881e0-ca41-42ad-9d7d-eb85b3a30af0-51672-4035-0,8ad881e0-ca41-42ad-9d7d-eb85b3a30af0,11,,C48345,OVAL,,2,,10;WARFARIN;TARO,,C48325,WHITE,,Warfarin Sodium 10 mg;,Warfarin Sodium[Warfarin];,"anhydrous lactose;starch, corn;magnesium stearate;",HRX,SCD,warfarin sodium 10 MG Oral Tablet,855296,2020-02-10 15:56:46,51672-4035,0,,516724035,51672,4035,Warfarin Sodium,active,20191107,e2967606-9be3-44c7-8552-b291870aa7d6.xml,,C42998,34391-3,,,LABELER,"Taro Pharmaceuticals U.S.A., Inc.",C73584,NLM,TRUE,,9,,,TRUE,FALSE,FALSE,TRUE,TRUE
51672-4042-02_PART_1_OF_1_CHAL10_SB_D6156B1B.jpg,51672-4042-02,4042,TRUE,FALSE,FALSE,fcn_mix_weight/dr_224/51672-4042-02_PART_1_OF_1_CHAL10_SB_D6156B1B.jpg,51672-4042-02_D6156B1B,19081,TRUE,10/17/2017 05:30:43 PM,2020-02-10 17:01:43,499a6989-8912-44b7-b1eb-ee8f85ae378f-51672-4042-0,499a6989-8912-44b7-b1eb-ee8f85ae378f,9,,C48348,ROUND,,2,,T;45,,C48327,PURPLE,,Clorazepate Dipotassium 3.75 mg;,Clorazepate Dipotassium[Clorazepic Acid];,silicon dioxide;magnesium oxide;magnesium stearate;MICROCRYSTALLINE CELLULOSE;POTASSIUM CARBONATE;potassium chloride;talc;FD&C BLUE NO. 2;FD&C Red No. 40;,HRX,SCD,clorazepate dipotassium 3.75 MG Oral Tablet,197465,2020-02-10 15:17:08,51672-4042,0,,516724042,51672,4042,Clorazepate Dipotassium,active,20190731,f3a57d99-dd66-4260-8003-79cdfbf3e6a7.xml,,C42998,34391-3,C48677,CIV,LABELER,"Taro Pharmaceuticals U.S.A., Inc.",C73584,NLM,TRUE,,3,,,TRUE,FALSE,FALSE,TRUE,TRUE
51672-4042-02_PART_1_OF_1_CHAL10_SF_D6156B1B.jpg,51672-4042-02,4042,TRUE,TRUE,FALSE,fcn_mix_weight/dr_224/51672-4042-02_PART_1_OF_1_CHAL10_SF_D6156B1B.jpg,51672-4042-02_D6156B1B,19081,TRUE,10/17/2017 05:30:43 PM,2020-02-10 17:01:43,499a6989-8912-44b7-b1eb-ee8f85ae378f-51672-4042-0,499a6989-8912-44b7-b1eb-ee8f85ae378f,9,,C48348,ROUND,,2,,T;45,,C48327,PURPLE,,Clorazepate Dipotassium 3.75 mg;,Clorazepate Dipotassium[Clorazepic Acid];,silicon dioxide;magnesium oxide;magnesium stearate;MICROCRYSTALLINE CELLULOSE;POTASSIUM CARBONATE;potassium chloride;talc;FD&C BLUE NO. 2;FD&C Red No. 40;,HRX,SCD,clorazepate dipotassium 3.75 MG Oral Tablet,197465,2020-02-10 15:17:08,51672-4042,0,,516724042,51672,4042,Clorazepate Dipotassium,active,20190731,f3a57d99-dd66-4260-8003-79cdfbf3e6a7.xml,,C42998,34391-3,C48677,CIV,LABELER,"Taro Pharmaceuticals U.S.A., Inc.",C73584,NLM,TRUE,,3,,,TRUE,FALSE,FALSE,TRUE,TRUE
52544-0152-30_PART_1_OF_1_CHAL10_SB_041C8214.jpg,52544-0152-30,152,TRUE,FALSE,FALSE,fcn_mix_weight/dr_224/52544-0152-30_PART_1_OF_1_CHAL10_SB_041C8214.jpg,52544-0152-30_041C8214,44580,TRUE,10/17/2017 05:32:35 PM,2020-02-10 17:03:52,a21163d6-e1b9-4490-bce3-751e0823797c-52544-152-0,a21163d6-e1b9-4490-bce3-751e0823797c,19,,C48336,CAPSULE,,1,,WATSON;152;8;mg,,C48325,WHITE,,SILODOSIN 8 mg;,SILODOSIN[SILODOSIN];,,HRX,SBD,silodosin 8 MG Oral Capsule [Rapaflo],809481,2020-02-10 15:27:20,52544-152,0,,525440152,52544,152,RAPAFLO,completed,20141028,01d2cfa3-9fd9-44ef-91db-71e5800d838d.xml,,C25158,34391-3,,,LABELER,"Actavis Pharma, Inc.",C73594,NLM,TRUE,,23,,,TRUE,FALSE,FALSE,TRUE,TRUE
52544-0152-30_PART_1_OF_1_CHAL10_SF_041C8214.jpg,52544-0152-30,152,TRUE,TRUE,FALSE,fcn_mix_weight/dr_224/52544-0152-30_PART_1_OF_1_CHAL10_SF_041C8214.jpg,52544-0152-30_041C8214,44580,TRUE,10/17/2017 05:32:35 PM,2020-02-10 17:03:52,a21163d6-e1b9-4490-bce3-751e0823797c-52544-152-0,a21163d6-e1b9-4490-bce3-751e0823797c,19,,C48336,CAPSULE,,1,,WATSON;152;8;mg,,C48325,WHITE,,SILODOSIN 8 mg;,SILODOSIN[SILODOSIN];,,HRX,SBD,silodosin 8 MG Oral Capsule [Rapaflo],809481,2020-02-10 15:27:20,52544-152,0,,525440152,52544,152,RAPAFLO,completed,20141028,01d2cfa3-9fd9-44ef-91db-71e5800d838d.xml,,C25158,34391-3,,,LABELER,"Actavis Pharma, Inc.",C73594,NLM,TRUE,,23,,,TRUE,FALSE,FALSE,TRUE,TRUE
52544-0913-01_PART_1_OF_1_CHAL10_SB_AB1B558A.jpg,52544-0913-01,913,TRUE,FALSE,FALSE,fcn_mix_weight/dr_224/52544-0913-01_PART_1_OF_1_CHAL10_SB_AB1B558A.jpg,52544-0913-01_AB1B558A,33571,TRUE,10/17/2017 05:31:45 PM,2020-02-10 17:08:28,aaef2d01-126d-4aab-9b2a-eee31a769150-52544-913-0,aaef2d01-126d-4aab-9b2a-eee31a769150,14,,C48336,CAPSULE,OVAL,2,,WATSON;913,,C48331;C48325,ORANGE;WHITE,,HYDROCODONE BITARTRATE 5 mg;ACETAMINOPHEN 325 mg;,HYDROCODONE BITARTRATE[HYDROCODONE];ACETAMINOPHEN[ACETAMINOPHEN];,"SILICON DIOXIDE;STARCH, CORN;CROSCARMELLOSE SODIUM;CROSPOVIDONE;CELLULOSE, MICROCRYSTALLINE;POVIDONE;STEARIC ACID;SUCROSE;FD&C YELLOW NO. 6;",HRX,,,,2020-02-10 15:50:22,52544-913,0,,525440913,52544,913,Norco,completed,20140801,dc0ddb97-4360-4504-bc20-e4072c10a16b.xml,,C42998,34391-3,C48675,CII,LABELER,"Actavis Pharma, Inc.",C73584,NLM,TRUE,,14,,,TRUE,FALSE,FALSE,TRUE,TRUE
52544-0913-01_PART_1_OF_1_CHAL10_SF_AB1B558A.jpg,52544-0913-01,913,TRUE,TRUE,FALSE,fcn_mix_weight/dr_224/52544-0913-01_PART_1_OF_1_CHAL10_SF_AB1B558A.jpg,52544-0913-01_AB1B558A,33571,TRUE,10/17/2017 05:31:45 PM,2020-02-10 17:08:28,aaef2d01-126d-4aab-9b2a-eee31a769150-52544-913-0,aaef2d01-126d-4aab-9b2a-eee31a769150,14,,C48336,CAPSULE,OVAL,2,,WATSON;913,,C48331;C48325,ORANGE;WHITE,,HYDROCODONE BITARTRATE 5 mg;ACETAMINOPHEN 325 mg;,HYDROCODONE BITARTRATE[HYDROCODONE];ACETAMINOPHEN[ACETAMINOPHEN];,"SILICON DIOXIDE;STARCH, CORN;CROSCARMELLOSE SODIUM;CROSPOVIDONE;CELLULOSE, MICROCRYSTALLINE;POVIDONE;STEARIC ACID;SUCROSE;FD&C YELLOW NO. 6;",HRX,,,,2020-02-10 15:50:22,52544-913,0,,525440913,52544,913,Norco,completed,20140801,dc0ddb97-4360-4504-bc20-e4072c10a16b.xml,,C42998,34391-3,C48675,CII,LABELER,"Actavis Pharma, Inc.",C73584,NLM,TRUE,,14,,,TRUE,FALSE,FALSE,TRUE,TRUE
53014-0404-10_PART_1_OF_1_CHAL10_SB_2D1C9684.jpg,53014-0404-10,404,TRUE,FALSE,FALSE,fcn_mix_weight/dr_224/53014-0404-10_PART_1_OF_1_CHAL10_SB_2D1C9684.jpg,53014-0404-10_2D1C9684,14642,TRUE,10/17/2017 05:30:24 PM,2020-02-10 17:03:05,51500008-2034-452c-8e9b-bb112d1b9039-53014-404-0,51500008-2034-452c-8e9b-bb112d1b9039,16,,C48336,CAPSULE,,1,,404;SEMPREX-D,,C48329;C48325,GREEN;WHITE,,,,,HRX,,,,2020-02-10 15:30:45,53014-404,0,,530140404,53014,404,Semprex-D,,20080527,51500008-2034-452c-8e9b-bb112d1b9039.xml,,C25158,34391-3,,,LABELER,"UCB, Inc.",,NLM,TRUE,,1,,,TRUE,FALSE,FALSE,TRUE,TRUE
53014-0404-10_PART_1_OF_1_CHAL10_SF_2D1C9684.jpg,53014-0404-10,404,TRUE,TRUE,FALSE,fcn_mix_weight/dr_224/53014-0404-10_PART_1_OF_1_CHAL10_SF_2D1C9684.jpg,53014-0404-10_2D1C9684,14642,TRUE,10/17/2017 05:30:24 PM,2020-02-10 17:03:05,51500008-2034-452c-8e9b-bb112d1b9039-53014-404-0,51500008-2034-452c-8e9b-bb112d1b9039,16,,C48336,CAPSULE,,1,,404;SEMPREX-D,,C48329;C48325,GREEN;WHITE,,,,,HRX,,,,2020-02-10 15:30:45,53014-404,0,,530140404,53014,404,Semprex-D,,20080527,51500008-2034-452c-8e9b-bb112d1b9039.xml,,C25158,34391-3,,,LABELER,"UCB, Inc.",,NLM,TRUE,,1,,,TRUE,FALSE,FALSE,TRUE,TRUE
53489-0143-01_PART_1_OF_1_CHAL10_SB_62213159.jpg,53489-0143-01,143,TRUE,FALSE,FALSE,fcn_mix_weight/dr_224/53489-0143-01_PART_1_OF_1_CHAL10_SB_62213159.jpg,53489-0143-01_62213159,21941,TRUE,10/17/2017 05:30:55 PM,2020-02-10 17:13:36,c23b6b9b-aec3-48a8-a518-76e4097f6479-53489-143-0,c23b6b9b-aec3-48a8-a518-76e4097f6479,9,,C48348,ROUND,,1,,MP;35,,C48325,WHITE,,SPIRONOLACTONE 25 mg;,SPIRONOLACTONE[SPIRONOLACTONE];,"ANHYDROUS LACTOSE;SILICON DIOXIDE;POVIDONE, UNSPECIFIED;DOCUSATE SODIUM;SODIUM BENZOATE;MAGNESIUM STEARATE;MICROCRYSTALLINE CELLULOSE;SODIUM STARCH GLYCOLATE TYPE A POTATO;",HRX,SCD,spironolactone 25 MG Oral Tablet,313096,2020-02-10 15:44:05,53489-143,0,,534890143,53489,143,SPIRONOLACTONE,active,20200825,238e1b9f-7ff3-436e-bdc8-9a7453a1ff13.xml,,C42998,34391-3,,,LABELER,"Sun Pharmaceutical Industries, Inc.",C73584,NLM,TRUE,,11,,,TRUE,FALSE,FALSE,TRUE,TRUE
53489-0143-01_PART_1_OF_1_CHAL10_SF_62213159.jpg,53489-0143-01,143,TRUE,TRUE,FALSE,fcn_mix_weight/dr_224/53489-0143-01_PART_1_OF_1_CHAL10_SF_62213159.jpg,53489-0143-01_62213159,21941,TRUE,10/17/2017 05:30:55 PM,2020-02-10 17:13:36,c23b6b9b-aec3-48a8-a518-76e4097f6479-53489-143-0,c23b6b9b-aec3-48a8-a518-76e4097f6479,9,,C48348,ROUND,,1,,MP;35,,C48325,WHITE,,SPIRONOLACTONE 25 mg;,SPIRONOLACTONE[SPIRONOLACTONE];,"ANHYDROUS LACTOSE;SILICON DIOXIDE;POVIDONE, UNSPECIFIED;DOCUSATE SODIUM;SODIUM BENZOATE;MAGNESIUM STEARATE;MICROCRYSTALLINE CELLULOSE;SODIUM STARCH GLYCOLATE TYPE A POTATO;",HRX,SCD,spironolactone 25 MG Oral Tablet,313096,2020-02-10 15:44:05,53489-143,0,,534890143,53489,143,SPIRONOLACTONE,active,20200825,238e1b9f-7ff3-436e-bdc8-9a7453a1ff13.xml,,C42998,34391-3,,,LABELER,"Sun Pharmaceutical Industries, Inc.",C73584,NLM,TRUE,,11,,,TRUE,FALSE,FALSE,TRUE,TRUE
53489-0146-01_PART_1_OF_1_CHAL10_SB_8021C06E.jpg,53489-0146-01,146,TRUE,FALSE,FALSE,fcn_mix_weight/dr_224/53489-0146-01_PART_1_OF_1_CHAL10_SB_8021C06E.jpg,53489-0146-01_8021C06E,34448,TRUE,10/17/2017 05:31:50 PM,2020-02-10 17:07:32,4833319a-a7b3-4bf4-bec4-6531b43182d4-53489-146-0,4833319a-a7b3-4bf4-bec4-6531b43182d4,19,,C48345,OVAL,,2,,MP;85,,C48325,WHITE,,SULFAMETHOXAZOLE 800 mg;TRIMETHOPRIM 160 mg;,SULFAMETHOXAZOLE[SULFAMETHOXAZOLE];TRIMETHOPRIM[TRIMETHOPRIM];,"DOCUSATE SODIUM;SODIUM BENZOATE;SODIUM STARCH GLYCOLATE TYPE A POTATO;MAGNESIUM STEARATE;STARCH, CORN;",HRX,SCD,sulfamethoxazole 800 MG / trimethoprim 160 MG Oral Tablet,198335,2020-02-10 15:44:55,53489-146,0,,534890146,53489,146,Sulfamethoxazole and Trimethoprim,active,20200828,f72cec08-68a1-46b8-9889-b397aa9caee4.xml,,C42998,34391-3,,,LABELER,"Sun Pharmaceutical Industries, Inc.",C73584,NLM,TRUE,,15,,,TRUE,FALSE,FALSE,TRUE,TRUE
53489-0146-01_PART_1_OF_1_CHAL10_SF_8021C06E.jpg,53489-0146-01,146,TRUE,TRUE,FALSE,fcn_mix_weight/dr_224/53489-0146-01_PART_1_OF_1_CHAL10_SF_8021C06E.jpg,53489-0146-01_8021C06E,34448,TRUE,10/17/2017 05:31:50 PM,2020-02-10 17:07:32,4833319a-a7b3-4bf4-bec4-6531b43182d4-53489-146-0,4833319a-a7b3-4bf4-bec4-6531b43182d4,19,,C48345,OVAL,,2,,MP;85,,C48325,WHITE,,SULFAMETHOXAZOLE 800 mg;TRIMETHOPRIM 160 mg;,SULFAMETHOXAZOLE[SULFAMETHOXAZOLE];TRIMETHOPRIM[TRIMETHOPRIM];,"DOCUSATE SODIUM;SODIUM BENZOATE;SODIUM STARCH GLYCOLATE TYPE A POTATO;MAGNESIUM STEARATE;STARCH, CORN;",HRX,SCD,sulfamethoxazole 800 MG / trimethoprim 160 MG Oral Tablet,198335,2020-02-10 15:44:55,53489-146,0,,534890146,53489,146,Sulfamethoxazole and Trimethoprim,active,20200828,f72cec08-68a1-46b8-9889-b397aa9caee4.xml,,C42998,34391-3,,,LABELER,"Sun Pharmaceutical Industries, Inc.",C73584,NLM,TRUE,,15,,,TRUE,FALSE,FALSE,TRUE,TRUE
53489-0400-01_PART_1_OF_1_CHAL10_SB_C01C6053.jpg,53489-0400-01,400,TRUE,FALSE,FALSE,fcn_mix_weight/dr_224/53489-0400-01_PART_1_OF_1_CHAL10_SB_C01C6053.jpg,53489-0400-01_C01C6053,21692,TRUE,10/17/2017 05:30:54 PM,2020-02-10 17:13:40,b70731df-fead-4f40-941e-7889a9c5d800-53489-400-0,b70731df-fead-4f40-941e-7889a9c5d800,10,,C48348,ROUND,,1,,MP;83,,C48332,BROWN,,nystatin 500000 [USP'U];,nystatin[nystatin];,"anhydrous lactose;carnauba wax;starch, corn;FD&C BLUE NO. 2;FD&C RED NO. 40;HYDROXYPROPYL CELLULOSE (120000 MW);HYPROMELLOSE, UNSPECIFIED;magnesium stearate;MICROCRYSTALLINE CELLULOSE;POLYETHYLENE GLYCOL, UNSPECIFIED;POVIDONE, UNSPECIFIED;starch, potato;stearic acid;titanium dioxide;D&C yellow no. 10;",HRX,SCD,nystatin 500000 UNT Oral Tablet,312059,2020-02-10 16:19:11,53489-400,0,,534890400,53489,400,Nystatin,active,20180111,6712807e-e21e-4825-8cd0-ad68363dfc5f.xml,,C42931,34391-3,,,LABELER,"Sun Pharmaceutical Industries, Inc.",C73584,NLM,TRUE,,5,,,TRUE,FALSE,FALSE,TRUE,TRUE
53489-0400-01_PART_1_OF_1_CHAL10_SF_C01C6053.jpg,53489-0400-01,400,TRUE,TRUE,FALSE,fcn_mix_weight/dr_224/53489-0400-01_PART_1_OF_1_CHAL10_SF_C01C6053.jpg,53489-0400-01_C01C6053,21692,TRUE,10/17/2017 05:30:54 PM,2020-02-10 17:13:40,b70731df-fead-4f40-941e-7889a9c5d800-53489-400-0,b70731df-fead-4f40-941e-7889a9c5d800,10,,C48348,ROUND,,1,,MP;83,,C48332,BROWN,,nystatin 500000 [USP'U];,nystatin[nystatin];,"anhydrous lactose;carnauba wax;starch, corn;FD&C BLUE NO. 2;FD&C RED NO. 40;HYDROXYPROPYL CELLULOSE (120000 MW);HYPROMELLOSE, UNSPECIFIED;magnesium stearate;MICROCRYSTALLINE CELLULOSE;POLYETHYLENE GLYCOL, UNSPECIFIED;POVIDONE, UNSPECIFIED;starch, potato;stearic acid;titanium dioxide;D&C yellow no. 10;",HRX,SCD,nystatin 500000 UNT Oral Tablet,312059,2020-02-10 16:19:11,53489-400,0,,534890400,53489,400,Nystatin,active,20180111,6712807e-e21e-4825-8cd0-ad68363dfc5f.xml,,C42931,34391-3,,,LABELER,"Sun Pharmaceutical Industries, Inc.",C73584,NLM,TRUE,,5,,,TRUE,FALSE,FALSE,TRUE,TRUE
53489-0510-01_PART_1_OF_1_CHAL10_SB_14230A48.jpg,53489-0510-01,510,TRUE,FALSE,FALSE,fcn_mix_weight/dr_224/53489-0510-01_PART_1_OF_1_CHAL10_SB_14230A48.jpg,53489-0510-01_14230A48,27777,TRUE,10/17/2017 05:31:20 PM,2020-02-10 17:08:46,b693593c-aa3a-451d-b075-96ed4eacedb1-53489-510-0,b693593c-aa3a-451d-b075-96ed4eacedb1,9,,C48348,ROUND,,2,,MP;118,,C48325,WHITE,,Trazodone Hydrochloride 50 mg;,Trazodone Hydrochloride[Trazodone];,"anhydrous lactose;carnauba wax;silicon dioxide;CROSPOVIDONE (15 MPA.S AT 5%);HYPROMELLOSE, UNSPECIFIED;magnesium stearate;MICROCRYSTALLINE CELLULOSE;POLYETHYLENE GLYCOL, UNSPECIFIED;polysorbate 80;titanium dioxide;",HRX,SCD,trazodone hydrochloride 50 MG Oral Tablet,856377,2020-02-10 15:52:02,53489-510,0,,534890510,53489,510,Trazodone Hydrochloride,active,20181205,a4387b4a-d4d2-48b6-bd6d-e22b69547263.xml,,C42931,34391-3,,,LABELER,"Sun Pharmaceutical Industries, Inc.",C73584,NLM,TRUE,,17,,,TRUE,FALSE,FALSE,TRUE,TRUE
53489-0510-01_PART_1_OF_1_CHAL10_SF_14230A48.jpg,53489-0510-01,510,TRUE,TRUE,FALSE,fcn_mix_weight/dr_224/53489-0510-01_PART_1_OF_1_CHAL10_SF_14230A48.jpg,53489-0510-01_14230A48,27777,TRUE,10/17/2017 05:31:20 PM,2020-02-10 17:08:46,b693593c-aa3a-451d-b075-96ed4eacedb1-53489-510-0,b693593c-aa3a-451d-b075-96ed4eacedb1,9,,C48348,ROUND,,2,,MP;118,,C48325,WHITE,,Trazodone Hydrochloride 50 mg;,Trazodone Hydrochloride[Trazodone];,"anhydrous lactose;carnauba wax;silicon dioxide;CROSPOVIDONE (15 MPA.S AT 5%);HYPROMELLOSE, UNSPECIFIED;magnesium stearate;MICROCRYSTALLINE CELLULOSE;POLYETHYLENE GLYCOL, UNSPECIFIED;polysorbate 80;titanium dioxide;",HRX,SCD,trazodone hydrochloride 50 MG Oral Tablet,856377,2020-02-10 15:52:02,53489-510,0,,534890510,53489,510,Trazodone Hydrochloride,active,20181205,a4387b4a-d4d2-48b6-bd6d-e22b69547263.xml,,C42931,34391-3,,,LABELER,"Sun Pharmaceutical Industries, Inc.",C73584,NLM,TRUE,,17,,,TRUE,FALSE,FALSE,TRUE,TRUE
53489-0531-01_PART_1_OF_1_CHAL10_SB_CD22E6D7.jpg,53489-0531-01,531,TRUE,FALSE,FALSE,fcn_mix_weight/dr_224/53489-0531-01_PART_1_OF_1_CHAL10_SB_CD22E6D7.jpg,53489-0531-01_CD22E6D7,18661,TRUE,10/17/2017 05:30:41 PM,2020-02-10 17:08:19,b4cfa459-c1c3-4fe2-ac2d-afeea2b96cca-53489-531-0,b4cfa459-c1c3-4fe2-ac2d-afeea2b96cca,8,,C48348,ROUND,,2,,MP;153,,C48325,WHITE,,Atenolol 50 mg;Chlorthalidone 25 mg;,Atenolol[Atenolol];Chlorthalidone[Chlorthalidone];,"magnesium stearate;cellulose, microcrystalline;povidones;sodium starch glycolate type a potato;",HRX,,,,2020-02-10 15:49:38,53489-531,0,,534890531,53489,531,Atenolol and Chlorthalidone,active,20121113,86da35ec-fbfa-4474-bf4b-a58d9c737a19.xml,,C42998,34391-3,,,LABELER,"Mutual Pharmaceutical Company, Inc.",C73584,NLM,TRUE,,4,,,TRUE,FALSE,FALSE,TRUE,TRUE
53489-0531-01_PART_1_OF_1_CHAL10_SF_CD22E6D7.jpg,53489-0531-01,531,TRUE,TRUE,FALSE,fcn_mix_weight/dr_224/53489-0531-01_PART_1_OF_1_CHAL10_SF_CD22E6D7.jpg,53489-0531-01_CD22E6D7,18661,TRUE,10/17/2017 05:30:41 PM,2020-02-10 17:08:19,b4cfa459-c1c3-4fe2-ac2d-afeea2b96cca-53489-531-0,b4cfa459-c1c3-4fe2-ac2d-afeea2b96cca,8,,C48348,ROUND,,2,,MP;153,,C48325,WHITE,,Atenolol 50 mg;Chlorthalidone 25 mg;,Atenolol[Atenolol];Chlorthalidone[Chlorthalidone];,"magnesium stearate;cellulose, microcrystalline;povidones;sodium starch glycolate type a potato;",HRX,,,,2020-02-10 15:49:38,53489-531,0,,534890531,53489,531,Atenolol and Chlorthalidone,active,20121113,86da35ec-fbfa-4474-bf4b-a58d9c737a19.xml,,C42998,34391-3,,,LABELER,"Mutual Pharmaceutical Company, Inc.",C73584,NLM,TRUE,,4,,,TRUE,FALSE,FALSE,TRUE,TRUE
53489-0648-01_PART_1_OF_1_CHAL10_SB_D31DE9BF.jpg,53489-0648-01,648,TRUE,FALSE,FALSE,fcn_mix_weight/dr_224/53489-0648-01_PART_1_OF_1_CHAL10_SB_D31DE9BF.jpg,53489-0648-01_D31DE9BF,26705,TRUE,10/17/2017 05:31:15 PM,2020-02-10 17:12:22,3e4a35f8-77e5-4c9a-aad2-b0aeb98edd66-53489-648-0,3e4a35f8-77e5-4c9a-aad2-b0aeb98edd66,14,,C48336,CAPSULE,,1,,Mutual;866,,C48325;C48334,WHITE;TURQUOISE,,TEMAZEPAM 7.5 mg;,TEMAZEPAM[TEMAZEPAM];,"CROSCARMELLOSE SODIUM;D&C YELLOW NO. 10;FD&C BLUE NO. 1;FD&C BLUE NO. 2;FD&C RED NO. 40;GELATIN, UNSPECIFIED;FERROSOFERRIC OXIDE;LACTOSE MONOHYDRATE;MAGNESIUM STEARATE;MICROCRYSTALLINE CELLULOSE;PROPYLENE GLYCOL;SODIUM LAURYL SULFATE;TITANIUM DIOXIDE;",HRX,SCD,temazepam 7.5 MG Oral Capsule,198243,2020-02-10 16:11:54,53489-648,0,,534890648,53489,648,Temazepam,active,20190226,4eeff7a1-a4af-41ac-98cf-2790d40c91df.xml,,C25158,34391-3,C48677,CIV,LABELER,"Sun Pharmaceutical Industries, Inc.",C73584,NLM,TRUE,,10,,,TRUE,FALSE,FALSE,TRUE,TRUE
53489-0648-01_PART_1_OF_1_CHAL10_SF_D31DE9BF.jpg,53489-0648-01,648,TRUE,TRUE,FALSE,fcn_mix_weight/dr_224/53489-0648-01_PART_1_OF_1_CHAL10_SF_D31DE9BF.jpg,53489-0648-01_D31DE9BF,26705,TRUE,10/17/2017 05:31:15 PM,2020-02-10 17:12:22,3e4a35f8-77e5-4c9a-aad2-b0aeb98edd66-53489-648-0,3e4a35f8-77e5-4c9a-aad2-b0aeb98edd66,14,,C48336,CAPSULE,,1,,Mutual;866,,C48325;C48334,WHITE;TURQUOISE,,TEMAZEPAM 7.5 mg;,TEMAZEPAM[TEMAZEPAM];,"CROSCARMELLOSE SODIUM;D&C YELLOW NO. 10;FD&C BLUE NO. 1;FD&C BLUE NO. 2;FD&C RED NO. 40;GELATIN, UNSPECIFIED;FERROSOFERRIC OXIDE;LACTOSE MONOHYDRATE;MAGNESIUM STEARATE;MICROCRYSTALLINE CELLULOSE;PROPYLENE GLYCOL;SODIUM LAURYL SULFATE;TITANIUM DIOXIDE;",HRX,SCD,temazepam 7.5 MG Oral Capsule,198243,2020-02-10 16:11:54,53489-648,0,,534890648,53489,648,Temazepam,active,20190226,4eeff7a1-a4af-41ac-98cf-2790d40c91df.xml,,C25158,34391-3,C48677,CIV,LABELER,"Sun Pharmaceutical Industries, Inc.",C73584,NLM,TRUE,,10,,,TRUE,FALSE,FALSE,TRUE,TRUE
53746-0190-05_PART_1_OF_1_CHAL10_SB_CD1D66AB.jpg,53746-0190-05,190,TRUE,FALSE,FALSE,fcn_mix_weight/dr_224/53746-0190-05_PART_1_OF_1_CHAL10_SB_CD1D66AB.jpg,53746-0190-05_CD1D66AB,44899,TRUE,10/17/2017 05:32:37 PM,2020-02-10 17:02:27,2718e0b7-1ce6-457e-bee9-11b634dfd353-53746-190-0,2718e0b7-1ce6-457e-bee9-11b634dfd353,16,,C48336,CAPSULE,OVAL,1,,IP190;500,,C48325,WHITE,,NAPROXEN 500 mg;,NAPROXEN[NAPROXEN];,CROSCARMELLOSE SODIUM;POVIDONE;MAGNESIUM STEARATE;,HRX,SCD,naproxen 500 MG Oral Tablet,198014,2020-02-10 15:20:35,53746-190,0,,537460190,53746,190,Naproxen,active,20190822,ff01265e-1f63-481d-952c-735ce94a6677.xml,,C42998,34391-3,,,LABELER,Amneal Pharmaceuticals of New York LLC,C73584,NLM,TRUE,,18,,,TRUE,FALSE,FALSE,TRUE,TRUE
53746-0190-05_PART_1_OF_1_CHAL10_SF_CD1D66AB.jpg,53746-0190-05,190,TRUE,TRUE,FALSE,fcn_mix_weight/dr_224/53746-0190-05_PART_1_OF_1_CHAL10_SF_CD1D66AB.jpg,53746-0190-05_CD1D66AB,44899,TRUE,10/17/2017 05:32:37 PM,2020-02-10 17:02:27,2718e0b7-1ce6-457e-bee9-11b634dfd353-53746-190-0,2718e0b7-1ce6-457e-bee9-11b634dfd353,16,,C48336,CAPSULE,OVAL,1,,IP190;500,,C48325,WHITE,,NAPROXEN 500 mg;,NAPROXEN[NAPROXEN];,CROSCARMELLOSE SODIUM;POVIDONE;MAGNESIUM STEARATE;,HRX,SCD,naproxen 500 MG Oral Tablet,198014,2020-02-10 15:20:35,53746-190,0,,537460190,53746,190,Naproxen,active,20190822,ff01265e-1f63-481d-952c-735ce94a6677.xml,,C42998,34391-3,,,LABELER,Amneal Pharmaceuticals of New York LLC,C73584,NLM,TRUE,,18,,,TRUE,FALSE,FALSE,TRUE,TRUE
54092-0189-81_PART_1_OF_1_CHAL10_SB_381B9C6C.jpg,54092-0189-81,189,TRUE,FALSE,FALSE,fcn_mix_weight/dr_224/54092-0189-81_PART_1_OF_1_CHAL10_SB_381B9C6C.jpg,54092-0189-81_381B9C6C,2927,TRUE,10/17/2017 05:29:33 PM,2020-02-10 17:02:50,e39d9a3d-5d3a-4bb6-aab1-fdbb2a598606-54092-189-0,e39d9a3d-5d3a-4bb6-aab1-fdbb2a598606,22,21,C48336,CAPSULE,,1,,2010;S429;250;mg,[or];S429;250;mg;2010,C48329;C48333,GREEN;BLUE,,MESALAMINE 250 mg;,MESALAMINE[MESALAMINE];,"CASTOR OIL;SILICON DIOXIDE;STEARIC ACID;TALC;D&C YELLOW NO. 10;FD&C BLUE NO. 1;FD&C GREEN NO. 3;GELATIN, UNSPECIFIED;TITANIUM DIOXIDE;",HRX,SBD,mesalamine 250 MG Extended Release Oral Capsule [Pentasa],206791,2020-02-10 15:22:26,54092-189,0,,540920189,54092,189,Pentasa,active,20190719,955f33e8-3e74-425d-bc98-d7f3059d4a2e.xml,,C25158,34391-3,,,LABELER,Shire US Manufacturing Inc.,C73594,NLM,TRUE,,31,,,TRUE,FALSE,FALSE,TRUE,TRUE
54092-0189-81_PART_1_OF_1_CHAL10_SF_381B9C6C.jpg,54092-0189-81,189,TRUE,TRUE,FALSE,fcn_mix_weight/dr_224/54092-0189-81_PART_1_OF_1_CHAL10_SF_381B9C6C.jpg,54092-0189-81_381B9C6C,2927,TRUE,10/17/2017 05:29:33 PM,2020-02-10 17:02:50,e39d9a3d-5d3a-4bb6-aab1-fdbb2a598606-54092-189-0,e39d9a3d-5d3a-4bb6-aab1-fdbb2a598606,22,21,C48336,CAPSULE,,1,,2010;S429;250;mg,[or];S429;250;mg;2010,C48329;C48333,GREEN;BLUE,,MESALAMINE 250 mg;,MESALAMINE[MESALAMINE];,"CASTOR OIL;SILICON DIOXIDE;STEARIC ACID;TALC;D&C YELLOW NO. 10;FD&C BLUE NO. 1;FD&C GREEN NO. 3;GELATIN, UNSPECIFIED;TITANIUM DIOXIDE;",HRX,SBD,mesalamine 250 MG Extended Release Oral Capsule [Pentasa],206791,2020-02-10 15:22:26,54092-189,0,,540920189,54092,189,Pentasa,active,20190719,955f33e8-3e74-425d-bc98-d7f3059d4a2e.xml,,C25158,34391-3,,,LABELER,Shire US Manufacturing Inc.,C73594,NLM,TRUE,,31,,,TRUE,FALSE,FALSE,TRUE,TRUE
54092-0517-02_PART_1_OF_1_CHAL10_SB_D715EBBF.jpg,54092-0517-02,517,TRUE,FALSE,FALSE,fcn_mix_weight/dr_224/54092-0517-02_PART_1_OF_1_CHAL10_SB_D715EBBF.jpg,54092-0517-02_D715EBBF,35456,TRUE,10/17/2017 05:31:54 PM,2020-02-10 17:06:29,b972af81-3a37-40be-9fe1-3ddf59852528-54092-517-0,b972af81-3a37-40be-9fe1-3ddf59852528,8,,C48348,ROUND,,1,,503;3mg,,C48329,GREEN,,GUANFACINE HYDROCHLORIDE 3 mg;,GUANFACINE HYDROCHLORIDE[GUANFACINE];,"HYPROMELLOSE 2208 (15000 MPA.S);LACTOSE MONOHYDRATE;POVIDONE, UNSPECIFIED;CROSPOVIDONE (15 MPA.S AT 5%);METHACRYLIC ACID - METHYL METHACRYLATE COPOLYMER (1:1);MICROCRYSTALLINE CELLULOSE;GLYCERYL DIBEHENATE;FUMARIC ACID;",HRX,SBD,24 HR guanfacine 3 MG Extended Release Oral Tablet [Intuniv],862021,2020-02-10 15:39:44,54092-517,0,,540920517,54092,517,Intuniv,active,20191231,992b6d23-44c1-4c21-941b-cad1e6eb4c7f.xml,,C42927,34391-3,,,LABELER,Shire US Manufacturing Inc.,C73594,NLM,TRUE,,37,,,TRUE,FALSE,FALSE,TRUE,TRUE
54092-0517-02_PART_1_OF_1_CHAL10_SF_D715EBBF.jpg,54092-0517-02,517,TRUE,TRUE,FALSE,fcn_mix_weight/dr_224/54092-0517-02_PART_1_OF_1_CHAL10_SF_D715EBBF.jpg,54092-0517-02_D715EBBF,35456,TRUE,10/17/2017 05:31:54 PM,2020-02-10 17:06:29,b972af81-3a37-40be-9fe1-3ddf59852528-54092-517-0,b972af81-3a37-40be-9fe1-3ddf59852528,8,,C48348,ROUND,,1,,503;3mg,,C48329,GREEN,,GUANFACINE HYDROCHLORIDE 3 mg;,GUANFACINE HYDROCHLORIDE[GUANFACINE];,"HYPROMELLOSE 2208 (15000 MPA.S);LACTOSE MONOHYDRATE;POVIDONE, UNSPECIFIED;CROSPOVIDONE (15 MPA.S AT 5%);METHACRYLIC ACID - METHYL METHACRYLATE COPOLYMER (1:1);MICROCRYSTALLINE CELLULOSE;GLYCERYL DIBEHENATE;FUMARIC ACID;",HRX,SBD,24 HR guanfacine 3 MG Extended Release Oral Tablet [Intuniv],862021,2020-02-10 15:39:44,54092-517,0,,540920517,54092,517,Intuniv,active,20191231,992b6d23-44c1-4c21-941b-cad1e6eb4c7f.xml,,C42927,34391-3,,,LABELER,Shire US Manufacturing Inc.,C73594,NLM,TRUE,,37,,,TRUE,FALSE,FALSE,TRUE,TRUE
55111-0180-15_PART_1_OF_1_CHAL10_SB_D31D69AB.jpg,55111-0180-15,180,TRUE,FALSE,FALSE,fcn_mix_weight/dr_224/55111-0180-15_PART_1_OF_1_CHAL10_SB_D31D69AB.jpg,55111-0180-15_D31D69AB,10748,TRUE,10/17/2017 05:30:07 PM,2020-02-10 17:12:12,3670f9e3-988d-48e6-9df0-d403d699e08a-68084-645-0,3670f9e3-988d-48e6-9df0-d403d699e08a,11,,C48345,OVAL,,4,,R180,,C48325,WHITE,,TIZANIDINE HYDROCHLORIDE 4 mg;,TIZANIDINE HYDROCHLORIDE[TIZANIDINE];,ANHYDROUS LACTOSE;MICROCRYSTALLINE CELLULOSE;SILICON DIOXIDE;STEARIC ACID;,HRX,SCD,tizanidine 4 MG Oral Tablet,313413,2020-02-10 16:11:02,68084-645,0,,680840645,68084,645,Tizanidine,active,20190311,83d5d5fa-852c-7c79-e053-2991aa0aa423.xml,55111-180,C42998,34391-3,,,LABELER,American Health Packaging,C73584,SPL,TRUE,1,7,,,TRUE,FALSE,FALSE,TRUE,TRUE
55111-0180-15_PART_1_OF_1_CHAL10_SB_D31D69AB.jpg,55111-0180-15,180,TRUE,FALSE,FALSE,fcn_mix_weight/dr_224/55111-0180-15_PART_1_OF_1_CHAL10_SB_D31D69AB.jpg,55111-0180-15_D31D69AB,10809,TRUE,10/17/2017 05:30:08 PM,2020-02-10 17:10:50,a42f3479-f2c2-8214-d547-c5cae9bfed1e-55111-180-0,a42f3479-f2c2-8214-d547-c5cae9bfed1e,11,,C48345,OVAL,,4,,R;180,,C48325,WHITE,,Tizanidine Hydrochloride 4 mg;,Tizanidine Hydrochloride[Tizanidine];,"anhydrous lactose;cellulose, microcrystalline;silicon dioxide;stearic acid;",HRX,SCD,tizanidine 4 MG Oral Tablet,313413,2020-02-10 15:17:32,55111-180,0,,551110180,55111,180,Tizanidine,active,20191116,d3850e2b-1b17-3f80-72ff-dac1541d9c08.xml,,C42998,34391-3,,,LABELER,Dr. Reddy's Laboratories Limited,C73584,NLM,TRUE,,13,,,TRUE,FALSE,FALSE,TRUE,TRUE
55111-0180-15_PART_1_OF_1_CHAL10_SF_D31D69AB.jpg,55111-0180-15,180,TRUE,TRUE,FALSE,fcn_mix_weight/dr_224/55111-0180-15_PART_1_OF_1_CHAL10_SF_D31D69AB.jpg,55111-0180-15_D31D69AB,10748,TRUE,10/17/2017 05:30:07 PM,2020-02-10 17:12:12,3670f9e3-988d-48e6-9df0-d403d699e08a-68084-645-0,3670f9e3-988d-48e6-9df0-d403d699e08a,11,,C48345,OVAL,,4,,R180,,C48325,WHITE,,TIZANIDINE HYDROCHLORIDE 4 mg;,TIZANIDINE HYDROCHLORIDE[TIZANIDINE];,ANHYDROUS LACTOSE;MICROCRYSTALLINE CELLULOSE;SILICON DIOXIDE;STEARIC ACID;,HRX,SCD,tizanidine 4 MG Oral Tablet,313413,2020-02-10 16:11:02,68084-645,0,,680840645,68084,645,Tizanidine,active,20190311,83d5d5fa-852c-7c79-e053-2991aa0aa423.xml,55111-180,C42998,34391-3,,,LABELER,American Health Packaging,C73584,SPL,TRUE,1,7,,,TRUE,FALSE,FALSE,TRUE,TRUE
55111-0180-15_PART_1_OF_1_CHAL10_SF_D31D69AB.jpg,55111-0180-15,180,TRUE,TRUE,FALSE,fcn_mix_weight/dr_224/55111-0180-15_PART_1_OF_1_CHAL10_SF_D31D69AB.jpg,55111-0180-15_D31D69AB,10809,TRUE,10/17/2017 05:30:08 PM,2020-02-10 17:10:50,a42f3479-f2c2-8214-d547-c5cae9bfed1e-55111-180-0,a42f3479-f2c2-8214-d547-c5cae9bfed1e,11,,C48345,OVAL,,4,,R;180,,C48325,WHITE,,Tizanidine Hydrochloride 4 mg;,Tizanidine Hydrochloride[Tizanidine];,"anhydrous lactose;cellulose, microcrystalline;silicon dioxide;stearic acid;",HRX,SCD,tizanidine 4 MG Oral Tablet,313413,2020-02-10 15:17:32,55111-180,0,,551110180,55111,180,Tizanidine,active,20191116,d3850e2b-1b17-3f80-72ff-dac1541d9c08.xml,,C42998,34391-3,,,LABELER,Dr. Reddy's Laboratories Limited,C73584,NLM,TRUE,,13,,,TRUE,FALSE,FALSE,TRUE,TRUE
55111-0196-90_PART_1_OF_1_CHAL10_SB_701DB86D.jpg,55111-0196-90,196,TRUE,FALSE,FALSE,fcn_mix_weight/dr_224/55111-0196-90_PART_1_OF_1_CHAL10_SB_701DB86D.jpg,55111-0196-90_701DB86D,36052,TRUE,10/17/2017 05:31:57 PM,2020-02-10 17:01:51,b5aa951f-72de-bea1-98a2-a4085c64a361-55111-196-0,b5aa951f-72de-bea1-98a2-a4085c64a361,11,,C48348,ROUND,,1,,R;196,,C48325,WHITE,,Clopidogrel bisulfate 75 mg;,Clopidogrel bisulfate[Clopidogrel];,"SILICON DIOXIDE;Croscarmellose Sodium;Magnesium Stearate;Mannitol;Cellulose, Microcrystalline;Hypromellose 2910 (5 Mpa.S);Polyethylene Glycol 400;titanium dioxide;",HRX,SCD,clopidogrel 75 MG Oral Tablet,309362,2020-02-10 15:17:41,55111-196,0,,551110196,55111,196,Clopidogrel bisulfate,active,20190530,514b58ac-ccd4-f51e-b0d8-e1cf10949329.xml,,C42931,34391-3,,,LABELER,Dr.Reddy's Laboratories Limited,C73584,NLM,TRUE,,20,,,TRUE,FALSE,FALSE,TRUE,TRUE
55111-0196-90_PART_1_OF_1_CHAL10_SF_701DB86D.jpg,55111-0196-90,196,TRUE,TRUE,FALSE,fcn_mix_weight/dr_224/55111-0196-90_PART_1_OF_1_CHAL10_SF_701DB86D.jpg,55111-0196-90_701DB86D,36052,TRUE,10/17/2017 05:31:57 PM,2020-02-10 17:01:51,b5aa951f-72de-bea1-98a2-a4085c64a361-55111-196-0,b5aa951f-72de-bea1-98a2-a4085c64a361,11,,C48348,ROUND,,1,,R;196,,C48325,WHITE,,Clopidogrel bisulfate 75 mg;,Clopidogrel bisulfate[Clopidogrel];,"SILICON DIOXIDE;Croscarmellose Sodium;Magnesium Stearate;Mannitol;Cellulose, Microcrystalline;Hypromellose 2910 (5 Mpa.S);Polyethylene Glycol 400;titanium dioxide;",HRX,SCD,clopidogrel 75 MG Oral Tablet,309362,2020-02-10 15:17:41,55111-196,0,,551110196,55111,196,Clopidogrel bisulfate,active,20190530,514b58ac-ccd4-f51e-b0d8-e1cf10949329.xml,,C42931,34391-3,,,LABELER,Dr.Reddy's Laboratories Limited,C73584,NLM,TRUE,,20,,,TRUE,FALSE,FALSE,TRUE,TRUE
55111-0197-30_PART_1_OF_1_CHAL10_SB_D7236B9B.jpg,55111-0197-30,197,TRUE,FALSE,FALSE,fcn_mix_weight/dr_224/55111-0197-30_PART_1_OF_1_CHAL10_SB_D7236B9B.jpg,55111-0197-30_D7236B9B,46305,TRUE,10/17/2017 05:32:43 PM,2020-02-10 16:59:15,d9a1a7c5-d806-4dbd-a201-5e73790d078b-55111-197-0,d9a1a7c5-d806-4dbd-a201-5e73790d078b,5,,C48348,ROUND,,1,,RDY;197,,C48332,BROWN,,Simvastatin 5 mg;,Simvastatin[Simvastatin];,"ascorbic acid;BUTYLATED HYDROXYANISOLE;ANHYDROUS CITRIC ACID;HYDROXYPROPYL CELLULOSE (1600000 WAMW);hypromelloses;FERROSOFERRIC OXIDE;FERRIC OXIDE RED;FERRIC OXIDE YELLOW;isopropyl alcohol;lactose monohydrate;magnesium stearate;CELLULOSE, MICROCRYSTALLINE;STARCH, CORN;titanium dioxide;",HRX,SCD,simvastatin 5 MG Oral Tablet,312962,2020-02-10 15:06:48,55111-197,0,,551110197,55111,197,Simvastatin,active,20181206,84334c5d-1663-972c-5d96-03eb1be16f64.xml,,C42931,34391-3,,,LABELER,Dr. Reddy's Laboratories Limited,C73584,NLM,TRUE,,14,,,TRUE,FALSE,FALSE,TRUE,TRUE
55111-0197-30_PART_1_OF_1_CHAL10_SF_D7236B9B.jpg,55111-0197-30,197,TRUE,TRUE,FALSE,fcn_mix_weight/dr_224/55111-0197-30_PART_1_OF_1_CHAL10_SF_D7236B9B.jpg,55111-0197-30_D7236B9B,46305,TRUE,10/17/2017 05:32:43 PM,2020-02-10 16:59:15,d9a1a7c5-d806-4dbd-a201-5e73790d078b-55111-197-0,d9a1a7c5-d806-4dbd-a201-5e73790d078b,5,,C48348,ROUND,,1,,RDY;197,,C48332,BROWN,,Simvastatin 5 mg;,Simvastatin[Simvastatin];,"ascorbic acid;BUTYLATED HYDROXYANISOLE;ANHYDROUS CITRIC ACID;HYDROXYPROPYL CELLULOSE (1600000 WAMW);hypromelloses;FERROSOFERRIC OXIDE;FERRIC OXIDE RED;FERRIC OXIDE YELLOW;isopropyl alcohol;lactose monohydrate;magnesium stearate;CELLULOSE, MICROCRYSTALLINE;STARCH, CORN;titanium dioxide;",HRX,SCD,simvastatin 5 MG Oral Tablet,312962,2020-02-10 15:06:48,55111-197,0,,551110197,55111,197,Simvastatin,active,20181206,84334c5d-1663-972c-5d96-03eb1be16f64.xml,,C42931,34391-3,,,LABELER,Dr. Reddy's Laboratories Limited,C73584,NLM,TRUE,,14,,,TRUE,FALSE,FALSE,TRUE,TRUE
55111-0198-30_PART_1_OF_1_CHAL10_SB_E022F067.jpg,55111-0198-30,198,TRUE,FALSE,FALSE,fcn_mix_weight/dr_224/55111-0198-30_PART_1_OF_1_CHAL10_SB_E022F067.jpg,55111-0198-30_E022F067,40423,TRUE,10/17/2017 05:32:17 PM,2020-02-10 17:08:04,d9a1a7c5-d806-4dbd-a201-5e73790d078b-55111-198-0,d9a1a7c5-d806-4dbd-a201-5e73790d078b,6,,C48348,ROUND,,1,,RDY;198,,C48332,BROWN,,Simvastatin 10 mg;,Simvastatin[Simvastatin];,"ascorbic acid;BUTYLATED HYDROXYANISOLE;ANHYDROUS CITRIC ACID;HYDROXYPROPYL CELLULOSE (1600000 WAMW);hypromelloses;FERROSOFERRIC OXIDE;FERRIC OXIDE RED;FERRIC OXIDE YELLOW;isopropyl alcohol;lactose monohydrate;magnesium stearate;CELLULOSE, MICROCRYSTALLINE;STARCH, CORN;titanium dioxide;",HRX,SCD,simvastatin 10 MG Oral Tablet,314231,2020-02-10 15:48:06,55111-198,0,,551110198,55111,198,Simvastatin,active,20181206,84334c5d-1663-972c-5d96-03eb1be16f64.xml,,C42931,34391-3,,,LABELER,Dr. Reddy's Laboratories Limited,C73584,NLM,TRUE,,14,,,TRUE,FALSE,FALSE,TRUE,TRUE
55111-0198-30_PART_1_OF_1_CHAL10_SF_E022F067.jpg,55111-0198-30,198,TRUE,TRUE,FALSE,fcn_mix_weight/dr_224/55111-0198-30_PART_1_OF_1_CHAL10_SF_E022F067.jpg,55111-0198-30_E022F067,40423,TRUE,10/17/2017 05:32:17 PM,2020-02-10 17:08:04,d9a1a7c5-d806-4dbd-a201-5e73790d078b-55111-198-0,d9a1a7c5-d806-4dbd-a201-5e73790d078b,6,,C48348,ROUND,,1,,RDY;198,,C48332,BROWN,,Simvastatin 10 mg;,Simvastatin[Simvastatin];,"ascorbic acid;BUTYLATED HYDROXYANISOLE;ANHYDROUS CITRIC ACID;HYDROXYPROPYL CELLULOSE (1600000 WAMW);hypromelloses;FERROSOFERRIC OXIDE;FERRIC OXIDE RED;FERRIC OXIDE YELLOW;isopropyl alcohol;lactose monohydrate;magnesium stearate;CELLULOSE, MICROCRYSTALLINE;STARCH, CORN;titanium dioxide;",HRX,SCD,simvastatin 10 MG Oral Tablet,314231,2020-02-10 15:48:06,55111-198,0,,551110198,55111,198,Simvastatin,active,20181206,84334c5d-1663-972c-5d96-03eb1be16f64.xml,,C42931,34391-3,,,LABELER,Dr. Reddy's Laboratories Limited,C73584,NLM,TRUE,,14,,,TRUE,FALSE,FALSE,TRUE,TRUE
55111-0268-30_PART_1_OF_1_CHAL10_SB_C422E227.jpg,55111-0268-30,268,TRUE,FALSE,FALSE,fcn_mix_weight/dr_224/55111-0268-30_PART_1_OF_1_CHAL10_SB_C422E227.jpg,55111-0268-30_C422E227,38789,TRUE,10/17/2017 05:32:09 PM,2020-02-10 17:13:40,d9a1a7c5-d806-4dbd-a201-5e73790d078b-55111-268-0,d9a1a7c5-d806-4dbd-a201-5e73790d078b,18,,C48345,OVAL,,1,,RDY;268,,C48332,BROWN,,Simvastatin 80 mg;,Simvastatin[Simvastatin];,"ascorbic acid;BUTYLATED HYDROXYANISOLE;ANHYDROUS CITRIC ACID;HYDROXYPROPYL CELLULOSE (1600000 WAMW);hypromelloses;FERROSOFERRIC OXIDE;FERRIC OXIDE RED;FERRIC OXIDE YELLOW;isopropyl alcohol;lactose monohydrate;magnesium stearate;CELLULOSE, MICROCRYSTALLINE;STARCH, CORN;titanium dioxide;",HRX,SCD,simvastatin 80 MG Oral Tablet,200345,2020-02-10 15:44:38,55111-268,0,,551110268,55111,268,Simvastatin,active,20181206,84334c5d-1663-972c-5d96-03eb1be16f64.xml,,C42931,34391-3,,,LABELER,Dr. Reddy's Laboratories Limited,C73584,NLM,TRUE,,14,,,TRUE,FALSE,FALSE,TRUE,TRUE
55111-0268-30_PART_1_OF_1_CHAL10_SF_C422E227.jpg,55111-0268-30,268,TRUE,TRUE,FALSE,fcn_mix_weight/dr_224/55111-0268-30_PART_1_OF_1_CHAL10_SF_C422E227.jpg,55111-0268-30_C422E227,38789,TRUE,10/17/2017 05:32:09 PM,2020-02-10 17:13:40,d9a1a7c5-d806-4dbd-a201-5e73790d078b-55111-268-0,d9a1a7c5-d806-4dbd-a201-5e73790d078b,18,,C48345,OVAL,,1,,RDY;268,,C48332,BROWN,,Simvastatin 80 mg;,Simvastatin[Simvastatin];,"ascorbic acid;BUTYLATED HYDROXYANISOLE;ANHYDROUS CITRIC ACID;HYDROXYPROPYL CELLULOSE (1600000 WAMW);hypromelloses;FERROSOFERRIC OXIDE;FERRIC OXIDE RED;FERRIC OXIDE YELLOW;isopropyl alcohol;lactose monohydrate;magnesium stearate;CELLULOSE, MICROCRYSTALLINE;STARCH, CORN;titanium dioxide;",HRX,SCD,simvastatin 80 MG Oral Tablet,200345,2020-02-10 15:44:38,55111-268,0,,551110268,55111,268,Simvastatin,active,20181206,84334c5d-1663-972c-5d96-03eb1be16f64.xml,,C42931,34391-3,,,LABELER,Dr. Reddy's Laboratories Limited,C73584,NLM,TRUE,,14,,,TRUE,FALSE,FALSE,TRUE,TRUE
55111-0343-30_PART_1_OF_1_CHAL10_SB_4826A465.jpg,55111-0343-30,343,TRUE,FALSE,FALSE,fcn_mix_weight/dr_224/55111-0343-30_PART_1_OF_1_CHAL10_SB_4826A465.jpg,55111-0343-30_4826A465,3722,TRUE,10/17/2017 05:29:36 PM,2020-02-10 17:02:38,774d9d1f-523b-4061-850a-00607da15787-55111-343-0,774d9d1f-523b-4061-850a-00607da15787,8,,C48348,ROUND,,2,,RDY;343,,C48328,PINK,,Citalopram hydrobromide 20 mg;,Citalopram hydrobromide[Citalopram];,"silicon dioxide;Copovidone K25-31;croscarmellose sodium;HYPROMELLOSE 2910 (5 MPA.S);HYPROMELLOSE 2910 (6 MPA.S);lactose monohydrate;magnesium stearate;cellulose, microcrystalline;polyethylene glycol 400;starch, corn;titanium dioxide;ferric oxide red;",HRX,SCD,citalopram 20 MG Oral Tablet,200371,2020-02-10 15:21:23,55111-343,0,,551110343,55111,343,Citalopram Hydrobromide,active,20150626,ebeb5178-f2e5-0029-c906-845fc4f91d6d.xml,,C42931,34391-3,,,LABELER,Dr. Reddy's Laboratories Limited,C73584,NLM,TRUE,,8,,,TRUE,FALSE,FALSE,TRUE,TRUE
55111-0343-30_PART_1_OF_1_CHAL10_SF_4826A465.jpg,55111-0343-30,343,TRUE,TRUE,FALSE,fcn_mix_weight/dr_224/55111-0343-30_PART_1_OF_1_CHAL10_SF_4826A465.jpg,55111-0343-30_4826A465,3722,TRUE,10/17/2017 05:29:36 PM,2020-02-10 17:02:38,774d9d1f-523b-4061-850a-00607da15787-55111-343-0,774d9d1f-523b-4061-850a-00607da15787,8,,C48348,ROUND,,2,,RDY;343,,C48328,PINK,,Citalopram hydrobromide 20 mg;,Citalopram hydrobromide[Citalopram];,"silicon dioxide;Copovidone K25-31;croscarmellose sodium;HYPROMELLOSE 2910 (5 MPA.S);HYPROMELLOSE 2910 (6 MPA.S);lactose monohydrate;magnesium stearate;cellulose, microcrystalline;polyethylene glycol 400;starch, corn;titanium dioxide;ferric oxide red;",HRX,SCD,citalopram 20 MG Oral Tablet,200371,2020-02-10 15:21:23,55111-343,0,,551110343,55111,343,Citalopram Hydrobromide,active,20150626,ebeb5178-f2e5-0029-c906-845fc4f91d6d.xml,,C42931,34391-3,,,LABELER,Dr. Reddy's Laboratories Limited,C73584,NLM,TRUE,,8,,,TRUE,FALSE,FALSE,TRUE,TRUE
55111-0344-30_PART_1_OF_1_CHAL10_SB_24241210.jpg,55111-0344-30,344,TRUE,FALSE,FALSE,fcn_mix_weight/dr_224/55111-0344-30_PART_1_OF_1_CHAL10_SB_24241210.jpg,55111-0344-30_24241210,19084,TRUE,10/17/2017 05:30:43 PM,2020-02-10 17:00:41,774d9d1f-523b-4061-850a-00607da15787-55111-344-0,774d9d1f-523b-4061-850a-00607da15787,10,,C48348,ROUND,,2,,RDY;344,,C48325,WHITE,,Citalopram hydrobromide 40 mg;,Citalopram hydrobromide[Citalopram];,"silicon dioxide;Copovidone K25-31;croscarmellose sodium;HYPROMELLOSE 2910 (5 MPA.S);HYPROMELLOSE 2910 (6 MPA.S);lactose monohydrate;magnesium stearate;cellulose, microcrystalline;polyethylene glycol 400;starch, corn;titanium dioxide;",HRX,SCD,citalopram 40 MG Oral Tablet,309314,2020-02-10 15:12:10,55111-344,0,,551110344,55111,344,Citalopram Hydrobromide,active,20150626,ebeb5178-f2e5-0029-c906-845fc4f91d6d.xml,,C42931,34391-3,,,LABELER,Dr. Reddy's Laboratories Limited,C73584,NLM,TRUE,,8,,,TRUE,FALSE,FALSE,TRUE,TRUE
55111-0344-30_PART_1_OF_1_CHAL10_SF_24241210.jpg,55111-0344-30,344,TRUE,TRUE,FALSE,fcn_mix_weight/dr_224/55111-0344-30_PART_1_OF_1_CHAL10_SF_24241210.jpg,55111-0344-30_24241210,19084,TRUE,10/17/2017 05:30:43 PM,2020-02-10 17:00:41,774d9d1f-523b-4061-850a-00607da15787-55111-344-0,774d9d1f-523b-4061-850a-00607da15787,10,,C48348,ROUND,,2,,RDY;344,,C48325,WHITE,,Citalopram hydrobromide 40 mg;,Citalopram hydrobromide[Citalopram];,"silicon dioxide;Copovidone K25-31;croscarmellose sodium;HYPROMELLOSE 2910 (5 MPA.S);HYPROMELLOSE 2910 (6 MPA.S);lactose monohydrate;magnesium stearate;cellulose, microcrystalline;polyethylene glycol 400;starch, corn;titanium dioxide;",HRX,SCD,citalopram 40 MG Oral Tablet,309314,2020-02-10 15:12:10,55111-344,0,,551110344,55111,344,Citalopram Hydrobromide,active,20150626,ebeb5178-f2e5-0029-c906-845fc4f91d6d.xml,,C42931,34391-3,,,LABELER,Dr. Reddy's Laboratories Limited,C73584,NLM,TRUE,,8,,,TRUE,FALSE,FALSE,TRUE,TRUE
55513-0073-30_PART_1_OF_1_CHAL10_SB_1B1C8DE4.jpg,55513-0073-30,73,TRUE,FALSE,FALSE,fcn_mix_weight/dr_224/55513-0073-30_PART_1_OF_1_CHAL10_SB_1B1C8DE4.jpg,55513-0073-30_1B1C8DE4,34179,TRUE,10/17/2017 05:31:48 PM,2020-02-10 17:05:33,45028573-13c4-4c8b-ae62-6c75bba97c81-55513-073-0,45028573-13c4-4c8b-ae62-6c75bba97c81,10,,C48345,OVAL,,1,,AMG;30,,C48329,GREEN,,CINACALCET HYDROCHLORIDE 30 mg;,CINACALCET HYDROCHLORIDE[CINACALCET];,"CARNAUBA WAX;CELLULOSE, MICROCRYSTALLINE;CROSPOVIDONE;MAGNESIUM STEARATE;POVIDONE;STARCH, CORN;SILICON DIOXIDE;",HRX,SBD,cinacalcet 30 MG Oral Tablet [Sensipar],656137,2020-02-10 15:34:58,55513-073,0,,555130073,55513,73,Sensipar,active,20190329,09076806-c701-4ce9-bc1b-ead21a539c7c.xml,,C42897,34391-3,,,LABELER,Amgen Inc,C73594,NLM,TRUE,,130,,,TRUE,FALSE,FALSE,TRUE,TRUE
55513-0073-30_PART_1_OF_1_CHAL10_SF_1B1C8DE4.jpg,55513-0073-30,73,TRUE,TRUE,FALSE,fcn_mix_weight/dr_224/55513-0073-30_PART_1_OF_1_CHAL10_SF_1B1C8DE4.jpg,55513-0073-30_1B1C8DE4,34179,TRUE,10/17/2017 05:31:48 PM,2020-02-10 17:05:33,45028573-13c4-4c8b-ae62-6c75bba97c81-55513-073-0,45028573-13c4-4c8b-ae62-6c75bba97c81,10,,C48345,OVAL,,1,,AMG;30,,C48329,GREEN,,CINACALCET HYDROCHLORIDE 30 mg;,CINACALCET HYDROCHLORIDE[CINACALCET];,"CARNAUBA WAX;CELLULOSE, MICROCRYSTALLINE;CROSPOVIDONE;MAGNESIUM STEARATE;POVIDONE;STARCH, CORN;SILICON DIOXIDE;",HRX,SBD,cinacalcet 30 MG Oral Tablet [Sensipar],656137,2020-02-10 15:34:58,55513-073,0,,555130073,55513,73,Sensipar,active,20190329,09076806-c701-4ce9-bc1b-ead21a539c7c.xml,,C42897,34391-3,,,LABELER,Amgen Inc,C73594,NLM,TRUE,,130,,,TRUE,FALSE,FALSE,TRUE,TRUE
58468-0130-01_PART_1_OF_1_CHAL10_SB_D71C6B93.jpg,58468-0130-01,130,TRUE,FALSE,FALSE,fcn_mix_weight/dr_224/58468-0130-01_PART_1_OF_1_CHAL10_SB_D71C6B93.jpg,58468-0130-01_D71C6B93,6802,TRUE,10/17/2017 05:29:50 PM,2020-02-10 17:11:29,e6328460-a57b-450b-a48c-6dcd4b476360-58468-0130-0,e6328460-a57b-450b-a48c-6dcd4b476360,19,,C48345,OVAL,,1,,RENVELA;800,,C48325,WHITE,,SEVELAMER CARBONATE 800 mg;HYPROMELLOSE 2910 (5 MPA.S) 14.2 mg;HYPROMELLOSE 2910 (15 MPA.S) 14.2 mg;MICROCRYSTALLINE CELLULOSE 157.8 mg;SODIUM CHLORIDE 3.2 mg;ZINC STEARATE 2.1 mg;,SEVELAMER CARBONATE[SEVELAMER];HYPROMELLOSE 2910 (5 MPA.S)[];HYPROMELLOSE 2910 (15 MPA.S)[];MICROCRYSTALLINE CELLULOSE[];SODIUM CHLORIDE[];ZINC STEARATE[];,,HRX,SBD,sevelamer carbonate 800 MG Oral Tablet [Renvela],749210,2020-02-10 16:06:59,58468-0130,0,,584680130,58468,130,Renvela,active,20200612,1dc91d65-9867-4e1c-b780-cfff471f3757.xml,,C42931,34391-3,,,LABELER,Genzyme Corporation,C73594,NLM,TRUE,,24,,,TRUE,FALSE,FALSE,TRUE,TRUE
58468-0130-01_PART_1_OF_1_CHAL10_SF_D71C6B93.jpg,58468-0130-01,130,TRUE,TRUE,FALSE,fcn_mix_weight/dr_224/58468-0130-01_PART_1_OF_1_CHAL10_SF_D71C6B93.jpg,58468-0130-01_D71C6B93,6802,TRUE,10/17/2017 05:29:50 PM,2020-02-10 17:11:29,e6328460-a57b-450b-a48c-6dcd4b476360-58468-0130-0,e6328460-a57b-450b-a48c-6dcd4b476360,19,,C48345,OVAL,,1,,RENVELA;800,,C48325,WHITE,,SEVELAMER CARBONATE 800 mg;HYPROMELLOSE 2910 (5 MPA.S) 14.2 mg;HYPROMELLOSE 2910 (15 MPA.S) 14.2 mg;MICROCRYSTALLINE CELLULOSE 157.8 mg;SODIUM CHLORIDE 3.2 mg;ZINC STEARATE 2.1 mg;,SEVELAMER CARBONATE[SEVELAMER];HYPROMELLOSE 2910 (5 MPA.S)[];HYPROMELLOSE 2910 (15 MPA.S)[];MICROCRYSTALLINE CELLULOSE[];SODIUM CHLORIDE[];ZINC STEARATE[];,,HRX,SBD,sevelamer carbonate 800 MG Oral Tablet [Renvela],749210,2020-02-10 16:06:59,58468-0130,0,,584680130,58468,130,Renvela,active,20200612,1dc91d65-9867-4e1c-b780-cfff471f3757.xml,,C42931,34391-3,,,LABELER,Genzyme Corporation,C73594,NLM,TRUE,,24,,,TRUE,FALSE,FALSE,TRUE,TRUE
59148-0006-13_PART_1_OF_1_CHAL10_SB_97154BCA.jpg,59148-0006-13,6,TRUE,FALSE,FALSE,fcn_mix_weight/dr_224/59148-0006-13_PART_1_OF_1_CHAL10_SB_97154BCA.jpg,59148-0006-13_97154BCA,34006,TRUE,10/17/2017 05:31:47 PM,2020-02-10 17:09:21,c040bd1d-45b7-49f2-93ea-aed7220b30ac-59148-006-0,c040bd1d-45b7-49f2-93ea-aed7220b30ac,8,,C48347,RECTANGLE,,1,,A;006;2,,C48329,GREEN,,ARIPIPRAZOLE 2 mg;,ARIPIPRAZOLE[ARIPIPRAZOLE];,"STARCH, CORN;HYDROXYPROPYL CELLULOSE (1600000 WAMW);LACTOSE MONOHYDRATE;MAGNESIUM STEARATE;MICROCRYSTALLINE CELLULOSE;FERRIC OXIDE RED;FERRIC OXIDE YELLOW;FD&C BLUE NO. 2;ALUMINUM OXIDE;",HRX,SBD,aripiprazole 2 MG Oral Tablet [Abilify],615172,2020-02-10 15:55:00,59148-006,0,,591480006,59148,6,ABILIFY,active,20200708,85ae6d7d-eb0f-44b1-bb1f-b58d196124a4.xml,,C42998,34391-3,,,LABELER,"Otsuka America Pharmaceutical, Inc.",C73594,NLM,TRUE,,68,,,TRUE,FALSE,FALSE,TRUE,TRUE
59148-0006-13_PART_1_OF_1_CHAL10_SF_97154BCA.jpg,59148-0006-13,6,TRUE,TRUE,FALSE,fcn_mix_weight/dr_224/59148-0006-13_PART_1_OF_1_CHAL10_SF_97154BCA.jpg,59148-0006-13_97154BCA,34006,TRUE,10/17/2017 05:31:47 PM,2020-02-10 17:09:21,c040bd1d-45b7-49f2-93ea-aed7220b30ac-59148-006-0,c040bd1d-45b7-49f2-93ea-aed7220b30ac,8,,C48347,RECTANGLE,,1,,A;006;2,,C48329,GREEN,,ARIPIPRAZOLE 2 mg;,ARIPIPRAZOLE[ARIPIPRAZOLE];,"STARCH, CORN;HYDROXYPROPYL CELLULOSE (1600000 WAMW);LACTOSE MONOHYDRATE;MAGNESIUM STEARATE;MICROCRYSTALLINE CELLULOSE;FERRIC OXIDE RED;FERRIC OXIDE YELLOW;FD&C BLUE NO. 2;ALUMINUM OXIDE;",HRX,SBD,aripiprazole 2 MG Oral Tablet [Abilify],615172,2020-02-10 15:55:00,59148-006,0,,591480006,59148,6,ABILIFY,active,20200708,85ae6d7d-eb0f-44b1-bb1f-b58d196124a4.xml,,C42998,34391-3,,,LABELER,"Otsuka America Pharmaceutical, Inc.",C73594,NLM,TRUE,,68,,,TRUE,FALSE,FALSE,TRUE,TRUE
59762-1301-01_PART_1_OF_1_CHAL10_SB_292114A8.jpg,59762-1301-01,1301,TRUE,FALSE,FALSE,fcn_mix_weight/dr_224/59762-1301-01_PART_1_OF_1_CHAL10_SB_292114A8.jpg,59762-1301-01_292114A8,12405,TRUE,10/17/2017 05:30:14 PM,10/17/2017 05:30:14 PM,be59c773-1d4f-4843-a326-1eca9a494d2c-59762-1301-0,be59c773-1d4f-4843-a326-1eca9a494d2c,8,,C48348,ROUND,,2,,C;74,,C48328,PINK,,METOPROLOL TARTRATE 50 mg;,METOPROLOL TARTRATE[METOPROLOL];,"CELLULOSE, MICROCRYSTALLINE;STARCH, CORN;SODIUM STARCH GLYCOLATE TYPE A POTATO;SILICON DIOXIDE;SODIUM LAURYL SULFATE;TALC;MAGNESIUM STEARATE;HYPROMELLOSE 2910 (6 MPA.S);TITANIUM DIOXIDE;POLYETHYLENE GLYCOL 400;POLYSORBATE 80;D&C RED NO. 30;",HRX,,Metoprolol Tartrate 50 MG Oral Tablet,866514,,59762-1301,0,,597621301,59762,1301,Metoprolol Tartrate,completed,20140113,275100bd-9dee-4e67-9717-251ba9163bac.xml,,C42931,34391-3,,,LABELER,Greenstone LLC,C73584,NLM,TRUE,,3,,,FALSE,TRUE,FALSE,TRUE,TRUE
59762-1301-01_PART_1_OF_1_CHAL10_SF_292114A8.jpg,59762-1301-01,1301,TRUE,TRUE,FALSE,fcn_mix_weight/dr_224/59762-1301-01_PART_1_OF_1_CHAL10_SF_292114A8.jpg,59762-1301-01_292114A8,12405,TRUE,10/17/2017 05:30:14 PM,10/17/2017 05:30:14 PM,be59c773-1d4f-4843-a326-1eca9a494d2c-59762-1301-0,be59c773-1d4f-4843-a326-1eca9a494d2c,8,,C48348,ROUND,,2,,C;74,,C48328,PINK,,METOPROLOL TARTRATE 50 mg;,METOPROLOL TARTRATE[METOPROLOL];,"CELLULOSE, MICROCRYSTALLINE;STARCH, CORN;SODIUM STARCH GLYCOLATE TYPE A POTATO;SILICON DIOXIDE;SODIUM LAURYL SULFATE;TALC;MAGNESIUM STEARATE;HYPROMELLOSE 2910 (6 MPA.S);TITANIUM DIOXIDE;POLYETHYLENE GLYCOL 400;POLYSORBATE 80;D&C RED NO. 30;",HRX,,Metoprolol Tartrate 50 MG Oral Tablet,866514,,59762-1301,0,,597621301,59762,1301,Metoprolol Tartrate,completed,20140113,275100bd-9dee-4e67-9717-251ba9163bac.xml,,C42931,34391-3,,,LABELER,Greenstone LLC,C73584,NLM,TRUE,,3,,,FALSE,TRUE,FALSE,TRUE,TRUE
59762-2002-01_PART_1_OF_1_CHAL10_SB_E81DF46F.jpg,59762-2002-01,2002,TRUE,FALSE,FALSE,fcn_mix_weight/dr_224/59762-2002-01_PART_1_OF_1_CHAL10_SB_E81DF46F.jpg,59762-2002-01_E81DF46F,31225,TRUE,10/17/2017 05:31:35 PM,2020-02-10 17:12:11,315e24c2-2f8c-47d9-b1b1-ce006646098a-59762-2002-0,315e24c2-2f8c-47d9-b1b1-ce006646098a,14,,C48336,CAPSULE,,1,,G;2002,,C48333,BLUE,,ZIPRASIDONE HYDROCHLORIDE 40 mg;,ZIPRASIDONE HYDROCHLORIDE[ZIPRASIDONE];,"LACTOSE, UNSPECIFIED FORM;MAGNESIUM STEARATE;",HRX,SCD,ziprasidone 40 MG Oral Capsule,313776,2020-02-10 15:34:44,59762-2002,0,,597622002,59762,2002,Ziprasidone,active,20200430,853d706f-8419-42c0-8248-d8c6f022c696.xml,,C25158,34391-3,,,LABELER,Greenstone LLC,C73605,NLM,TRUE,,15,,,TRUE,FALSE,FALSE,TRUE,TRUE
59762-2002-01_PART_1_OF_1_CHAL10_SF_E81DF46F.jpg,59762-2002-01,2002,TRUE,TRUE,FALSE,fcn_mix_weight/dr_224/59762-2002-01_PART_1_OF_1_CHAL10_SF_E81DF46F.jpg,59762-2002-01_E81DF46F,31225,TRUE,10/17/2017 05:31:35 PM,2020-02-10 17:12:11,315e24c2-2f8c-47d9-b1b1-ce006646098a-59762-2002-0,315e24c2-2f8c-47d9-b1b1-ce006646098a,14,,C48336,CAPSULE,,1,,G;2002,,C48333,BLUE,,ZIPRASIDONE HYDROCHLORIDE 40 mg;,ZIPRASIDONE HYDROCHLORIDE[ZIPRASIDONE];,"LACTOSE, UNSPECIFIED FORM;MAGNESIUM STEARATE;",HRX,SCD,ziprasidone 40 MG Oral Capsule,313776,2020-02-10 15:34:44,59762-2002,0,,597622002,59762,2002,Ziprasidone,active,20200430,853d706f-8419-42c0-8248-d8c6f022c696.xml,,C25158,34391-3,,,LABELER,Greenstone LLC,C73605,NLM,TRUE,,15,,,TRUE,FALSE,FALSE,TRUE,TRUE
59762-2003-01_PART_1_OF_1_CHAL10_SB_EC1DF61F.jpg,59762-2003-01,2003,TRUE,FALSE,FALSE,fcn_mix_weight/dr_224/59762-2003-01_PART_1_OF_1_CHAL10_SB_EC1DF61F.jpg,59762-2003-01_EC1DF61F,45807,TRUE,10/17/2017 05:32:41 PM,2020-02-10 17:05:30,315e24c2-2f8c-47d9-b1b1-ce006646098a-59762-2003-0,315e24c2-2f8c-47d9-b1b1-ce006646098a,16,,C48336,CAPSULE,,1,,G;2003,,C48325,WHITE,,ZIPRASIDONE HYDROCHLORIDE 60 mg;,ZIPRASIDONE HYDROCHLORIDE[ZIPRASIDONE];,"LACTOSE, UNSPECIFIED FORM;MAGNESIUM STEARATE;",HRX,SCD,ziprasidone 60 MG Oral Capsule,313777,2020-02-10 15:34:44,59762-2003,0,,597622003,59762,2003,Ziprasidone,active,20200430,853d706f-8419-42c0-8248-d8c6f022c696.xml,,C25158,34391-3,,,LABELER,Greenstone LLC,C73605,NLM,TRUE,,15,,,TRUE,FALSE,FALSE,TRUE,TRUE
59762-2003-01_PART_1_OF_1_CHAL10_SF_EC1DF61F.jpg,59762-2003-01,2003,TRUE,TRUE,FALSE,fcn_mix_weight/dr_224/59762-2003-01_PART_1_OF_1_CHAL10_SF_EC1DF61F.jpg,59762-2003-01_EC1DF61F,45807,TRUE,10/17/2017 05:32:41 PM,2020-02-10 17:05:30,315e24c2-2f8c-47d9-b1b1-ce006646098a-59762-2003-0,315e24c2-2f8c-47d9-b1b1-ce006646098a,16,,C48336,CAPSULE,,1,,G;2003,,C48325,WHITE,,ZIPRASIDONE HYDROCHLORIDE 60 mg;,ZIPRASIDONE HYDROCHLORIDE[ZIPRASIDONE];,"LACTOSE, UNSPECIFIED FORM;MAGNESIUM STEARATE;",HRX,SCD,ziprasidone 60 MG Oral Capsule,313777,2020-02-10 15:34:44,59762-2003,0,,597622003,59762,2003,Ziprasidone,active,20200430,853d706f-8419-42c0-8248-d8c6f022c696.xml,,C25158,34391-3,,,LABELER,Greenstone LLC,C73605,NLM,TRUE,,15,,,TRUE,FALSE,FALSE,TRUE,TRUE
59762-2004-01_PART_1_OF_1_CHAL10_SB_E61DF31F.jpg,59762-2004-01,2004,TRUE,FALSE,FALSE,fcn_mix_weight/dr_224/59762-2004-01_PART_1_OF_1_CHAL10_SB_E61DF31F.jpg,59762-2004-01_E61DF31F,25242,TRUE,10/17/2017 05:31:09 PM,2020-02-10 17:09:19,315e24c2-2f8c-47d9-b1b1-ce006646098a-59762-2004-0,315e24c2-2f8c-47d9-b1b1-ce006646098a,18,,C48336,CAPSULE,,1,,G;2004,,C48333;C48325,BLUE;WHITE,,ZIPRASIDONE HYDROCHLORIDE 80 mg;,ZIPRASIDONE HYDROCHLORIDE[ZIPRASIDONE];,"LACTOSE, UNSPECIFIED FORM;MAGNESIUM STEARATE;",HRX,SCD,ziprasidone 80 MG Oral Capsule,313778,2020-02-10 15:54:49,59762-2004,0,,597622004,59762,2004,Ziprasidone,active,20200430,853d706f-8419-42c0-8248-d8c6f022c696.xml,,C25158,34391-3,,,LABELER,Greenstone LLC,C73605,NLM,TRUE,,15,,,TRUE,FALSE,FALSE,TRUE,TRUE
59762-2004-01_PART_1_OF_1_CHAL10_SF_E61DF31F.jpg,59762-2004-01,2004,TRUE,TRUE,FALSE,fcn_mix_weight/dr_224/59762-2004-01_PART_1_OF_1_CHAL10_SF_E61DF31F.jpg,59762-2004-01_E61DF31F,25242,TRUE,10/17/2017 05:31:09 PM,2020-02-10 17:09:19,315e24c2-2f8c-47d9-b1b1-ce006646098a-59762-2004-0,315e24c2-2f8c-47d9-b1b1-ce006646098a,18,,C48336,CAPSULE,,1,,G;2004,,C48333;C48325,BLUE;WHITE,,ZIPRASIDONE HYDROCHLORIDE 80 mg;,ZIPRASIDONE HYDROCHLORIDE[ZIPRASIDONE];,"LACTOSE, UNSPECIFIED FORM;MAGNESIUM STEARATE;",HRX,SCD,ziprasidone 80 MG Oral Capsule,313778,2020-02-10 15:54:49,59762-2004,0,,597622004,59762,2004,Ziprasidone,active,20200430,853d706f-8419-42c0-8248-d8c6f022c696.xml,,C25158,34391-3,,,LABELER,Greenstone LLC,C73605,NLM,TRUE,,15,,,TRUE,FALSE,FALSE,TRUE,TRUE
59762-2858-01_PART_1_OF_1_CHAL10_SB_00200070.jpg,59762-2858-01,2858,TRUE,FALSE,FALSE,fcn_mix_weight/dr_224/59762-2858-01_PART_1_OF_1_CHAL10_SB_00200070.jpg,59762-2858-01_00200070,9318,TRUE,10/17/2017 05:30:01 PM,2020-02-10 17:05:23,69abd0ff-b200-4d1a-b14a-80e980a8e781-59762-2858-0,69abd0ff-b200-4d1a-b14a-80e980a8e781,6,,C48348,ROUND,,1,,2858,,C48325,WHITE,,EXEMESTANE 25 mg;,EXEMESTANE[EXEMESTANE];,"MANNITOL;CROSPOVIDONE (15 MPA.S AT 5%);POLYSORBATE 80;HYPROMELLOSE, UNSPECIFIED;SILICON DIOXIDE;MICROCRYSTALLINE CELLULOSE;MAGNESIUM STEARATE;POLYETHYLENE GLYCOL 6000;SUCROSE;MAGNESIUM CARBONATE;TITANIUM DIOXIDE;METHYLPARABEN;POLYVINYL ALCOHOL, UNSPECIFIED;SODIUM STARCH GLYCOLATE TYPE A POTATO;",HRX,SCD,exemestane 25 MG Oral Tablet,310261,2020-02-10 15:34:12,59762-2858,0,,597622858,59762,2858,EXEMESTANE,active,20180613,47a04c9b-920f-4627-9d94-fd48595ac1d7.xml,,C42992,34391-3,,,LABELER,Greenstone LLC,C73605,NLM,TRUE,,12,,,TRUE,FALSE,FALSE,TRUE,TRUE
59762-2858-01_PART_1_OF_1_CHAL10_SF_00200070.jpg,59762-2858-01,2858,TRUE,TRUE,FALSE,fcn_mix_weight/dr_224/59762-2858-01_PART_1_OF_1_CHAL10_SF_00200070.jpg,59762-2858-01_00200070,9318,TRUE,10/17/2017 05:30:01 PM,2020-02-10 17:05:23,69abd0ff-b200-4d1a-b14a-80e980a8e781-59762-2858-0,69abd0ff-b200-4d1a-b14a-80e980a8e781,6,,C48348,ROUND,,1,,2858,,C48325,WHITE,,EXEMESTANE 25 mg;,EXEMESTANE[EXEMESTANE];,"MANNITOL;CROSPOVIDONE (15 MPA.S AT 5%);POLYSORBATE 80;HYPROMELLOSE, UNSPECIFIED;SILICON DIOXIDE;MICROCRYSTALLINE CELLULOSE;MAGNESIUM STEARATE;POLYETHYLENE GLYCOL 6000;SUCROSE;MAGNESIUM CARBONATE;TITANIUM DIOXIDE;METHYLPARABEN;POLYVINYL ALCOHOL, UNSPECIFIED;SODIUM STARCH GLYCOLATE TYPE A POTATO;",HRX,SCD,exemestane 25 MG Oral Tablet,310261,2020-02-10 15:34:12,59762-2858,0,,597622858,59762,2858,EXEMESTANE,active,20180613,47a04c9b-920f-4627-9d94-fd48595ac1d7.xml,,C42992,34391-3,,,LABELER,Greenstone LLC,C73605,NLM,TRUE,,12,,,TRUE,FALSE,FALSE,TRUE,TRUE
59762-4910-01_PART_1_OF_1_CHAL10_SB_672133C9.jpg,59762-4910-01,4910,TRUE,FALSE,FALSE,fcn_mix_weight/dr_224/59762-4910-01_PART_1_OF_1_CHAL10_SB_672133C9.jpg,59762-4910-01_672133C9,20171,TRUE,10/17/2017 05:30:47 PM,2020-02-10 17:07:13,1a58062b-e635-431a-908d-2651c6a4a21c-59762-4910-0,1a58062b-e635-431a-908d-2651c6a4a21c,13,,C48345,OVAL,,2,,G;4910;100;mg,,C48330,YELLOW,,SERTRALINE HYDROCHLORIDE 100 mg;,SERTRALINE HYDROCHLORIDE[SERTRALINE];,"DIBASIC CALCIUM PHOSPHATE DIHYDRATE;HYDROXYPROPYL CELLULOSE (1600000 WAMW);HYPROMELLOSE, UNSPECIFIED;MAGNESIUM STEARATE;MICROCRYSTALLINE CELLULOSE;POLYETHYLENE GLYCOL, UNSPECIFIED;POLYSORBATE 80;FERRIC OXIDE YELLOW;TITANIUM DIOXIDE;",HRX,SCD,sertraline 100 MG Oral Tablet,312938,2020-02-10 15:43:15,59762-4910,0,,597624910,59762,4910,SERTRALINE HYDROCHLORIDE,completed,20200123,1ef7897d-60bb-4685-820f-21c78a097642.xml,,C42931,34391-3,,,LABELER,Greenstone LLC,C73605,NLM,TRUE,,34,,,TRUE,FALSE,FALSE,TRUE,TRUE
59762-4910-01_PART_1_OF_1_CHAL10_SF_672133C9.jpg,59762-4910-01,4910,TRUE,TRUE,FALSE,fcn_mix_weight/dr_224/59762-4910-01_PART_1_OF_1_CHAL10_SF_672133C9.jpg,59762-4910-01_672133C9,20171,TRUE,10/17/2017 05:30:47 PM,2020-02-10 17:07:13,1a58062b-e635-431a-908d-2651c6a4a21c-59762-4910-0,1a58062b-e635-431a-908d-2651c6a4a21c,13,,C48345,OVAL,,2,,G;4910;100;mg,,C48330,YELLOW,,SERTRALINE HYDROCHLORIDE 100 mg;,SERTRALINE HYDROCHLORIDE[SERTRALINE];,"DIBASIC CALCIUM PHOSPHATE DIHYDRATE;HYDROXYPROPYL CELLULOSE (1600000 WAMW);HYPROMELLOSE, UNSPECIFIED;MAGNESIUM STEARATE;MICROCRYSTALLINE CELLULOSE;POLYETHYLENE GLYCOL, UNSPECIFIED;POLYSORBATE 80;FERRIC OXIDE YELLOW;TITANIUM DIOXIDE;",HRX,SCD,sertraline 100 MG Oral Tablet,312938,2020-02-10 15:43:15,59762-4910,0,,597624910,59762,4910,SERTRALINE HYDROCHLORIDE,completed,20200123,1ef7897d-60bb-4685-820f-21c78a097642.xml,,C42931,34391-3,,,LABELER,Greenstone LLC,C73605,NLM,TRUE,,34,,,TRUE,FALSE,FALSE,TRUE,TRUE
59762-4960-01_PART_1_OF_1_CHAL10_SB_74213A59.jpg,59762-4960-01,4960,TRUE,FALSE,FALSE,fcn_mix_weight/dr_224/59762-4960-01_PART_1_OF_1_CHAL10_SB_74213A59.jpg,59762-4960-01_74213A59,15209,TRUE,10/17/2017 05:30:26 PM,2020-02-10 17:00:29,1a58062b-e635-431a-908d-2651c6a4a21c-59762-4960-0,1a58062b-e635-431a-908d-2651c6a4a21c,8,,C48345,OVAL,,2,,G;4960;25;mg,,C48329,GREEN,,SERTRALINE HYDROCHLORIDE 25 mg;,SERTRALINE HYDROCHLORIDE[SERTRALINE];,"DIBASIC CALCIUM PHOSPHATE DIHYDRATE;D&C YELLOW NO. 10;FD&C BLUE NO. 1;FD&C RED NO. 40;ALUMINUM OXIDE;HYDROXYPROPYL CELLULOSE (1600000 WAMW);HYPROMELLOSE, UNSPECIFIED;MAGNESIUM STEARATE;MICROCRYSTALLINE CELLULOSE;POLYETHYLENE GLYCOL, UNSPECIFIED;POLYSORBATE 80;TITANIUM DIOXIDE;",HRX,SCD,sertraline 25 MG Oral Tablet,312940,2020-02-10 15:11:28,59762-4960,0,,597624960,59762,4960,SERTRALINE HYDROCHLORIDE,completed,20200123,1ef7897d-60bb-4685-820f-21c78a097642.xml,,C42931,34391-3,,,LABELER,Greenstone LLC,C73605,NLM,TRUE,,34,,,TRUE,FALSE,FALSE,TRUE,TRUE
59762-4960-01_PART_1_OF_1_CHAL10_SF_74213A59.jpg,59762-4960-01,4960,TRUE,TRUE,FALSE,fcn_mix_weight/dr_224/59762-4960-01_PART_1_OF_1_CHAL10_SF_74213A59.jpg,59762-4960-01_74213A59,15209,TRUE,10/17/2017 05:30:26 PM,2020-02-10 17:00:29,1a58062b-e635-431a-908d-2651c6a4a21c-59762-4960-0,1a58062b-e635-431a-908d-2651c6a4a21c,8,,C48345,OVAL,,2,,G;4960;25;mg,,C48329,GREEN,,SERTRALINE HYDROCHLORIDE 25 mg;,SERTRALINE HYDROCHLORIDE[SERTRALINE];,"DIBASIC CALCIUM PHOSPHATE DIHYDRATE;D&C YELLOW NO. 10;FD&C BLUE NO. 1;FD&C RED NO. 40;ALUMINUM OXIDE;HYDROXYPROPYL CELLULOSE (1600000 WAMW);HYPROMELLOSE, UNSPECIFIED;MAGNESIUM STEARATE;MICROCRYSTALLINE CELLULOSE;POLYETHYLENE GLYCOL, UNSPECIFIED;POLYSORBATE 80;TITANIUM DIOXIDE;",HRX,SCD,sertraline 25 MG Oral Tablet,312940,2020-02-10 15:11:28,59762-4960,0,,597624960,59762,4960,SERTRALINE HYDROCHLORIDE,completed,20200123,1ef7897d-60bb-4685-820f-21c78a097642.xml,,C42931,34391-3,,,LABELER,Greenstone LLC,C73605,NLM,TRUE,,34,,,TRUE,FALSE,FALSE,TRUE,TRUE
59762-5008-01_PART_1_OF_1_CHAL10_SB_8508C2E6.jpg,59762-5008-01,5008,TRUE,FALSE,FALSE,fcn_mix_weight/dr_224/59762-5008-01_PART_1_OF_1_CHAL10_SB_8508C2E6.jpg,59762-5008-01_8508C2E6,19155,TRUE,10/17/2017 05:30:43 PM,2020-02-10 17:07:28,c4fe14fb-0a43-4c31-9cd6-29eb0d156705-59762-5008-0,c4fe14fb-0a43-4c31-9cd6-29eb0d156705,9,,C48343,HEXAGON (6 SIDED),,2,,G;5008,,C48325,WHITE,,MISOPROSTOL 200 ug;,MISOPROSTOL[MISOPROSTOL];,"HYDROGENATED CASTOR OIL;HYPROMELLOSE, UNSPECIFIED;MICROCRYSTALLINE CELLULOSE;",HRX,SCD,misoprostol 0.2 MG Oral Tablet,317128,2020-02-10 15:44:34,59762-5008,0,,597625008,59762,5008,misoprostol,active,20180730,76aef3e4-6ba0-4fde-a23c-d063b4afd41c.xml,,C42998,34391-3,,,LABELER,Greenstone LLC,C73605,NLM,TRUE,,12,,,TRUE,FALSE,FALSE,TRUE,TRUE
59762-5008-01_PART_1_OF_1_CHAL10_SF_8508C2E6.jpg,59762-5008-01,5008,TRUE,TRUE,FALSE,fcn_mix_weight/dr_224/59762-5008-01_PART_1_OF_1_CHAL10_SF_8508C2E6.jpg,59762-5008-01_8508C2E6,19155,TRUE,10/17/2017 05:30:43 PM,2020-02-10 17:07:28,c4fe14fb-0a43-4c31-9cd6-29eb0d156705-59762-5008-0,c4fe14fb-0a43-4c31-9cd6-29eb0d156705,9,,C48343,HEXAGON (6 SIDED),,2,,G;5008,,C48325,WHITE,,MISOPROSTOL 200 ug;,MISOPROSTOL[MISOPROSTOL];,"HYDROGENATED CASTOR OIL;HYPROMELLOSE, UNSPECIFIED;MICROCRYSTALLINE CELLULOSE;",HRX,SCD,misoprostol 0.2 MG Oral Tablet,317128,2020-02-10 15:44:34,59762-5008,0,,597625008,59762,5008,misoprostol,active,20180730,76aef3e4-6ba0-4fde-a23c-d063b4afd41c.xml,,C42998,34391-3,,,LABELER,Greenstone LLC,C73605,NLM,TRUE,,12,,,TRUE,FALSE,FALSE,TRUE,TRUE
59762-5011-01_PART_1_OF_1_CHAL10_SB_1D230EC8.jpg,59762-5011-01,5011,TRUE,FALSE,FALSE,fcn_mix_weight/dr_224/59762-5011-01_PART_1_OF_1_CHAL10_SB_1D230EC8.jpg,59762-5011-01_1D230EC8,21830,TRUE,10/17/2017 05:30:54 PM,2020-02-10 17:14:17,322f2b36-ca93-4a57-9413-ef4efbbb3c65-59762-5011-0,322f2b36-ca93-4a57-9413-ef4efbbb3c65,9,,C48348,ROUND,,1,,G;5011,,C48330,YELLOW,,SPIRONOLACTONE 25 mg;,SPIRONOLACTONE[SPIRONOLACTONE];,"STARCH, CORN;MAGNESIUM STEARATE;POVIDONE, UNSPECIFIED;TITANIUM DIOXIDE;FERRIC OXIDE RED;HYPROMELLOSE 2910 (15000 MPA.S);CALCIUM SULFATE DIHYDRATE;PEPPERMINT;POLYETHYLENE GLYCOL 400;CARNAUBA WAX;STEARIC ACID;",HRX,SCD,spironolactone 25 MG Oral Tablet,313096,2020-02-10 16:22:35,59762-5011,0,,597625011,59762,5011,spironolactone,completed,20200707,ce7392cc-a116-4d92-9802-32d0d8d1d77b.xml,,C42931,34391-3,,,LABELER,Greenstone LLC,C73605,NLM,TRUE,,18,,,TRUE,FALSE,FALSE,TRUE,TRUE
59762-5011-01_PART_1_OF_1_CHAL10_SF_1D230EC8.jpg,59762-5011-01,5011,TRUE,TRUE,FALSE,fcn_mix_weight/dr_224/59762-5011-01_PART_1_OF_1_CHAL10_SF_1D230EC8.jpg,59762-5011-01_1D230EC8,21830,TRUE,10/17/2017 05:30:54 PM,2020-02-10 17:14:17,322f2b36-ca93-4a57-9413-ef4efbbb3c65-59762-5011-0,322f2b36-ca93-4a57-9413-ef4efbbb3c65,9,,C48348,ROUND,,1,,G;5011,,C48330,YELLOW,,SPIRONOLACTONE 25 mg;,SPIRONOLACTONE[SPIRONOLACTONE];,"STARCH, CORN;MAGNESIUM STEARATE;POVIDONE, UNSPECIFIED;TITANIUM DIOXIDE;FERRIC OXIDE RED;HYPROMELLOSE 2910 (15000 MPA.S);CALCIUM SULFATE DIHYDRATE;PEPPERMINT;POLYETHYLENE GLYCOL 400;CARNAUBA WAX;STEARIC ACID;",HRX,SCD,spironolactone 25 MG Oral Tablet,313096,2020-02-10 16:22:35,59762-5011,0,,597625011,59762,5011,spironolactone,completed,20200707,ce7392cc-a116-4d92-9802-32d0d8d1d77b.xml,,C42931,34391-3,,,LABELER,Greenstone LLC,C73605,NLM,TRUE,,18,,,TRUE,FALSE,FALSE,TRUE,TRUE
59762-5018-01_PART_1_OF_1_CHAL10_SB_3B269DD4.jpg,59762-5018-01,5018,TRUE,FALSE,FALSE,fcn_mix_weight/dr_224/59762-5018-01_PART_1_OF_1_CHAL10_SB_3B269DD4.jpg,59762-5018-01_3B269DD4,37080,TRUE,10/17/2017 05:32:02 PM,2020-02-10 17:01:05,737e0fac-a2d2-4053-a0d7-edbfb6248f69-59762-5018-0,737e0fac-a2d2-4053-a0d7-edbfb6248f69,12,,C48352,TRAPEZOID,,1,,FLZ;200,,C48328,PINK,,FLUCONAZOLE 200 mg;,FLUCONAZOLE[FLUCONAZOLE];,"MICROCRYSTALLINE CELLULOSE;ANHYDROUS DIBASIC CALCIUM PHOSPHATE;POVIDONE, UNSPECIFIED;CROSCARMELLOSE SODIUM;FD&C RED NO. 40;ALUMINUM OXIDE;MAGNESIUM STEARATE;",HRX,SCD,fluconazole 200 MG Oral Tablet,197700,2020-02-10 15:13:50,59762-5018,0,,597625018,59762,5018,Fluconazole,active,20200421,c8ba6824-4a6f-4828-bd33-cd87c5c73a68.xml,,C42998,34391-3,,,LABELER,Greenstone LLC,C73605,NLM,TRUE,,27,,,TRUE,FALSE,FALSE,TRUE,TRUE
59762-5018-01_PART_1_OF_1_CHAL10_SF_3B269DD4.jpg,59762-5018-01,5018,TRUE,TRUE,FALSE,fcn_mix_weight/dr_224/59762-5018-01_PART_1_OF_1_CHAL10_SF_3B269DD4.jpg,59762-5018-01_3B269DD4,37080,TRUE,10/17/2017 05:32:02 PM,2020-02-10 17:01:05,737e0fac-a2d2-4053-a0d7-edbfb6248f69-59762-5018-0,737e0fac-a2d2-4053-a0d7-edbfb6248f69,12,,C48352,TRAPEZOID,,1,,FLZ;200,,C48328,PINK,,FLUCONAZOLE 200 mg;,FLUCONAZOLE[FLUCONAZOLE];,"MICROCRYSTALLINE CELLULOSE;ANHYDROUS DIBASIC CALCIUM PHOSPHATE;POVIDONE, UNSPECIFIED;CROSCARMELLOSE SODIUM;FD&C RED NO. 40;ALUMINUM OXIDE;MAGNESIUM STEARATE;",HRX,SCD,fluconazole 200 MG Oral Tablet,197700,2020-02-10 15:13:50,59762-5018,0,,597625018,59762,5018,Fluconazole,active,20200421,c8ba6824-4a6f-4828-bd33-cd87c5c73a68.xml,,C42998,34391-3,,,LABELER,Greenstone LLC,C73605,NLM,TRUE,,27,,,TRUE,FALSE,FALSE,TRUE,TRUE
59762-5019-01_PART_1_OF_1_CHAL10_SB_232191EC.jpg,59762-5019-01,5019,TRUE,FALSE,FALSE,fcn_mix_weight/dr_224/59762-5019-01_PART_1_OF_1_CHAL10_SB_232191EC.jpg,59762-5019-01_232191EC,3458,TRUE,10/17/2017 05:29:35 PM,2020-02-10 17:08:32,237003b9-f7da-42f1-a58a-bc1231e62d08-59762-5019-0,237003b9-f7da-42f1-a58a-bc1231e62d08,10,,C48345,OVAL,,2,,G;022;5,,C48332,BROWN,,QUINAPRIL HYDROCHLORIDE 5 mg;,QUINAPRIL HYDROCHLORIDE[QUINAPRILAT];,"CANDELILLA WAX;CROSPOVIDONE (15 MPA.S AT 5%);GELATIN, UNSPECIFIED;LACTOSE, UNSPECIFIED FORM;MAGNESIUM CARBONATE;MAGNESIUM STEARATE;FERRIC OXIDE RED;TITANIUM DIOXIDE;",HRX,SCD,quinapril 5 MG Oral Tablet,312750,2020-02-10 15:50:42,59762-5019,0,,597625019,59762,5019,Quinapril Hydrochloride,completed,20170315,982b4358-b016-4351-9fda-38d8c42dcf72.xml,,C42931,34391-3,,,LABELER,Greenstone LLC,C73605,NLM,TRUE,,18,,,TRUE,FALSE,FALSE,TRUE,TRUE
59762-5019-01_PART_1_OF_1_CHAL10_SF_232191EC.jpg,59762-5019-01,5019,TRUE,TRUE,FALSE,fcn_mix_weight/dr_224/59762-5019-01_PART_1_OF_1_CHAL10_SF_232191EC.jpg,59762-5019-01_232191EC,3458,TRUE,10/17/2017 05:29:35 PM,2020-02-10 17:08:32,237003b9-f7da-42f1-a58a-bc1231e62d08-59762-5019-0,237003b9-f7da-42f1-a58a-bc1231e62d08,10,,C48345,OVAL,,2,,G;022;5,,C48332,BROWN,,QUINAPRIL HYDROCHLORIDE 5 mg;,QUINAPRIL HYDROCHLORIDE[QUINAPRILAT];,"CANDELILLA WAX;CROSPOVIDONE (15 MPA.S AT 5%);GELATIN, UNSPECIFIED;LACTOSE, UNSPECIFIED FORM;MAGNESIUM CARBONATE;MAGNESIUM STEARATE;FERRIC OXIDE RED;TITANIUM DIOXIDE;",HRX,SCD,quinapril 5 MG Oral Tablet,312750,2020-02-10 15:50:42,59762-5019,0,,597625019,59762,5019,Quinapril Hydrochloride,completed,20170315,982b4358-b016-4351-9fda-38d8c42dcf72.xml,,C42931,34391-3,,,LABELER,Greenstone LLC,C73605,NLM,TRUE,,18,,,TRUE,FALSE,FALSE,TRUE,TRUE
59762-5021-01_PART_1_OF_1_CHAL10_SB_19230CB8.jpg,59762-5021-01,5021,TRUE,FALSE,FALSE,fcn_mix_weight/dr_224/59762-5021-01_PART_1_OF_1_CHAL10_SB_19230CB8.jpg,59762-5021-01_19230CB8,23644,TRUE,10/17/2017 05:31:02 PM,2020-02-10 17:09:12,237003b9-f7da-42f1-a58a-bc1231e62d08-59762-5021-0,237003b9-f7da-42f1-a58a-bc1231e62d08,9,,C48348,ROUND,,1,,G;020;20,,C48332,BROWN,,QUINAPRIL HYDROCHLORIDE 20 mg;,QUINAPRIL HYDROCHLORIDE[QUINAPRILAT];,"CANDELILLA WAX;CROSPOVIDONE (15 MPA.S AT 5%);GELATIN, UNSPECIFIED;LACTOSE, UNSPECIFIED FORM;MAGNESIUM CARBONATE;MAGNESIUM STEARATE;FERRIC OXIDE RED;TITANIUM DIOXIDE;",HRX,SCD,quinapril 20 MG Oral Tablet,312749,2020-02-10 15:54:15,59762-5021,0,,597625021,59762,5021,Quinapril Hydrochloride,completed,20170315,982b4358-b016-4351-9fda-38d8c42dcf72.xml,,C42931,34391-3,,,LABELER,Greenstone LLC,C73605,NLM,TRUE,,18,,,TRUE,FALSE,FALSE,TRUE,TRUE
59762-5021-01_PART_1_OF_1_CHAL10_SF_19230CB8.jpg,59762-5021-01,5021,TRUE,TRUE,FALSE,fcn_mix_weight/dr_224/59762-5021-01_PART_1_OF_1_CHAL10_SF_19230CB8.jpg,59762-5021-01_19230CB8,23644,TRUE,10/17/2017 05:31:02 PM,2020-02-10 17:09:12,237003b9-f7da-42f1-a58a-bc1231e62d08-59762-5021-0,237003b9-f7da-42f1-a58a-bc1231e62d08,9,,C48348,ROUND,,1,,G;020;20,,C48332,BROWN,,QUINAPRIL HYDROCHLORIDE 20 mg;,QUINAPRIL HYDROCHLORIDE[QUINAPRILAT];,"CANDELILLA WAX;CROSPOVIDONE (15 MPA.S AT 5%);GELATIN, UNSPECIFIED;LACTOSE, UNSPECIFIED FORM;MAGNESIUM CARBONATE;MAGNESIUM STEARATE;FERRIC OXIDE RED;TITANIUM DIOXIDE;",HRX,SCD,quinapril 20 MG Oral Tablet,312749,2020-02-10 15:54:15,59762-5021,0,,597625021,59762,5021,Quinapril Hydrochloride,completed,20170315,982b4358-b016-4351-9fda-38d8c42dcf72.xml,,C42931,34391-3,,,LABELER,Greenstone LLC,C73605,NLM,TRUE,,18,,,TRUE,FALSE,FALSE,TRUE,TRUE
59762-5022-01_PART_1_OF_1_CHAL10_SB_DE1C6F53.jpg,59762-5022-01,5022,TRUE,FALSE,FALSE,fcn_mix_weight/dr_224/59762-5022-01_PART_1_OF_1_CHAL10_SB_DE1C6F53.jpg,59762-5022-01_DE1C6F53,36106,TRUE,10/17/2017 05:31:57 PM,2020-02-10 17:06:50,237003b9-f7da-42f1-a58a-bc1231e62d08-59762-5022-0,237003b9-f7da-42f1-a58a-bc1231e62d08,15,,C48345,OVAL,,1,,G;021;40,,C48332,BROWN,,QUINAPRIL HYDROCHLORIDE 40 mg;,QUINAPRIL HYDROCHLORIDE[QUINAPRILAT];,"CANDELILLA WAX;CROSPOVIDONE (15 MPA.S AT 5%);GELATIN, UNSPECIFIED;LACTOSE, UNSPECIFIED FORM;MAGNESIUM CARBONATE;MAGNESIUM STEARATE;FERRIC OXIDE RED;TITANIUM DIOXIDE;",HRX,SCD,quinapril 40 MG Oral Tablet,314203,2020-02-10 15:41:30,59762-5022,0,,597625022,59762,5022,Quinapril Hydrochloride,completed,20170315,982b4358-b016-4351-9fda-38d8c42dcf72.xml,,C42931,34391-3,,,LABELER,Greenstone LLC,C73605,NLM,TRUE,,18,,,TRUE,FALSE,FALSE,TRUE,TRUE
59762-5022-01_PART_1_OF_1_CHAL10_SF_DE1C6F53.jpg,59762-5022-01,5022,TRUE,TRUE,FALSE,fcn_mix_weight/dr_224/59762-5022-01_PART_1_OF_1_CHAL10_SF_DE1C6F53.jpg,59762-5022-01_DE1C6F53,36106,TRUE,10/17/2017 05:31:57 PM,2020-02-10 17:06:50,237003b9-f7da-42f1-a58a-bc1231e62d08-59762-5022-0,237003b9-f7da-42f1-a58a-bc1231e62d08,15,,C48345,OVAL,,1,,G;021;40,,C48332,BROWN,,QUINAPRIL HYDROCHLORIDE 40 mg;,QUINAPRIL HYDROCHLORIDE[QUINAPRILAT];,"CANDELILLA WAX;CROSPOVIDONE (15 MPA.S AT 5%);GELATIN, UNSPECIFIED;LACTOSE, UNSPECIFIED FORM;MAGNESIUM CARBONATE;MAGNESIUM STEARATE;FERRIC OXIDE RED;TITANIUM DIOXIDE;",HRX,SCD,quinapril 40 MG Oral Tablet,314203,2020-02-10 15:41:30,59762-5022,0,,597625022,59762,5022,Quinapril Hydrochloride,completed,20170315,982b4358-b016-4351-9fda-38d8c42dcf72.xml,,C42931,34391-3,,,LABELER,Greenstone LLC,C73605,NLM,TRUE,,18,,,TRUE,FALSE,FALSE,TRUE,TRUE
59762-5024-01_PART_1_OF_1_CHAL10_SB_4D26A6A5.jpg,59762-5024-01,5024,TRUE,FALSE,FALSE,fcn_mix_weight/dr_224/59762-5024-01_PART_1_OF_1_CHAL10_SB_4D26A6A5.jpg,59762-5024-01_4D26A6A5,48746,TRUE,10/17/2017 05:32:55 PM,2020-02-10 17:01:48,cff7de45-148b-4e96-88fd-6052bf75b5f7-59762-5024-0,cff7de45-148b-4e96-88fd-6052bf75b5f7,19,,C48345,OVAL,,2,,G;22,,C48325,WHITE,,GABAPENTIN 800 mg;,GABAPENTIN[GABAPENTIN];,"POLOXAMER 407;STARCH, CORN;MAGNESIUM STEARATE;HYDROXYPROPYL CELLULOSE (1200000 MW);TALC;CANDELILLA WAX;WATER;",HRX,SCD,gabapentin 800 MG Oral Tablet,310434,2020-02-10 15:17:25,59762-5024,0,,597625024,59762,5024,GABAPENTIN,active,20200415,60fb53f1-be5f-4467-9470-48c98e43d56c.xml,,C42931,34391-3,,,LABELER,Greenstone LLC,C73605,NLM,TRUE,,27,,,TRUE,FALSE,FALSE,TRUE,TRUE
59762-5024-01_PART_1_OF_1_CHAL10_SF_4D26A6A5.jpg,59762-5024-01,5024,TRUE,TRUE,FALSE,fcn_mix_weight/dr_224/59762-5024-01_PART_1_OF_1_CHAL10_SF_4D26A6A5.jpg,59762-5024-01_4D26A6A5,48746,TRUE,10/17/2017 05:32:55 PM,2020-02-10 17:01:48,cff7de45-148b-4e96-88fd-6052bf75b5f7-59762-5024-0,cff7de45-148b-4e96-88fd-6052bf75b5f7,19,,C48345,OVAL,,2,,G;22,,C48325,WHITE,,GABAPENTIN 800 mg;,GABAPENTIN[GABAPENTIN];,"POLOXAMER 407;STARCH, CORN;MAGNESIUM STEARATE;HYDROXYPROPYL CELLULOSE (1200000 MW);TALC;CANDELILLA WAX;WATER;",HRX,SCD,gabapentin 800 MG Oral Tablet,310434,2020-02-10 15:17:25,59762-5024,0,,597625024,59762,5024,GABAPENTIN,active,20200415,60fb53f1-be5f-4467-9470-48c98e43d56c.xml,,C42931,34391-3,,,LABELER,Greenstone LLC,C73605,NLM,TRUE,,27,,,TRUE,FALSE,FALSE,TRUE,TRUE
59762-5033-02_PART_1_OF_1_CHAL10_SB_8015C00E.jpg,59762-5033-02,5033,TRUE,FALSE,FALSE,fcn_mix_weight/dr_224/59762-5033-02_PART_1_OF_1_CHAL10_SB_8015C00E.jpg,59762-5033-02_8015C00E,17264,TRUE,10/17/2017 05:30:35 PM,2020-02-10 17:06:59,c9c3fa3e-af0c-42b9-a7c0-181642d2b1ea-59762-5033-0,c9c3fa3e-af0c-42b9-a7c0-181642d2b1ea,10,,C48348,ROUND,,1,,GLIPIZIDE;XL;10,,C48325,WHITE,,GLIPIZIDE 10 mg;,GLIPIZIDE[GLIPIZIDE];,"POLYETHYLENE GLYCOL, UNSPECIFIED;HYPROMELLOSE, UNSPECIFIED;MAGNESIUM STEARATE;SODIUM CHLORIDE;FERRIC OXIDE RED;CELLULOSE ACETATE;",HRX,,,,2020-02-10 15:42:04,59762-5033,0,,597625033,59762,5033,Glipizide,completed,20181031,3836d686-336f-432b-b869-854ddc3fd870.xml,,C42927,34391-3,,,LABELER,Greenstone LLC,C73605,NLM,TRUE,,20,,,TRUE,FALSE,FALSE,TRUE,TRUE
59762-5033-02_PART_1_OF_1_CHAL10_SF_8015C00E.jpg,59762-5033-02,5033,TRUE,TRUE,FALSE,fcn_mix_weight/dr_224/59762-5033-02_PART_1_OF_1_CHAL10_SF_8015C00E.jpg,59762-5033-02_8015C00E,17264,TRUE,10/17/2017 05:30:35 PM,2020-02-10 17:06:59,c9c3fa3e-af0c-42b9-a7c0-181642d2b1ea-59762-5033-0,c9c3fa3e-af0c-42b9-a7c0-181642d2b1ea,10,,C48348,ROUND,,1,,GLIPIZIDE;XL;10,,C48325,WHITE,,GLIPIZIDE 10 mg;,GLIPIZIDE[GLIPIZIDE];,"POLYETHYLENE GLYCOL, UNSPECIFIED;HYPROMELLOSE, UNSPECIFIED;MAGNESIUM STEARATE;SODIUM CHLORIDE;FERRIC OXIDE RED;CELLULOSE ACETATE;",HRX,,,,2020-02-10 15:42:04,59762-5033,0,,597625033,59762,5033,Glipizide,completed,20181031,3836d686-336f-432b-b869-854ddc3fd870.xml,,C42927,34391-3,,,LABELER,Greenstone LLC,C73605,NLM,TRUE,,20,,,TRUE,FALSE,FALSE,TRUE,TRUE
60505-0065-00_PART_1_OF_1_CHAL10_SB_412920F9.jpg,60505-0065-00,65,TRUE,FALSE,FALSE,fcn_mix_weight/dr_224/60505-0065-00_PART_1_OF_1_CHAL10_SB_412920F9.jpg,60505-0065-00_412920F9,7568,TRUE,10/17/2017 05:29:54 PM,2020-02-10 17:03:11,b83329ac-a65e-b3af-a3fb-c5a6c740e5e7-60505-0065-0,b83329ac-a65e-b3af-a3fb-c5a6c740e5e7,18,,C48336,CAPSULE,,1,,APO;020,,C48328;C48332,PINK;BROWN,RED,OMEPRAZOLE 20 mg;,OMEPRAZOLE[Omeprazole];,"MAGNESIUM HYDROXIDE;MANNITOL;METHACRYLIC ACID - ETHYL ACRYLATE COPOLYMER (1:1) TYPE A;POVIDONE K30;TRIETHYL CITRATE;GELATIN, UNSPECIFIED;FERRIC OXIDE RED;TITANIUM DIOXIDE;AMMONIA;FERROSOFERRIC OXIDE;ALCOHOL;ISOPROPYL ALCOHOL;BUTYL ALCOHOL;POTASSIUM HYDROXIDE;PROPYLENE GLYCOL;SHELLAC;",HRX,SCD,omeprazole 20 MG Delayed Release Oral Capsule,198051,2020-02-10 15:24:17,60505-0065,0,,605050065,60505,65,Omeprazole,active,20200625,945bb2f0-0545-1563-6751-e11b8b239ea8.xml,,C42902,34391-3,,,LABELER,Apotex Corp,C73584,NLM,TRUE,,21,,,TRUE,FALSE,FALSE,TRUE,TRUE
60505-0065-00_PART_1_OF_1_CHAL10_SB_412920F9.jpg,60505-0065-00,65,TRUE,FALSE,FALSE,fcn_mix_weight/dr_224/60505-0065-00_PART_1_OF_1_CHAL10_SB_412920F9.jpg,60505-0065-00_412920F9,14450,TRUE,10/17/2017 05:30:23 PM,2020-02-10 17:05:27,a5df1698-884f-4f48-833e-0647962154c6-50436-3127-0,a5df1698-884f-4f48-833e-0647962154c6,18,,C48336,CAPSULE,,1,,APO;020,,C48328;C48332,PINK;BROWN,RED,OMEPRAZOLE 20 mg;,OMEPRAZOLE[OMEPRAZOLE];,"MAGNESIUM HYDROXIDE;MANNITOL;METHACRYLIC ACID - ETHYL ACRYLATE COPOLYMER (1:1) TYPE A;POVIDONE K30;TRIETHYL CITRATE;GELATIN, UNSPECIFIED;FERRIC OXIDE RED;TITANIUM DIOXIDE;AMMONIA;FERROSOFERRIC OXIDE;ALCOHOL;ISOPROPYL ALCOHOL;BUTYL ALCOHOL;POTASSIUM HYDROXIDE;PROPYLENE GLYCOL;SHELLAC;",HRX,,,,2020-02-10 15:34:26,50436-3127,0,,504363127,50436,3127,Omeprazole,active,20170701,fff53f05-b9b1-49e3-874f-df2dca0e19a7.xml,60505-0065,C42902,,,,LABELER,Unit Dose Services,C73584,NLM,TRUE,1,6,,,TRUE,FALSE,FALSE,TRUE,TRUE
60505-0065-00_PART_1_OF_1_CHAL10_SB_412920F9.jpg,60505-0065-00,65,TRUE,FALSE,FALSE,fcn_mix_weight/dr_224/60505-0065-00_PART_1_OF_1_CHAL10_SB_412920F9.jpg,60505-0065-00_412920F9,42121,TRUE,10/17/2017 05:32:24 PM,2020-02-10 17:11:56,2f6e74e5-929c-4a74-a9e4-f56c2a7d575e-48433-327-0,2f6e74e5-929c-4a74-a9e4-f56c2a7d575e,18,,C48336,CAPSULE,,1,,APO;020,,C48328;C48332,PINK;BROWN,RED,OMEPRAZOLE 20 mg;,OMEPRAZOLE[Omeprazole];,MAGNESIUM HYDROXIDE;MANNITOL;METHACRYLIC ACID - ETHYL ACRYLATE COPOLYMER (1:1) TYPE A;POVIDONE K30;TRIETHYL CITRATE;GELATIN;FERRIC OXIDE RED;TITANIUM DIOXIDE;AMMONIA;FERROSOFERRIC OXIDE;ALCOHOL;ISOPROPYL ALCOHOL;BUTYL ALCOHOL;POTASSIUM HYDROXIDE;PROPYLENE GLYCOL;SHELLAC;,HRX,,,,2020-02-10 16:09:30,48433-327,0,,484330327,48433,327,Omeprazole,active,20140520,6b537019-dd14-44af-a03f-a0853afa72b1.xml,60505-0065,C42902,,,,LABELER,"Safecor Health, LLC",C73584,SPL,TRUE,1,2,,,TRUE,FALSE,FALSE,TRUE,TRUE
60505-0065-00_PART_1_OF_1_CHAL10_SB_412920F9.jpg,60505-0065-00,65,TRUE,FALSE,FALSE,fcn_mix_weight/dr_224/60505-0065-00_PART_1_OF_1_CHAL10_SB_412920F9.jpg,60505-0065-00_412920F9,3857,TRUE,10/17/2017 05:29:37 PM,2020-02-10 17:11:22,03ac077f-3873-4087-96d0-89049161dea9-63187-070-0,03ac077f-3873-4087-96d0-89049161dea9,18,,C48336,CAPSULE,,1,,APO;020,,C48328;C48332,PINK;BROWN,RED,OMEPRAZOLE 20 mg;,OMEPRAZOLE[Omeprazole];,"MAGNESIUM HYDROXIDE;MANNITOL;METHACRYLIC ACID - ETHYL ACRYLATE COPOLYMER (1:1) TYPE A;POVIDONE K30;TRIETHYL CITRATE;GELATIN, UNSPECIFIED;FERRIC OXIDE RED;TITANIUM DIOXIDE;AMMONIA;FERROSOFERRIC OXIDE;ALCOHOL;ISOPROPYL ALCOHOL;BUTYL ALCOHOL;POTASSIUM HYDROXIDE;PROPYLENE GLYCOL;SHELLAC;",HRX,SCD,omeprazole 20 MG Delayed Release Oral Capsule,198051,2020-02-10 16:06:22,63187-070,0,,631870070,63187,70,Omeprazole,active,20190101,c253c49b-1c08-4e08-a737-8144647c6266.xml,60505-0065,C42902,,,,LABELER,Proficient Rx LP,C73584,SPL,TRUE,1,4,,,TRUE,FALSE,FALSE,TRUE,TRUE
60505-0065-00_PART_1_OF_1_CHAL10_SB_412920F9.jpg,60505-0065-00,65,TRUE,FALSE,FALSE,fcn_mix_weight/dr_224/60505-0065-00_PART_1_OF_1_CHAL10_SB_412920F9.jpg,60505-0065-00_412920F9,5033,TRUE,10/17/2017 05:29:43 PM,2020-02-10 17:16:49,08b0a9cc-208a-45ff-96a6-50109a325388-33358-273-0,08b0a9cc-208a-45ff-96a6-50109a325388,18,,C48336,CAPSULE,,1,,APO;020,,C48328;C48332,PINK;BROWN,RED,OMEPRAZOLE 20 mg;,OMEPRAZOLE[Omeprazole];,MAGNESIUM HYDROXIDE;MANNITOL;METHACRYLIC ACID - ETHYL ACRYLATE COPOLYMER (1:1) TYPE A;POVIDONE K30;TRIETHYL CITRATE;GELATIN;FERRIC OXIDE RED;TITANIUM DIOXIDE;AMMONIA;FERROSOFERRIC OXIDE;ALCOHOL;ISOPROPYL ALCOHOL;BUTYL ALCOHOL;POTASSIUM HYDROXIDE;PROPYLENE GLYCOL;SHELLAC;,HRX,SCD,omeprazole 20 MG Delayed Release Oral Capsule,198051,2020-02-10 16:12:53,33358-273,0,,333580273,33358,273,Omeprazole,active,20141114,fb542691-0345-4b08-b534-6630f9bbe637.xml,60505-0065,C42902,,,,LABELER,RxChange Co.,C73584,SPL,TRUE,1,1,,,TRUE,FALSE,FALSE,TRUE,TRUE
60505-0065-00_PART_1_OF_1_CHAL10_SF_412920F9.jpg,60505-0065-00,65,TRUE,TRUE,FALSE,fcn_mix_weight/dr_224/60505-0065-00_PART_1_OF_1_CHAL10_SF_412920F9.jpg,60505-0065-00_412920F9,7568,TRUE,10/17/2017 05:29:54 PM,2020-02-10 17:03:11,b83329ac-a65e-b3af-a3fb-c5a6c740e5e7-60505-0065-0,b83329ac-a65e-b3af-a3fb-c5a6c740e5e7,18,,C48336,CAPSULE,,1,,APO;020,,C48328;C48332,PINK;BROWN,RED,OMEPRAZOLE 20 mg;,OMEPRAZOLE[Omeprazole];,"MAGNESIUM HYDROXIDE;MANNITOL;METHACRYLIC ACID - ETHYL ACRYLATE COPOLYMER (1:1) TYPE A;POVIDONE K30;TRIETHYL CITRATE;GELATIN, UNSPECIFIED;FERRIC OXIDE RED;TITANIUM DIOXIDE;AMMONIA;FERROSOFERRIC OXIDE;ALCOHOL;ISOPROPYL ALCOHOL;BUTYL ALCOHOL;POTASSIUM HYDROXIDE;PROPYLENE GLYCOL;SHELLAC;",HRX,SCD,omeprazole 20 MG Delayed Release Oral Capsule,198051,2020-02-10 15:24:17,60505-0065,0,,605050065,60505,65,Omeprazole,active,20200625,945bb2f0-0545-1563-6751-e11b8b239ea8.xml,,C42902,34391-3,,,LABELER,Apotex Corp,C73584,NLM,TRUE,,21,,,TRUE,FALSE,FALSE,TRUE,TRUE
60505-0065-00_PART_1_OF_1_CHAL10_SF_412920F9.jpg,60505-0065-00,65,TRUE,TRUE,FALSE,fcn_mix_weight/dr_224/60505-0065-00_PART_1_OF_1_CHAL10_SF_412920F9.jpg,60505-0065-00_412920F9,14450,TRUE,10/17/2017 05:30:23 PM,2020-02-10 17:05:27,a5df1698-884f-4f48-833e-0647962154c6-50436-3127-0,a5df1698-884f-4f48-833e-0647962154c6,18,,C48336,CAPSULE,,1,,APO;020,,C48328;C48332,PINK;BROWN,RED,OMEPRAZOLE 20 mg;,OMEPRAZOLE[OMEPRAZOLE];,"MAGNESIUM HYDROXIDE;MANNITOL;METHACRYLIC ACID - ETHYL ACRYLATE COPOLYMER (1:1) TYPE A;POVIDONE K30;TRIETHYL CITRATE;GELATIN, UNSPECIFIED;FERRIC OXIDE RED;TITANIUM DIOXIDE;AMMONIA;FERROSOFERRIC OXIDE;ALCOHOL;ISOPROPYL ALCOHOL;BUTYL ALCOHOL;POTASSIUM HYDROXIDE;PROPYLENE GLYCOL;SHELLAC;",HRX,,,,2020-02-10 15:34:26,50436-3127,0,,504363127,50436,3127,Omeprazole,active,20170701,fff53f05-b9b1-49e3-874f-df2dca0e19a7.xml,60505-0065,C42902,,,,LABELER,Unit Dose Services,C73584,NLM,TRUE,1,6,,,TRUE,FALSE,FALSE,TRUE,TRUE
60505-0065-00_PART_1_OF_1_CHAL10_SF_412920F9.jpg,60505-0065-00,65,TRUE,TRUE,FALSE,fcn_mix_weight/dr_224/60505-0065-00_PART_1_OF_1_CHAL10_SF_412920F9.jpg,60505-0065-00_412920F9,42121,TRUE,10/17/2017 05:32:24 PM,2020-02-10 17:11:56,2f6e74e5-929c-4a74-a9e4-f56c2a7d575e-48433-327-0,2f6e74e5-929c-4a74-a9e4-f56c2a7d575e,18,,C48336,CAPSULE,,1,,APO;020,,C48328;C48332,PINK;BROWN,RED,OMEPRAZOLE 20 mg;,OMEPRAZOLE[Omeprazole];,MAGNESIUM HYDROXIDE;MANNITOL;METHACRYLIC ACID - ETHYL ACRYLATE COPOLYMER (1:1) TYPE A;POVIDONE K30;TRIETHYL CITRATE;GELATIN;FERRIC OXIDE RED;TITANIUM DIOXIDE;AMMONIA;FERROSOFERRIC OXIDE;ALCOHOL;ISOPROPYL ALCOHOL;BUTYL ALCOHOL;POTASSIUM HYDROXIDE;PROPYLENE GLYCOL;SHELLAC;,HRX,,,,2020-02-10 16:09:30,48433-327,0,,484330327,48433,327,Omeprazole,active,20140520,6b537019-dd14-44af-a03f-a0853afa72b1.xml,60505-0065,C42902,,,,LABELER,"Safecor Health, LLC",C73584,SPL,TRUE,1,2,,,TRUE,FALSE,FALSE,TRUE,TRUE
60505-0065-00_PART_1_OF_1_CHAL10_SF_412920F9.jpg,60505-0065-00,65,TRUE,TRUE,FALSE,fcn_mix_weight/dr_224/60505-0065-00_PART_1_OF_1_CHAL10_SF_412920F9.jpg,60505-0065-00_412920F9,3857,TRUE,10/17/2017 05:29:37 PM,2020-02-10 17:11:22,03ac077f-3873-4087-96d0-89049161dea9-63187-070-0,03ac077f-3873-4087-96d0-89049161dea9,18,,C48336,CAPSULE,,1,,APO;020,,C48328;C48332,PINK;BROWN,RED,OMEPRAZOLE 20 mg;,OMEPRAZOLE[Omeprazole];,"MAGNESIUM HYDROXIDE;MANNITOL;METHACRYLIC ACID - ETHYL ACRYLATE COPOLYMER (1:1) TYPE A;POVIDONE K30;TRIETHYL CITRATE;GELATIN, UNSPECIFIED;FERRIC OXIDE RED;TITANIUM DIOXIDE;AMMONIA;FERROSOFERRIC OXIDE;ALCOHOL;ISOPROPYL ALCOHOL;BUTYL ALCOHOL;POTASSIUM HYDROXIDE;PROPYLENE GLYCOL;SHELLAC;",HRX,SCD,omeprazole 20 MG Delayed Release Oral Capsule,198051,2020-02-10 16:06:22,63187-070,0,,631870070,63187,70,Omeprazole,active,20190101,c253c49b-1c08-4e08-a737-8144647c6266.xml,60505-0065,C42902,,,,LABELER,Proficient Rx LP,C73584,SPL,TRUE,1,4,,,TRUE,FALSE,FALSE,TRUE,TRUE
60505-0065-00_PART_1_OF_1_CHAL10_SF_412920F9.jpg,60505-0065-00,65,TRUE,TRUE,FALSE,fcn_mix_weight/dr_224/60505-0065-00_PART_1_OF_1_CHAL10_SF_412920F9.jpg,60505-0065-00_412920F9,5033,TRUE,10/17/2017 05:29:43 PM,2020-02-10 17:16:49,08b0a9cc-208a-45ff-96a6-50109a325388-33358-273-0,08b0a9cc-208a-45ff-96a6-50109a325388,18,,C48336,CAPSULE,,1,,APO;020,,C48328;C48332,PINK;BROWN,RED,OMEPRAZOLE 20 mg;,OMEPRAZOLE[Omeprazole];,MAGNESIUM HYDROXIDE;MANNITOL;METHACRYLIC ACID - ETHYL ACRYLATE COPOLYMER (1:1) TYPE A;POVIDONE K30;TRIETHYL CITRATE;GELATIN;FERRIC OXIDE RED;TITANIUM DIOXIDE;AMMONIA;FERROSOFERRIC OXIDE;ALCOHOL;ISOPROPYL ALCOHOL;BUTYL ALCOHOL;POTASSIUM HYDROXIDE;PROPYLENE GLYCOL;SHELLAC;,HRX,SCD,omeprazole 20 MG Delayed Release Oral Capsule,198051,2020-02-10 16:12:53,33358-273,0,,333580273,33358,273,Omeprazole,active,20141114,fb542691-0345-4b08-b534-6630f9bbe637.xml,60505-0065,C42902,,,,LABELER,RxChange Co.,C73584,SPL,TRUE,1,1,,,TRUE,FALSE,FALSE,TRUE,TRUE
60505-0146-00_PART_1_OF_1_CHAL10_SB_46292339.jpg,60505-0146-00,146,TRUE,FALSE,FALSE,fcn_mix_weight/dr_224/60505-0146-00_PART_1_OF_1_CHAL10_SB_46292339.jpg,60505-0146-00_46292339,27197,TRUE,10/17/2017 05:31:17 PM,2020-02-10 17:15:18,b83329ac-a65e-b3af-a3fb-c5a6c740e5e7-60505-0146-0,b83329ac-a65e-b3af-a3fb-c5a6c740e5e7,21,,C48336,CAPSULE,,1,,APO;040,,C48328;C48332,PINK;BROWN,RED,Omeprazole 40 mg;,Omeprazole[Omeprazole];,"MAGNESIUM HYDROXIDE;MANNITOL;METHACRYLIC ACID - ETHYL ACRYLATE COPOLYMER (1:1) TYPE A;POVIDONE K30;TRIETHYL CITRATE;GELATIN, UNSPECIFIED;FERRIC OXIDE RED;TITANIUM DIOXIDE;AMMONIA;FERROSOFERRIC OXIDE;ALCOHOL;ISOPROPYL ALCOHOL;BUTYL ALCOHOL;POTASSIUM HYDROXIDE;PROPYLENE GLYCOL;SHELLAC;",HRX,SCD,omeprazole 40 MG Delayed Release Oral Capsule,200329,2020-02-10 16:07:18,60505-0146,0,,605050146,60505,146,Omeprazole,active,20200625,945bb2f0-0545-1563-6751-e11b8b239ea8.xml,,C42902,34391-3,,,LABELER,Apotex Corp,C73584,NLM,TRUE,,21,,,TRUE,FALSE,FALSE,TRUE,TRUE
60505-0146-00_PART_1_OF_1_CHAL10_SB_46292339.jpg,60505-0146-00,146,TRUE,FALSE,FALSE,fcn_mix_weight/dr_224/60505-0146-00_PART_1_OF_1_CHAL10_SB_46292339.jpg,60505-0146-00_46292339,37584,TRUE,10/17/2017 05:32:04 PM,2020-02-10 17:13:46,253451a6-02a9-4b27-aed7-f3dbc2e09682-63187-170-0,253451a6-02a9-4b27-aed7-f3dbc2e09682,21,,C48336,CAPSULE,,1,,APO;040,,C48328;C48332,PINK;BROWN,,Omeprazole 40 mg;,Omeprazole[Omeprazole];,"MAGNESIUM HYDROXIDE;MANNITOL;METHACRYLIC ACID - ETHYL ACRYLATE COPOLYMER (1:1) TYPE A;POVIDONE K30;TRIETHYL CITRATE;GELATIN, UNSPECIFIED;FERRIC OXIDE RED;TITANIUM DIOXIDE;AMMONIA;FERROSOFERRIC OXIDE;ALCOHOL;ISOPROPYL ALCOHOL;BUTYL ALCOHOL;POTASSIUM HYDROXIDE;PROPYLENE GLYCOL;SHELLAC;",HRX,SCD,omeprazole 40 MG Delayed Release Oral Capsule,200329,2020-02-10 16:19:41,63187-170,0,,631870170,63187,170,Omeprazole,active,20190101,8eda99d1-36f6-4995-97d3-36d6c7c37027.xml,60505-0146,C42902,,,,LABELER,Proficient Rx LP,C73584,SPL,TRUE,1,3,,,TRUE,FALSE,FALSE,FALSE,TRUE
60505-0146-00_PART_1_OF_1_CHAL10_SF_46292339.jpg,60505-0146-00,146,TRUE,TRUE,FALSE,fcn_mix_weight/dr_224/60505-0146-00_PART_1_OF_1_CHAL10_SF_46292339.jpg,60505-0146-00_46292339,27197,TRUE,10/17/2017 05:31:17 PM,2020-02-10 17:15:18,b83329ac-a65e-b3af-a3fb-c5a6c740e5e7-60505-0146-0,b83329ac-a65e-b3af-a3fb-c5a6c740e5e7,21,,C48336,CAPSULE,,1,,APO;040,,C48328;C48332,PINK;BROWN,RED,Omeprazole 40 mg;,Omeprazole[Omeprazole];,"MAGNESIUM HYDROXIDE;MANNITOL;METHACRYLIC ACID - ETHYL ACRYLATE COPOLYMER (1:1) TYPE A;POVIDONE K30;TRIETHYL CITRATE;GELATIN, UNSPECIFIED;FERRIC OXIDE RED;TITANIUM DIOXIDE;AMMONIA;FERROSOFERRIC OXIDE;ALCOHOL;ISOPROPYL ALCOHOL;BUTYL ALCOHOL;POTASSIUM HYDROXIDE;PROPYLENE GLYCOL;SHELLAC;",HRX,SCD,omeprazole 40 MG Delayed Release Oral Capsule,200329,2020-02-10 16:07:18,60505-0146,0,,605050146,60505,146,Omeprazole,active,20200625,945bb2f0-0545-1563-6751-e11b8b239ea8.xml,,C42902,34391-3,,,LABELER,Apotex Corp,C73584,NLM,TRUE,,21,,,TRUE,FALSE,FALSE,TRUE,TRUE
60505-0146-00_PART_1_OF_1_CHAL10_SF_46292339.jpg,60505-0146-00,146,TRUE,TRUE,FALSE,fcn_mix_weight/dr_224/60505-0146-00_PART_1_OF_1_CHAL10_SF_46292339.jpg,60505-0146-00_46292339,37584,TRUE,10/17/2017 05:32:04 PM,2020-02-10 17:13:46,253451a6-02a9-4b27-aed7-f3dbc2e09682-63187-170-0,253451a6-02a9-4b27-aed7-f3dbc2e09682,21,,C48336,CAPSULE,,1,,APO;040,,C48328;C48332,PINK;BROWN,,Omeprazole 40 mg;,Omeprazole[Omeprazole];,"MAGNESIUM HYDROXIDE;MANNITOL;METHACRYLIC ACID - ETHYL ACRYLATE COPOLYMER (1:1) TYPE A;POVIDONE K30;TRIETHYL CITRATE;GELATIN, UNSPECIFIED;FERRIC OXIDE RED;TITANIUM DIOXIDE;AMMONIA;FERROSOFERRIC OXIDE;ALCOHOL;ISOPROPYL ALCOHOL;BUTYL ALCOHOL;POTASSIUM HYDROXIDE;PROPYLENE GLYCOL;SHELLAC;",HRX,SCD,omeprazole 40 MG Delayed Release Oral Capsule,200329,2020-02-10 16:19:41,63187-170,0,,631870170,63187,170,Omeprazole,active,20190101,8eda99d1-36f6-4995-97d3-36d6c7c37027.xml,60505-0146,C42902,,,,LABELER,Proficient Rx LP,C73584,SPL,TRUE,1,3,,,TRUE,FALSE,FALSE,FALSE,TRUE
60505-0185-00_PART_1_OF_1_CHAL10_SB_27269384.jpg,60505-0185-00,185,TRUE,FALSE,FALSE,fcn_mix_weight/dr_224/60505-0185-00_PART_1_OF_1_CHAL10_SB_27269384.jpg,60505-0185-00_27269384,34630,TRUE,10/17/2017 05:31:51 PM,10/17/2017 05:31:51 PM,ff2a36b2-5267-34fe-0c83-c0a31f73f73d-60505-0185-0,ff2a36b2-5267-34fe-0c83-c0a31f73f73d,8,,C48345,OVAL,,2,,APO;L;5,,C48326,RED,,LISINOPRIL 5 mg;,LISINOPRIL[LISINOPRIL ANHYDROUS];,ANHYDROUS LACTOSE;MAGNESIUM STEARATE;FERRIC OXIDE RED;,HRX,,Lisinopril 5 MG Oral Tablet,311354,,60505-0185,0,,605050185,60505,185,LISINOPRIL,active,20150211,6f2de2fb-aced-2874-6a93-4e215995c879.xml,,C42998,34391-3,,,LABELER,Apotex Corp.,C73584,NLM,TRUE,,8,,,FALSE,TRUE,FALSE,TRUE,TRUE
60505-0185-00_PART_1_OF_1_CHAL10_SF_27269384.jpg,60505-0185-00,185,TRUE,TRUE,FALSE,fcn_mix_weight/dr_224/60505-0185-00_PART_1_OF_1_CHAL10_SF_27269384.jpg,60505-0185-00_27269384,34630,TRUE,10/17/2017 05:31:51 PM,10/17/2017 05:31:51 PM,ff2a36b2-5267-34fe-0c83-c0a31f73f73d-60505-0185-0,ff2a36b2-5267-34fe-0c83-c0a31f73f73d,8,,C48345,OVAL,,2,,APO;L;5,,C48326,RED,,LISINOPRIL 5 mg;,LISINOPRIL[LISINOPRIL ANHYDROUS];,ANHYDROUS LACTOSE;MAGNESIUM STEARATE;FERRIC OXIDE RED;,HRX,,Lisinopril 5 MG Oral Tablet,311354,,60505-0185,0,,605050185,60505,185,LISINOPRIL,active,20150211,6f2de2fb-aced-2874-6a93-4e215995c879.xml,,C42998,34391-3,,,LABELER,Apotex Corp.,C73584,NLM,TRUE,,8,,,FALSE,TRUE,FALSE,TRUE,TRUE
60505-2580-09_PART_1_OF_1_CHAL10_SB_9B1DCDFE.jpg,60505-2580-09,2580,TRUE,FALSE,FALSE,fcn_mix_weight/dr_224/60505-2580-09_PART_1_OF_1_CHAL10_SB_9B1DCDFE.jpg,60505-2580-09_9B1DCDFE,39013,TRUE,10/17/2017 05:32:10 PM,2020-02-10 17:03:24,d9adb9e4-c495-9530-e5e3-7e3b01d53e4c-60505-2580-0,d9adb9e4-c495-9530-e5e3-7e3b01d53e4c,14,,C48345,OVAL,,1,,APO;ATV40,,C48325,WHITE,,Atorvastatin Calcium Trihydrate 40 mg;,Atorvastatin Calcium Trihydrate[ATORVASTATIN];,"CALCIUM ACETATE;CROSCARMELLOSE SODIUM;SODIUM CARBONATE;MICROCRYSTALLINE CELLULOSE;MAGNESIUM STEARATE;SILICON DIOXIDE;HYPROMELLOSE, UNSPECIFIED ;HYDROXYPROPYL CELLULOSE (1600000 WAMW);POLYETHYLENE GLYCOL 8000;TITANIUM DIOXIDE;",HRX,SCD,atorvastatin 40 MG Oral Tablet,617311,2020-02-10 15:25:21,60505-2580,0,,605052580,60505,2580,ATORVASTATIN CALCIUM,active,20191212,de69d0a7-8df5-baef-1f1f-85b02f7d1506.xml,,C42931,34391-3,,,LABELER,Apotex Corp.,C73584,NLM,TRUE,,25,,,TRUE,FALSE,FALSE,TRUE,TRUE
60505-2580-09_PART_1_OF_1_CHAL10_SB_9B1DCDFE.jpg,60505-2580-09,2580,TRUE,FALSE,FALSE,fcn_mix_weight/dr_224/60505-2580-09_PART_1_OF_1_CHAL10_SB_9B1DCDFE.jpg,60505-2580-09_9B1DCDFE,37971,TRUE,10/17/2017 05:32:06 PM,2020-02-10 17:11:28,6d203e05-1fe6-4262-9d66-b461f84c4672-68084-099-0,6d203e05-1fe6-4262-9d66-b461f84c4672,14,,C48345,OVAL,,1,,APO;ATV40,,C48325,WHITE,,ATORVASTATIN CALCIUM TRIHYDRATE 40 mg;,ATORVASTATIN CALCIUM TRIHYDRATE[ATORVASTATIN];,"CALCIUM ACETATE;SILICON DIOXIDE;CROSCARMELLOSE SODIUM;HYDROXYPROPYL CELLULOSE (1600000 WAMW);HYPROMELLOSE, UNSPECIFIED;MAGNESIUM STEARATE;MICROCRYSTALLINE CELLULOSE;POLYETHYLENE GLYCOL 8000;SODIUM CARBONATE;TITANIUM DIOXIDE;",HRX,SCD,atorvastatin 40 MG Oral Tablet,617311,2020-02-10 16:06:54,68084-099,0,,680840099,68084,99,ATORVASTATIN CALCIUM,active,20191115,9765c76d-e324-bcf8-e053-2995a90ac6e8.xml,60505-2580,C42931,34391-3,,,LABELER,American Health Packaging,C73584,SPL,TRUE,1,7,,,TRUE,FALSE,FALSE,TRUE,TRUE
60505-2580-09_PART_1_OF_1_CHAL10_SF_9B1DCDFE.jpg,60505-2580-09,2580,TRUE,TRUE,FALSE,fcn_mix_weight/dr_224/60505-2580-09_PART_1_OF_1_CHAL10_SF_9B1DCDFE.jpg,60505-2580-09_9B1DCDFE,39013,TRUE,10/17/2017 05:32:10 PM,2020-02-10 17:03:24,d9adb9e4-c495-9530-e5e3-7e3b01d53e4c-60505-2580-0,d9adb9e4-c495-9530-e5e3-7e3b01d53e4c,14,,C48345,OVAL,,1,,APO;ATV40,,C48325,WHITE,,Atorvastatin Calcium Trihydrate 40 mg;,Atorvastatin Calcium Trihydrate[ATORVASTATIN];,"CALCIUM ACETATE;CROSCARMELLOSE SODIUM;SODIUM CARBONATE;MICROCRYSTALLINE CELLULOSE;MAGNESIUM STEARATE;SILICON DIOXIDE;HYPROMELLOSE, UNSPECIFIED ;HYDROXYPROPYL CELLULOSE (1600000 WAMW);POLYETHYLENE GLYCOL 8000;TITANIUM DIOXIDE;",HRX,SCD,atorvastatin 40 MG Oral Tablet,617311,2020-02-10 15:25:21,60505-2580,0,,605052580,60505,2580,ATORVASTATIN CALCIUM,active,20191212,de69d0a7-8df5-baef-1f1f-85b02f7d1506.xml,,C42931,34391-3,,,LABELER,Apotex Corp.,C73584,NLM,TRUE,,25,,,TRUE,FALSE,FALSE,TRUE,TRUE
60505-2580-09_PART_1_OF_1_CHAL10_SF_9B1DCDFE.jpg,60505-2580-09,2580,TRUE,TRUE,FALSE,fcn_mix_weight/dr_224/60505-2580-09_PART_1_OF_1_CHAL10_SF_9B1DCDFE.jpg,60505-2580-09_9B1DCDFE,37971,TRUE,10/17/2017 05:32:06 PM,2020-02-10 17:11:28,6d203e05-1fe6-4262-9d66-b461f84c4672-68084-099-0,6d203e05-1fe6-4262-9d66-b461f84c4672,14,,C48345,OVAL,,1,,APO;ATV40,,C48325,WHITE,,ATORVASTATIN CALCIUM TRIHYDRATE 40 mg;,ATORVASTATIN CALCIUM TRIHYDRATE[ATORVASTATIN];,"CALCIUM ACETATE;SILICON DIOXIDE;CROSCARMELLOSE SODIUM;HYDROXYPROPYL CELLULOSE (1600000 WAMW);HYPROMELLOSE, UNSPECIFIED;MAGNESIUM STEARATE;MICROCRYSTALLINE CELLULOSE;POLYETHYLENE GLYCOL 8000;SODIUM CARBONATE;TITANIUM DIOXIDE;",HRX,SCD,atorvastatin 40 MG Oral Tablet,617311,2020-02-10 16:06:54,68084-099,0,,680840099,68084,99,ATORVASTATIN CALCIUM,active,20191115,9765c76d-e324-bcf8-e053-2995a90ac6e8.xml,60505-2580,C42931,34391-3,,,LABELER,American Health Packaging,C73584,SPL,TRUE,1,7,,,TRUE,FALSE,FALSE,TRUE,TRUE
60505-2671-09_PART_1_OF_1_CHAL10_SB_AB1DD5AE.jpg,60505-2671-09,2671,TRUE,FALSE,FALSE,fcn_mix_weight/dr_224/60505-2671-09_PART_1_OF_1_CHAL10_SB_AB1DD5AE.jpg,60505-2671-09_AB1DD5AE,45794,TRUE,10/17/2017 05:32:41 PM,2020-02-10 17:15:50,d9adb9e4-c495-9530-e5e3-7e3b01d53e4c-60505-2671-0,d9adb9e4-c495-9530-e5e3-7e3b01d53e4c,19,,C48345,OVAL,,1,,APO;ATV80,,C48325,WHITE,,Atorvastatin Calcium Trihydrate 80 mg;,Atorvastatin Calcium Trihydrate[Atorvastatin];,"CALCIUM ACETATE;CROSCARMELLOSE SODIUM;SODIUM CARBONATE;MICROCRYSTALLINE CELLULOSE;MAGNESIUM STEARATE;SILICON DIOXIDE;HYPROMELLOSE, UNSPECIFIED ;HYDROXYPROPYL CELLULOSE (1600000 WAMW);POLYETHYLENE GLYCOL 8000;TITANIUM DIOXIDE;",HRX,SCD,atorvastatin 80 MG Oral Tablet,259255,2020-02-10 16:30:41,60505-2671,0,,605052671,60505,2671,ATORVASTATIN CALCIUM,active,20191212,de69d0a7-8df5-baef-1f1f-85b02f7d1506.xml,,C42931,34391-3,,,LABELER,Apotex Corp.,C73584,NLM,TRUE,,25,,,TRUE,FALSE,FALSE,TRUE,TRUE
60505-2671-09_PART_1_OF_1_CHAL10_SB_AB1DD5AE.jpg,60505-2671-09,2671,TRUE,FALSE,FALSE,fcn_mix_weight/dr_224/60505-2671-09_PART_1_OF_1_CHAL10_SB_AB1DD5AE.jpg,60505-2671-09_AB1DD5AE,21969,TRUE,10/17/2017 05:30:55 PM,2020-02-10 17:12:31,6d203e05-1fe6-4262-9d66-b461f84c4672-68084-590-0,6d203e05-1fe6-4262-9d66-b461f84c4672,19,,C48345,OVAL,,1,,APO;ATV80,,C48325,WHITE,,ATORVASTATIN CALCIUM TRIHYDRATE 80 mg;,ATORVASTATIN CALCIUM TRIHYDRATE[ATORVASTATIN];,"CALCIUM ACETATE;SILICON DIOXIDE;CROSCARMELLOSE SODIUM;HYDROXYPROPYL CELLULOSE (1600000 WAMW);HYPROMELLOSE, UNSPECIFIED;MAGNESIUM STEARATE;MICROCRYSTALLINE CELLULOSE;POLYETHYLENE GLYCOL 8000;SODIUM CARBONATE;TITANIUM DIOXIDE;",HRX,SCD,atorvastatin 80 MG Oral Tablet,259255,2020-02-10 16:12:54,68084-590,0,,680840590,68084,590,ATORVASTATIN CALCIUM,active,20191115,9765c76d-e324-bcf8-e053-2995a90ac6e8.xml,60505-2671,C42931,34391-3,,,LABELER,American Health Packaging,C73584,SPL,TRUE,1,7,,,TRUE,FALSE,FALSE,FALSE,TRUE
60505-2671-09_PART_1_OF_1_CHAL10_SF_AB1DD5AE.jpg,60505-2671-09,2671,TRUE,TRUE,FALSE,fcn_mix_weight/dr_224/60505-2671-09_PART_1_OF_1_CHAL10_SF_AB1DD5AE.jpg,60505-2671-09_AB1DD5AE,45794,TRUE,10/17/2017 05:32:41 PM,2020-02-10 17:15:50,d9adb9e4-c495-9530-e5e3-7e3b01d53e4c-60505-2671-0,d9adb9e4-c495-9530-e5e3-7e3b01d53e4c,19,,C48345,OVAL,,1,,APO;ATV80,,C48325,WHITE,,Atorvastatin Calcium Trihydrate 80 mg;,Atorvastatin Calcium Trihydrate[Atorvastatin];,"CALCIUM ACETATE;CROSCARMELLOSE SODIUM;SODIUM CARBONATE;MICROCRYSTALLINE CELLULOSE;MAGNESIUM STEARATE;SILICON DIOXIDE;HYPROMELLOSE, UNSPECIFIED ;HYDROXYPROPYL CELLULOSE (1600000 WAMW);POLYETHYLENE GLYCOL 8000;TITANIUM DIOXIDE;",HRX,SCD,atorvastatin 80 MG Oral Tablet,259255,2020-02-10 16:30:41,60505-2671,0,,605052671,60505,2671,ATORVASTATIN CALCIUM,active,20191212,de69d0a7-8df5-baef-1f1f-85b02f7d1506.xml,,C42931,34391-3,,,LABELER,Apotex Corp.,C73584,NLM,TRUE,,25,,,TRUE,FALSE,FALSE,TRUE,TRUE
60505-2671-09_PART_1_OF_1_CHAL10_SF_AB1DD5AE.jpg,60505-2671-09,2671,TRUE,TRUE,FALSE,fcn_mix_weight/dr_224/60505-2671-09_PART_1_OF_1_CHAL10_SF_AB1DD5AE.jpg,60505-2671-09_AB1DD5AE,21969,TRUE,10/17/2017 05:30:55 PM,2020-02-10 17:12:31,6d203e05-1fe6-4262-9d66-b461f84c4672-68084-590-0,6d203e05-1fe6-4262-9d66-b461f84c4672,19,,C48345,OVAL,,1,,APO;ATV80,,C48325,WHITE,,ATORVASTATIN CALCIUM TRIHYDRATE 80 mg;,ATORVASTATIN CALCIUM TRIHYDRATE[ATORVASTATIN];,"CALCIUM ACETATE;SILICON DIOXIDE;CROSCARMELLOSE SODIUM;HYDROXYPROPYL CELLULOSE (1600000 WAMW);HYPROMELLOSE, UNSPECIFIED;MAGNESIUM STEARATE;MICROCRYSTALLINE CELLULOSE;POLYETHYLENE GLYCOL 8000;SODIUM CARBONATE;TITANIUM DIOXIDE;",HRX,SCD,atorvastatin 80 MG Oral Tablet,259255,2020-02-10 16:12:54,68084-590,0,,680840590,68084,590,ATORVASTATIN CALCIUM,active,20191115,9765c76d-e324-bcf8-e053-2995a90ac6e8.xml,60505-2671,C42931,34391-3,,,LABELER,American Health Packaging,C73584,SPL,TRUE,1,7,,,TRUE,FALSE,FALSE,FALSE,TRUE
60505-5307-01_PART_1_OF_1_CHAL10_SB_4D26A6D5.jpg,60505-5307-01,5307,TRUE,FALSE,FALSE,fcn_mix_weight/dr_224/60505-5307-01_PART_1_OF_1_CHAL10_SB_4D26A6D5.jpg,60505-5307-01_4D26A6D5,8812,TRUE,10/17/2017 05:29:59 PM,2020-02-10 17:06:17,7fdeb609-24c4-5024-52c3-6a32bc7f3fcc-60505-5307-0,7fdeb609-24c4-5024-52c3-6a32bc7f3fcc,19,,C48345,OVAL,,1,,Apotex;5307,[or];Ax;5307,C48325,WHITE,,ACYCLOVIR 800 mg;,ACYCLOVIR[ACYCLOVIR];,"SILICON DIOXIDE;CROSCARMELLOSE SODIUM;MAGNESIUM STEARATE;CELLULOSE, MICROCRYSTALLINE;",HRX,SCD,acyclovir 800 MG Oral Tablet,197313,2020-02-10 15:38:44,60505-5307,0,,605055307,60505,5307,acyclovir,active,20170523,816102bd-8841-7b28-989f-5f8a6f2bc2ed.xml,,C42998,34391-3,,,LABELER,Apotex Corp.,C73584,NLM,TRUE,,4,,,TRUE,FALSE,FALSE,TRUE,TRUE
60505-5307-01_PART_1_OF_1_CHAL10_SF_4D26A6D5.jpg,60505-5307-01,5307,TRUE,TRUE,FALSE,fcn_mix_weight/dr_224/60505-5307-01_PART_1_OF_1_CHAL10_SF_4D26A6D5.jpg,60505-5307-01_4D26A6D5,8812,TRUE,10/17/2017 05:29:59 PM,2020-02-10 17:06:17,7fdeb609-24c4-5024-52c3-6a32bc7f3fcc-60505-5307-0,7fdeb609-24c4-5024-52c3-6a32bc7f3fcc,19,,C48345,OVAL,,1,,Apotex;5307,[or];Ax;5307,C48325,WHITE,,ACYCLOVIR 800 mg;,ACYCLOVIR[ACYCLOVIR];,"SILICON DIOXIDE;CROSCARMELLOSE SODIUM;MAGNESIUM STEARATE;CELLULOSE, MICROCRYSTALLINE;",HRX,SCD,acyclovir 800 MG Oral Tablet,197313,2020-02-10 15:38:44,60505-5307,0,,605055307,60505,5307,acyclovir,active,20170523,816102bd-8841-7b28-989f-5f8a6f2bc2ed.xml,,C42998,34391-3,,,LABELER,Apotex Corp.,C73584,NLM,TRUE,,4,,,TRUE,FALSE,FALSE,TRUE,TRUE
61958-1001-01_PART_1_OF_1_CHAL10_SB_E31C7193.jpg,61958-1001-01,1001,TRUE,FALSE,FALSE,fcn_mix_weight/dr_224/61958-1001-01_PART_1_OF_1_CHAL10_SB_E31C7193.jpg,61958-1001-01_E31C7193,36688,TRUE,10/17/2017 05:32:00 PM,2020-02-10 17:09:48,8d442b8c-97a8-40a9-8603-f9cd0542cedc-61958-1001-0,8d442b8c-97a8-40a9-8603-f9cd0542cedc,17,,C48345,OVAL,,1,,CVT500,,C48331,ORANGE,,ranolazine 500 mg;,ranolazine[ranolazine];,"carnauba wax;HYPROMELLOSE 2910 (5 CPS);magnesium stearate;METHACRYLIC ACID - ETHYL ACRYLATE COPOLYMER (1:1) TYPE A;CELLULOSE, MICROCRYSTALLINE;sodium hydroxide;polyethylene glycol 400;titanium dioxide;polysorbate 80;FD&C Yellow No. 6;Aluminum Oxide;hypromellose 2910 (3 cps);hypromellose 2910 (6 cps);",HRX,,,,2020-02-10 15:57:45,61958-1001,0,,619581001,61958,1001,Ranexa,active,20100426,91f49ac7-d683-4c63-9b79-355c13cc28e4.xml,,C42930,34391-3,,,LABELER,"Gilead Sciences, Inc.",C73594,NLM,TRUE,,2,,,TRUE,FALSE,FALSE,TRUE,TRUE
61958-1001-01_PART_1_OF_1_CHAL10_SF_E31C7193.jpg,61958-1001-01,1001,TRUE,TRUE,FALSE,fcn_mix_weight/dr_224/61958-1001-01_PART_1_OF_1_CHAL10_SF_E31C7193.jpg,61958-1001-01_E31C7193,36688,TRUE,10/17/2017 05:32:00 PM,2020-02-10 17:09:48,8d442b8c-97a8-40a9-8603-f9cd0542cedc-61958-1001-0,8d442b8c-97a8-40a9-8603-f9cd0542cedc,17,,C48345,OVAL,,1,,CVT500,,C48331,ORANGE,,ranolazine 500 mg;,ranolazine[ranolazine];,"carnauba wax;HYPROMELLOSE 2910 (5 CPS);magnesium stearate;METHACRYLIC ACID - ETHYL ACRYLATE COPOLYMER (1:1) TYPE A;CELLULOSE, MICROCRYSTALLINE;sodium hydroxide;polyethylene glycol 400;titanium dioxide;polysorbate 80;FD&C Yellow No. 6;Aluminum Oxide;hypromellose 2910 (3 cps);hypromellose 2910 (6 cps);",HRX,,,,2020-02-10 15:57:45,61958-1001,0,,619581001,61958,1001,Ranexa,active,20100426,91f49ac7-d683-4c63-9b79-355c13cc28e4.xml,,C42930,34391-3,,,LABELER,"Gilead Sciences, Inc.",C73594,NLM,TRUE,,2,,,TRUE,FALSE,FALSE,TRUE,TRUE
62037-0577-01_PART_1_OF_1_CHAL10_SB_10210878.jpg,62037-0577-01,577,TRUE,FALSE,FALSE,fcn_mix_weight/dr_224/62037-0577-01_PART_1_OF_1_CHAL10_SB_10210878.jpg,62037-0577-01_10210878,26268,TRUE,10/17/2017 05:31:13 PM,2020-02-10 17:09:52,6249318a-dd65-4323-b501-386305aad059-62037-577-0,6249318a-dd65-4323-b501-386305aad059,20,,C48345,OVAL,,1,,577;750,,C48330,YELLOW,,METFORMIN HYDROCHLORIDE 750 mg;,METFORMIN HYDROCHLORIDE[METFORMIN];,HYPROMELLOSE 2208 (15000 MPA.S);SILICON DIOXIDE;D&C YELLOW NO. 10;MAGNESIUM STEARATE;,HRX,SCD,24 HR metformin hydrochloride 750 MG Extended Release Oral Tablet,860981,2020-02-10 15:58:04,62037-577,0,,620370577,62037,577,Metformin Hydrochloride,completed,20170630,09f7dce6-15ab-4efe-b1bc-5d9e1b6b9049.xml,,C42927,34391-3,,,LABELER,"Actavis Pharma, Inc.",C73584,NLM,TRUE,,17,,,TRUE,FALSE,FALSE,TRUE,TRUE
62037-0577-01_PART_1_OF_1_CHAL10_SF_10210878.jpg,62037-0577-01,577,TRUE,TRUE,FALSE,fcn_mix_weight/dr_224/62037-0577-01_PART_1_OF_1_CHAL10_SF_10210878.jpg,62037-0577-01_10210878,26268,TRUE,10/17/2017 05:31:13 PM,2020-02-10 17:09:52,6249318a-dd65-4323-b501-386305aad059-62037-577-0,6249318a-dd65-4323-b501-386305aad059,20,,C48345,OVAL,,1,,577;750,,C48330,YELLOW,,METFORMIN HYDROCHLORIDE 750 mg;,METFORMIN HYDROCHLORIDE[METFORMIN];,HYPROMELLOSE 2208 (15000 MPA.S);SILICON DIOXIDE;D&C YELLOW NO. 10;MAGNESIUM STEARATE;,HRX,SCD,24 HR metformin hydrochloride 750 MG Extended Release Oral Tablet,860981,2020-02-10 15:58:04,62037-577,0,,620370577,62037,577,Metformin Hydrochloride,completed,20170630,09f7dce6-15ab-4efe-b1bc-5d9e1b6b9049.xml,,C42927,34391-3,,,LABELER,"Actavis Pharma, Inc.",C73584,NLM,TRUE,,17,,,TRUE,FALSE,FALSE,TRUE,TRUE
62037-0640-30_PART_1_OF_1_CHAL10_SB_19268CC4.jpg,62037-0640-30,640,TRUE,FALSE,FALSE,fcn_mix_weight/dr_224/62037-0640-30_PART_1_OF_1_CHAL10_SB_19268CC4.jpg,62037-0640-30_19268CC4,32767,TRUE,10/17/2017 05:31:42 PM,2020-02-10 17:01:55,d44ae7a1-c7f4-4af5-a250-40083a104e55-62037-640-0,d44ae7a1-c7f4-4af5-a250-40083a104e55,22,,C48336,CAPSULE,,1,,Andrx;640;40;mg,,C48329;C48329,GREEN;GREEN,,OMEPRAZOLE 40 mg;,OMEPRAZOLE[OMEPRAZOLE];,"CETYL ALCOHOL;SODIUM PHOSPHATE, DIBASIC, ANHYDROUS;HYPROMELLOSE PHTHALATE (31% PHTHALATE, 40 CST);ANHYDROUS LACTOSE;POVIDONE K90;SODIUM LAURYL SULFATE;SUCROSE;TALC;AMMONIA;D&C YELLOW NO. 10;FD&C BLUE NO. 2;FD&C GREEN NO. 3;GELATIN;PROPYLENE GLYCOL;SHELLAC;TITANIUM DIOXIDE;",HRX,,,,2020-02-10 15:18:07,62037-640,0,,620370640,62037,640,Omeprazole,active,20170727,e961c7fa-2483-44ed-8ee6-69b16d46e881.xml,,C42904,34391-3,,,LABELER,"Actavis Pharma, Inc.",C73584,NLM,TRUE,,36,,,TRUE,FALSE,FALSE,TRUE,TRUE
62037-0640-30_PART_1_OF_1_CHAL10_SF_19268CC4.jpg,62037-0640-30,640,TRUE,TRUE,FALSE,fcn_mix_weight/dr_224/62037-0640-30_PART_1_OF_1_CHAL10_SF_19268CC4.jpg,62037-0640-30_19268CC4,32767,TRUE,10/17/2017 05:31:42 PM,2020-02-10 17:01:55,d44ae7a1-c7f4-4af5-a250-40083a104e55-62037-640-0,d44ae7a1-c7f4-4af5-a250-40083a104e55,22,,C48336,CAPSULE,,1,,Andrx;640;40;mg,,C48329;C48329,GREEN;GREEN,,OMEPRAZOLE 40 mg;,OMEPRAZOLE[OMEPRAZOLE];,"CETYL ALCOHOL;SODIUM PHOSPHATE, DIBASIC, ANHYDROUS;HYPROMELLOSE PHTHALATE (31% PHTHALATE, 40 CST);ANHYDROUS LACTOSE;POVIDONE K90;SODIUM LAURYL SULFATE;SUCROSE;TALC;AMMONIA;D&C YELLOW NO. 10;FD&C BLUE NO. 2;FD&C GREEN NO. 3;GELATIN;PROPYLENE GLYCOL;SHELLAC;TITANIUM DIOXIDE;",HRX,,,,2020-02-10 15:18:07,62037-640,0,,620370640,62037,640,Omeprazole,active,20170727,e961c7fa-2483-44ed-8ee6-69b16d46e881.xml,,C42904,34391-3,,,LABELER,"Actavis Pharma, Inc.",C73584,NLM,TRUE,,36,,,TRUE,FALSE,FALSE,TRUE,TRUE
62037-0999-10_PART_1_OF_1_CHAL10_SB_C71D63AB.jpg,62037-0999-10,999,TRUE,FALSE,FALSE,fcn_mix_weight/dr_224/62037-0999-10_PART_1_OF_1_CHAL10_SB_C71D63AB.jpg,62037-0999-10_C71D63AB,45153,TRUE,10/17/2017 05:32:38 PM,2020-02-10 17:05:59,21f23d9c-6b09-4970-9e2b-1325654b250b-62037-999-0,21f23d9c-6b09-4970-9e2b-1325654b250b,21,,C48345,OVAL,,2,,ABRS;123,,C48325,WHITE,,POTASSIUM CHLORIDE 20 meq;,POTASSIUM CHLORIDE[POTASSIUM CATION];,"SILICON DIOXIDE;CROSPOVIDONE;DIETHYL PHTHALATE;ETHYLCELLULOSE (100 MPA.S);CELLULOSE, MICROCRYSTALLINE;",HRX,SCD,Microencapsulated potassium chloride 20 MEQ Extended Release Oral Tablet,1801294,2020-02-10 15:37:12,62037-999,0,,620370999,62037,999,Potassium Chloride,active,20191022,9b775759-490b-4bc5-b47f-47e78f966275.xml,,C42927,34391-3,,,LABELER,"Actavis Pharma, Inc.",C73584,NLM,TRUE,,6,,,TRUE,FALSE,FALSE,TRUE,TRUE
62037-0999-10_PART_1_OF_1_CHAL10_SF_C71D63AB.jpg,62037-0999-10,999,TRUE,TRUE,FALSE,fcn_mix_weight/dr_224/62037-0999-10_PART_1_OF_1_CHAL10_SF_C71D63AB.jpg,62037-0999-10_C71D63AB,45153,TRUE,10/17/2017 05:32:38 PM,2020-02-10 17:05:59,21f23d9c-6b09-4970-9e2b-1325654b250b-62037-999-0,21f23d9c-6b09-4970-9e2b-1325654b250b,21,,C48345,OVAL,,2,,ABRS;123,,C48325,WHITE,,POTASSIUM CHLORIDE 20 meq;,POTASSIUM CHLORIDE[POTASSIUM CATION];,"SILICON DIOXIDE;CROSPOVIDONE;DIETHYL PHTHALATE;ETHYLCELLULOSE (100 MPA.S);CELLULOSE, MICROCRYSTALLINE;",HRX,SCD,Microencapsulated potassium chloride 20 MEQ Extended Release Oral Tablet,1801294,2020-02-10 15:37:12,62037-999,0,,620370999,62037,999,Potassium Chloride,active,20191022,9b775759-490b-4bc5-b47f-47e78f966275.xml,,C42927,34391-3,,,LABELER,"Actavis Pharma, Inc.",C73584,NLM,TRUE,,6,,,TRUE,FALSE,FALSE,TRUE,TRUE
62756-0712-86_PART_1_OF_1_CHAL10_SB_890EC4C6.jpg,62756-0712-86,712,TRUE,FALSE,FALSE,fcn_mix_weight/dr_224/62756-0712-86_PART_1_OF_1_CHAL10_SB_890EC4C6.jpg,62756-0712-86_890EC4C6,16815,TRUE,10/17/2017 05:30:33 PM,2020-02-10 17:14:23,2d9513e0-2fb8-46c9-bbd6-b03efd31c3ef-62756-712-0,2d9513e0-2fb8-46c9-bbd6-b03efd31c3ef,12,,C48348,ROUND,,1,,S;712,,C48332,BROWN,,TOPIRAMATE 200 mg;,TOPIRAMATE[TOPIRAMATE];,"ANHYDROUS LACTOSE;CELLULOSE, MICROCRYSTALLINE;STARCH, CORN;SODIUM STARCH GLYCOLATE TYPE A POTATO;MAGNESIUM STEARATE;POLYVINYL ALCOHOL;TITANIUM DIOXIDE;POLYETHYLENE GLYCOL, UNSPECIFIED;TALC;FERRIC OXIDE RED;LECITHIN, SOYBEAN;FERROSOFERRIC OXIDE;",HRX,SCD,topiramate 200 MG Oral Tablet,199890,2020-02-10 16:23:09,62756-712,0,,627560712,62756,712,Topiramate,active,20181101,b8c52970-05b0-43ea-9122-566998bf4524.xml,,C42931,34391-3,,,LABELER,"Sun Pharmaceutical Industries, Inc.",C73584,NLM,TRUE,,8,,,TRUE,FALSE,FALSE,TRUE,TRUE
62756-0712-86_PART_1_OF_1_CHAL10_SF_890EC4C6.jpg,62756-0712-86,712,TRUE,TRUE,FALSE,fcn_mix_weight/dr_224/62756-0712-86_PART_1_OF_1_CHAL10_SF_890EC4C6.jpg,62756-0712-86_890EC4C6,16815,TRUE,10/17/2017 05:30:33 PM,2020-02-10 17:14:23,2d9513e0-2fb8-46c9-bbd6-b03efd31c3ef-62756-712-0,2d9513e0-2fb8-46c9-bbd6-b03efd31c3ef,12,,C48348,ROUND,,1,,S;712,,C48332,BROWN,,TOPIRAMATE 200 mg;,TOPIRAMATE[TOPIRAMATE];,"ANHYDROUS LACTOSE;CELLULOSE, MICROCRYSTALLINE;STARCH, CORN;SODIUM STARCH GLYCOLATE TYPE A POTATO;MAGNESIUM STEARATE;POLYVINYL ALCOHOL;TITANIUM DIOXIDE;POLYETHYLENE GLYCOL, UNSPECIFIED;TALC;FERRIC OXIDE RED;LECITHIN, SOYBEAN;FERROSOFERRIC OXIDE;",HRX,SCD,topiramate 200 MG Oral Tablet,199890,2020-02-10 16:23:09,62756-712,0,,627560712,62756,712,Topiramate,active,20181101,b8c52970-05b0-43ea-9122-566998bf4524.xml,,C42931,34391-3,,,LABELER,"Sun Pharmaceutical Industries, Inc.",C73584,NLM,TRUE,,8,,,TRUE,FALSE,FALSE,TRUE,TRUE
63010-0027-70_PART_1_OF_1_CHAL10_SB_141B8A3C.jpg,63010-0027-70,27,TRUE,FALSE,FALSE,fcn_mix_weight/dr_224/63010-0027-70_PART_1_OF_1_CHAL10_SB_141B8A3C.jpg,63010-0027-70_141B8A3C,16710,TRUE,10/17/2017 05:30:32 PM,2020-02-10 17:05:41,e72c2bc6-9462-4a2e-8e1d-b97592376cbd-63010-027-0,e72c2bc6-9462-4a2e-8e1d-b97592376cbd,26,19,C48345,OVAL,,1,,V;625,,C48325,WHITE,,NELFINAVIR MESYLATE 625 mg;,NELFINAVIR MESYLATE[NELFINAVIR];,"CALCIUM SILICATE;CROSPOVIDONE (15 MPA.S AT 5%);MAGNESIUM STEARATE;HYPROMELLOSE, UNSPECIFIED;TRIACETIN;SILICON DIOXIDE;",HRX,SBD,nelfinavir 625 MG Oral Tablet [Viracept],542370,2020-02-10 15:35:30,63010-027,0,,630100027,63010,27,VIRACEPT,active,20170417,6abd808e-1f03-4211-b294-6f596e2585aa.xml,,C42931,34391-3,,,LABELER,AGOURON,C73594,NLM,TRUE,,27,,,TRUE,FALSE,FALSE,TRUE,TRUE
63010-0027-70_PART_1_OF_1_CHAL10_SF_141B8A3C.jpg,63010-0027-70,27,TRUE,TRUE,FALSE,fcn_mix_weight/dr_224/63010-0027-70_PART_1_OF_1_CHAL10_SF_141B8A3C.jpg,63010-0027-70_141B8A3C,16710,TRUE,10/17/2017 05:30:32 PM,2020-02-10 17:05:41,e72c2bc6-9462-4a2e-8e1d-b97592376cbd-63010-027-0,e72c2bc6-9462-4a2e-8e1d-b97592376cbd,26,19,C48345,OVAL,,1,,V;625,,C48325,WHITE,,NELFINAVIR MESYLATE 625 mg;,NELFINAVIR MESYLATE[NELFINAVIR];,"CALCIUM SILICATE;CROSPOVIDONE (15 MPA.S AT 5%);MAGNESIUM STEARATE;HYPROMELLOSE, UNSPECIFIED;TRIACETIN;SILICON DIOXIDE;",HRX,SBD,nelfinavir 625 MG Oral Tablet [Viracept],542370,2020-02-10 15:35:30,63010-027,0,,630100027,63010,27,VIRACEPT,active,20170417,6abd808e-1f03-4211-b294-6f596e2585aa.xml,,C42931,34391-3,,,LABELER,AGOURON,C73594,NLM,TRUE,,27,,,TRUE,FALSE,FALSE,TRUE,TRUE
63304-0553-05_PART_1_OF_1_CHAL10_SB_D015681B.jpg,63304-0553-05,553,TRUE,FALSE,FALSE,fcn_mix_weight/dr_224/63304-0553-05_PART_1_OF_1_CHAL10_SB_D015681B.jpg,63304-0553-05_D015681B,47443,TRUE,10/17/2017 05:32:48 PM,2020-02-10 17:06:42,6e9edbfc-1950-4893-9d38-e82b119ddb9a-63304-553-0,6e9edbfc-1950-4893-9d38-e82b119ddb9a,8,,C48348,ROUND,,2,,RX;553,,C48332,BROWN,,CLORAZEPATE DIPOTASSIUM 7.5 mg;,CLORAZEPATE DIPOTASSIUM[CLORAZEPIC ACID];,"COLLOIDAL SILICON DIOXIDE;MAGNESIUM OXIDE;MAGNESIUM STEARATE;POTASSIUM CARBONATE;POTASSIUM CHLORIDE;CELLULOSE, MICROCRYSTALLINE;FD&C YELLOW NO. 6;",HRX,,,,2020-02-10 15:40:48,63304-553,0,,633040553,63304,553,Clorazepate dipotassium,active,20120912,9288b398-2811-4f9b-a088-c719de4dc8f4.xml,,C42998,34391-3,C48677,CIV,LABELER,Ranbaxy Pharmaceuticals Inc.,C73584,NLM,TRUE,,2,,,TRUE,FALSE,FALSE,TRUE,TRUE
63304-0553-05_PART_1_OF_1_CHAL10_SF_D015681B.jpg,63304-0553-05,553,TRUE,TRUE,FALSE,fcn_mix_weight/dr_224/63304-0553-05_PART_1_OF_1_CHAL10_SF_D015681B.jpg,63304-0553-05_D015681B,47443,TRUE,10/17/2017 05:32:48 PM,2020-02-10 17:06:42,6e9edbfc-1950-4893-9d38-e82b119ddb9a-63304-553-0,6e9edbfc-1950-4893-9d38-e82b119ddb9a,8,,C48348,ROUND,,2,,RX;553,,C48332,BROWN,,CLORAZEPATE DIPOTASSIUM 7.5 mg;,CLORAZEPATE DIPOTASSIUM[CLORAZEPIC ACID];,"COLLOIDAL SILICON DIOXIDE;MAGNESIUM OXIDE;MAGNESIUM STEARATE;POTASSIUM CARBONATE;POTASSIUM CHLORIDE;CELLULOSE, MICROCRYSTALLINE;FD&C YELLOW NO. 6;",HRX,,,,2020-02-10 15:40:48,63304-553,0,,633040553,63304,553,Clorazepate dipotassium,active,20120912,9288b398-2811-4f9b-a088-c719de4dc8f4.xml,,C42998,34391-3,C48677,CIV,LABELER,Ranbaxy Pharmaceuticals Inc.,C73584,NLM,TRUE,,2,,,TRUE,FALSE,FALSE,TRUE,TRUE
63304-0579-01_PART_1_OF_1_CHAL10_SB_5D26AEB5.jpg,63304-0579-01,579,TRUE,FALSE,FALSE,fcn_mix_weight/dr_224/63304-0579-01_PART_1_OF_1_CHAL10_SB_5D26AEB5.jpg,63304-0579-01_5D26AEB5,37470,TRUE,10/17/2017 05:32:03 PM,2020-02-10 17:16:50,011ee828-5c2a-49b9-bf8e-07f5eb5fc635-63304-579-0,011ee828-5c2a-49b9-bf8e-07f5eb5fc635,7,,C48348,ROUND,,2,,RE;79,,C48325,WHITE,,METOPROLOL TARTRATE 25 mg;,METOPROLOL TARTRATE[METOPROLOL];,"ANHYDROUS LACTOSE;CELLULOSE, MICROCRYSTALLINE;CROSCARMELLOSE SODIUM;HYPROMELLOSES;MAGNESIUM STEARATE;POLYETHYLENE GLYCOLS;PROPYLENE GLYCOL;COLLOIDAL SILICON DIOXIDE;SODIUM LAURYL SULFATE;SODIUM STARCH GLYCOLATE TYPE A POTATO;STARCH, CORN;TITANIUM DIOXIDE;",HRX,,,,2020-02-10 16:13:37,63304-579,0,,633040579,63304,579,Metoprolol Tartrate,active,20140805,80c4c66e-f913-4026-854e-f37b35ebf70c.xml,,C42931,34391-3,,,LABELER,Ranbaxy Pharmaceuticals Inc.,C73584,NLM,TRUE,,7,,,TRUE,FALSE,FALSE,TRUE,TRUE
63304-0579-01_PART_1_OF_1_CHAL10_SF_5D26AEB5.jpg,63304-0579-01,579,TRUE,TRUE,FALSE,fcn_mix_weight/dr_224/63304-0579-01_PART_1_OF_1_CHAL10_SF_5D26AEB5.jpg,63304-0579-01_5D26AEB5,37470,TRUE,10/17/2017 05:32:03 PM,2020-02-10 17:16:50,011ee828-5c2a-49b9-bf8e-07f5eb5fc635-63304-579-0,011ee828-5c2a-49b9-bf8e-07f5eb5fc635,7,,C48348,ROUND,,2,,RE;79,,C48325,WHITE,,METOPROLOL TARTRATE 25 mg;,METOPROLOL TARTRATE[METOPROLOL];,"ANHYDROUS LACTOSE;CELLULOSE, MICROCRYSTALLINE;CROSCARMELLOSE SODIUM;HYPROMELLOSES;MAGNESIUM STEARATE;POLYETHYLENE GLYCOLS;PROPYLENE GLYCOL;COLLOIDAL SILICON DIOXIDE;SODIUM LAURYL SULFATE;SODIUM STARCH GLYCOLATE TYPE A POTATO;STARCH, CORN;TITANIUM DIOXIDE;",HRX,,,,2020-02-10 16:13:37,63304-579,0,,633040579,63304,579,Metoprolol Tartrate,active,20140805,80c4c66e-f913-4026-854e-f37b35ebf70c.xml,,C42931,34391-3,,,LABELER,Ranbaxy Pharmaceuticals Inc.,C73584,NLM,TRUE,,7,,,TRUE,FALSE,FALSE,TRUE,TRUE
63304-0693-01_PART_1_OF_1_CHAL10_SB_F7267BB3.jpg,63304-0693-01,693,TRUE,FALSE,FALSE,fcn_mix_weight/dr_224/63304-0693-01_PART_1_OF_1_CHAL10_SB_F7267BB3.jpg,63304-0693-01_F7267BB3,35688,TRUE,10/17/2017 05:31:55 PM,2020-02-10 17:15:03,1dbd8448-c1e5-46df-8060-50ef82380445-63304-693-0,1dbd8448-c1e5-46df-8060-50ef82380445,22,,C48336,CAPSULE,,1,,RX693,,C48333;C48333,BLUE;BLUE,,CLINDAMYCIN HYDROCHLORIDE 300 mg;,CLINDAMYCIN HYDROCHLORIDE[CLINDAMYCIN];,"LACTOSE MONOHYDRATE;STARCH, CORN;TALC;MAGNESIUM STEARATE;GELATIN, UNSPECIFIED;TITANIUM DIOXIDE;FD&C BLUE NO. 1;SHELLAC;POTASSIUM HYDROXIDE;PROPYLENE GLYCOL;FERROSOFERRIC OXIDE;",HRX,SCD,clindamycin 300 MG Oral Capsule,284215,2020-02-10 16:26:41,63304-693,0,,633040693,63304,693,Clindamycin hydrochloride,active,20200401,0b931d8c-a502-4648-9307-4ad5e73d9642.xml,,C25158,34391-3,,,LABELER,"Sun Pharmaceutical Industries, Inc.",C73584,NLM,TRUE,,12,,,TRUE,FALSE,FALSE,TRUE,TRUE
63304-0693-01_PART_1_OF_1_CHAL10_SF_F7267BB3.jpg,63304-0693-01,693,TRUE,TRUE,FALSE,fcn_mix_weight/dr_224/63304-0693-01_PART_1_OF_1_CHAL10_SF_F7267BB3.jpg,63304-0693-01_F7267BB3,35688,TRUE,10/17/2017 05:31:55 PM,2020-02-10 17:15:03,1dbd8448-c1e5-46df-8060-50ef82380445-63304-693-0,1dbd8448-c1e5-46df-8060-50ef82380445,22,,C48336,CAPSULE,,1,,RX693,,C48333;C48333,BLUE;BLUE,,CLINDAMYCIN HYDROCHLORIDE 300 mg;,CLINDAMYCIN HYDROCHLORIDE[CLINDAMYCIN];,"LACTOSE MONOHYDRATE;STARCH, CORN;TALC;MAGNESIUM STEARATE;GELATIN, UNSPECIFIED;TITANIUM DIOXIDE;FD&C BLUE NO. 1;SHELLAC;POTASSIUM HYDROXIDE;PROPYLENE GLYCOL;FERROSOFERRIC OXIDE;",HRX,SCD,clindamycin 300 MG Oral Capsule,284215,2020-02-10 16:26:41,63304-693,0,,633040693,63304,693,Clindamycin hydrochloride,active,20200401,0b931d8c-a502-4648-9307-4ad5e73d9642.xml,,C25158,34391-3,,,LABELER,"Sun Pharmaceutical Industries, Inc.",C73584,NLM,TRUE,,12,,,TRUE,FALSE,FALSE,TRUE,TRUE
63304-0827-90_PART_1_OF_1_CHAL10_SB_F51C7A93.jpg,63304-0827-90,827,TRUE,FALSE,FALSE,fcn_mix_weight/dr_224/63304-0827-90_PART_1_OF_1_CHAL10_SB_F51C7A93.jpg,63304-0827-90_F51C7A93,21423,TRUE,10/17/2017 05:30:53 PM,2020-02-10 17:14:45,d385e07a-c16f-4aef-8e55-af95bd1c7526-63304-827-0,d385e07a-c16f-4aef-8e55-af95bd1c7526,10,,C48345,OVAL,,1,,RX12,,C48325,WHITE,,ATORVASTATIN CALCIUM 10 mg;,ATORVASTATIN CALCIUM[ATORVASTATIN];,"CALCIUM CARBONATE;CANDELILLA WAX;CROSCARMELLOSE SODIUM;HYDROXYPROPYL CELLULOSE;LACTOSE MONOHYDRATE;MAGNESIUM STEARATE;CELLULOSE, MICROCRYSTALLINE;HYPROMELLOSES;POLYETHYLENE GLYCOLS;TALC;TITANIUM DIOXIDE;POLYSORBATE 80;WATER;DIMETHICONE;METHYLCELLULOSE (400 CPS);POLYSORBATE 65;SILICON DIOXIDE;",HRX,SCD,atorvastatin 10 MG Oral Tablet,617312,2020-02-10 16:25:04,63304-827,0,,633040827,63304,827,Atorvastatin Calcium,active,20121126,7640f4cc-48e6-47c3-a4a1-19a140823608.xml,,C42931,34391-3,,,LABELER,Ranbaxy Pharmaceuticals Inc.,C73584,NLM,TRUE,,6,,,TRUE,FALSE,FALSE,TRUE,TRUE
63304-0827-90_PART_1_OF_1_CHAL10_SF_F51C7A93.jpg,63304-0827-90,827,TRUE,TRUE,FALSE,fcn_mix_weight/dr_224/63304-0827-90_PART_1_OF_1_CHAL10_SF_F51C7A93.jpg,63304-0827-90_F51C7A93,21423,TRUE,10/17/2017 05:30:53 PM,2020-02-10 17:14:45,d385e07a-c16f-4aef-8e55-af95bd1c7526-63304-827-0,d385e07a-c16f-4aef-8e55-af95bd1c7526,10,,C48345,OVAL,,1,,RX12,,C48325,WHITE,,ATORVASTATIN CALCIUM 10 mg;,ATORVASTATIN CALCIUM[ATORVASTATIN];,"CALCIUM CARBONATE;CANDELILLA WAX;CROSCARMELLOSE SODIUM;HYDROXYPROPYL CELLULOSE;LACTOSE MONOHYDRATE;MAGNESIUM STEARATE;CELLULOSE, MICROCRYSTALLINE;HYPROMELLOSES;POLYETHYLENE GLYCOLS;TALC;TITANIUM DIOXIDE;POLYSORBATE 80;WATER;DIMETHICONE;METHYLCELLULOSE (400 CPS);POLYSORBATE 65;SILICON DIOXIDE;",HRX,SCD,atorvastatin 10 MG Oral Tablet,617312,2020-02-10 16:25:04,63304-827,0,,633040827,63304,827,Atorvastatin Calcium,active,20121126,7640f4cc-48e6-47c3-a4a1-19a140823608.xml,,C42931,34391-3,,,LABELER,Ranbaxy Pharmaceuticals Inc.,C73584,NLM,TRUE,,6,,,TRUE,FALSE,FALSE,TRUE,TRUE
63304-0829-90_PART_1_OF_1_CHAL10_SB_D91C6CE3.jpg,63304-0829-90,829,TRUE,FALSE,FALSE,fcn_mix_weight/dr_224/63304-0829-90_PART_1_OF_1_CHAL10_SB_D91C6CE3.jpg,63304-0829-90_D91C6CE3,47576,TRUE,10/17/2017 05:32:49 PM,2020-02-10 17:02:54,d385e07a-c16f-4aef-8e55-af95bd1c7526-63304-829-0,d385e07a-c16f-4aef-8e55-af95bd1c7526,15,,C48345,OVAL,,1,,RX829,,C48325,WHITE,,ATORVASTATIN CALCIUM 40 mg;,ATORVASTATIN CALCIUM[ATORVASTATIN];,"CALCIUM CARBONATE;CANDELILLA WAX;CROSCARMELLOSE SODIUM;HYDROXYPROPYL CELLULOSE;LACTOSE MONOHYDRATE;MAGNESIUM STEARATE;CELLULOSE, MICROCRYSTALLINE;HYPROMELLOSES;POLYETHYLENE GLYCOLS;TALC;TITANIUM DIOXIDE;POLYSORBATE 80;WATER;DIMETHICONE;POLYSORBATE 65;METHYLCELLULOSE (400 CPS);SILICON DIOXIDE;",HRX,SCD,atorvastatin 40 MG Oral Tablet,617311,2020-02-10 15:22:49,63304-829,0,,633040829,63304,829,Atorvastatin Calcium,active,20121126,7640f4cc-48e6-47c3-a4a1-19a140823608.xml,,C42931,34391-3,,,LABELER,Ranbaxy Pharmaceuticals Inc.,C73584,NLM,TRUE,,6,,,TRUE,FALSE,FALSE,TRUE,TRUE
63304-0829-90_PART_1_OF_1_CHAL10_SF_D91C6CE3.jpg,63304-0829-90,829,TRUE,TRUE,FALSE,fcn_mix_weight/dr_224/63304-0829-90_PART_1_OF_1_CHAL10_SF_D91C6CE3.jpg,63304-0829-90_D91C6CE3,47576,TRUE,10/17/2017 05:32:49 PM,2020-02-10 17:02:54,d385e07a-c16f-4aef-8e55-af95bd1c7526-63304-829-0,d385e07a-c16f-4aef-8e55-af95bd1c7526,15,,C48345,OVAL,,1,,RX829,,C48325,WHITE,,ATORVASTATIN CALCIUM 40 mg;,ATORVASTATIN CALCIUM[ATORVASTATIN];,"CALCIUM CARBONATE;CANDELILLA WAX;CROSCARMELLOSE SODIUM;HYDROXYPROPYL CELLULOSE;LACTOSE MONOHYDRATE;MAGNESIUM STEARATE;CELLULOSE, MICROCRYSTALLINE;HYPROMELLOSES;POLYETHYLENE GLYCOLS;TALC;TITANIUM DIOXIDE;POLYSORBATE 80;WATER;DIMETHICONE;POLYSORBATE 65;METHYLCELLULOSE (400 CPS);SILICON DIOXIDE;",HRX,SCD,atorvastatin 40 MG Oral Tablet,617311,2020-02-10 15:22:49,63304-829,0,,633040829,63304,829,Atorvastatin Calcium,active,20121126,7640f4cc-48e6-47c3-a4a1-19a140823608.xml,,C42931,34391-3,,,LABELER,Ranbaxy Pharmaceuticals Inc.,C73584,NLM,TRUE,,6,,,TRUE,FALSE,FALSE,TRUE,TRUE
63304-0830-90_PART_1_OF_1_CHAL10_SB_E91C7493.jpg,63304-0830-90,830,TRUE,FALSE,FALSE,fcn_mix_weight/dr_224/63304-0830-90_PART_1_OF_1_CHAL10_SB_E91C7493.jpg,63304-0830-90_E91C7493,39650,TRUE,10/17/2017 05:32:13 PM,2020-02-10 17:09:30,d385e07a-c16f-4aef-8e55-af95bd1c7526-63304-830-0,d385e07a-c16f-4aef-8e55-af95bd1c7526,19,,C48345,OVAL,,1,,RX830,,C48325,WHITE,,ATORVASTATIN CALCIUM 80 mg;,ATORVASTATIN CALCIUM[ATORVASTATIN];,"CALCIUM CARBONATE;CANDELILLA WAX;CROSCARMELLOSE SODIUM;HYDROXYPROPYL CELLULOSE;LACTOSE MONOHYDRATE;MAGNESIUM STEARATE;CELLULOSE, MICROCRYSTALLINE;HYPROMELLOSES;POLYETHYLENE GLYCOLS;TALC;TITANIUM DIOXIDE;POLYSORBATE 80;WATER;DIMETHICONE;POLYSORBATE 65;METHYLCELLULOSE (400 CPS);SILICON DIOXIDE;",HRX,SCD,atorvastatin 80 MG Oral Tablet,259255,2020-02-10 15:56:02,63304-830,0,,633040830,63304,830,Atorvastatin Calcium,active,20121126,7640f4cc-48e6-47c3-a4a1-19a140823608.xml,,C42931,34391-3,,,LABELER,Ranbaxy Pharmaceuticals Inc.,C73584,NLM,TRUE,,6,,,TRUE,FALSE,FALSE,TRUE,TRUE
63304-0830-90_PART_1_OF_1_CHAL10_SF_E91C7493.jpg,63304-0830-90,830,TRUE,TRUE,FALSE,fcn_mix_weight/dr_224/63304-0830-90_PART_1_OF_1_CHAL10_SF_E91C7493.jpg,63304-0830-90_E91C7493,39650,TRUE,10/17/2017 05:32:13 PM,2020-02-10 17:09:30,d385e07a-c16f-4aef-8e55-af95bd1c7526-63304-830-0,d385e07a-c16f-4aef-8e55-af95bd1c7526,19,,C48345,OVAL,,1,,RX830,,C48325,WHITE,,ATORVASTATIN CALCIUM 80 mg;,ATORVASTATIN CALCIUM[ATORVASTATIN];,"CALCIUM CARBONATE;CANDELILLA WAX;CROSCARMELLOSE SODIUM;HYDROXYPROPYL CELLULOSE;LACTOSE MONOHYDRATE;MAGNESIUM STEARATE;CELLULOSE, MICROCRYSTALLINE;HYPROMELLOSES;POLYETHYLENE GLYCOLS;TALC;TITANIUM DIOXIDE;POLYSORBATE 80;WATER;DIMETHICONE;POLYSORBATE 65;METHYLCELLULOSE (400 CPS);SILICON DIOXIDE;",HRX,SCD,atorvastatin 80 MG Oral Tablet,259255,2020-02-10 15:56:02,63304-830,0,,633040830,63304,830,Atorvastatin Calcium,active,20121126,7640f4cc-48e6-47c3-a4a1-19a140823608.xml,,C42931,34391-3,,,LABELER,Ranbaxy Pharmaceuticals Inc.,C73584,NLM,TRUE,,6,,,TRUE,FALSE,FALSE,TRUE,TRUE
63459-0101-30_PART_1_OF_1_CHAL10_SB_DD1C6E93.jpg,63459-0101-30,101,TRUE,FALSE,FALSE,fcn_mix_weight/dr_224/63459-0101-30_PART_1_OF_1_CHAL10_SB_DD1C6E93.jpg,63459-0101-30_DD1C6E93,32658,TRUE,10/17/2017 05:31:41 PM,2020-02-10 17:11:44,e16c26ad-7bc2-d155-3a5d-da83ad6492c8-63459-101-0,e16c26ad-7bc2-d155-3a5d-da83ad6492c8,13,,C48345,OVAL,,1,,PROVIGIL;100;MG,,C48325,WHITE,,MODAFINIL 100 mg;,MODAFINIL[MODAFINIL];,"CROSCARMELLOSE SODIUM;LACTOSE MONOHYDRATE;MAGNESIUM STEARATE;MICROCRYSTALLINE CELLULOSE;POVIDONE K30;STARCH, CORN;",HRX,,,,2020-02-10 16:08:17,63459-101,0,,634590101,63459,101,Provigil,completed,20200302,72cde307-ca84-487d-a2df-2a04935edd3a.xml,,C42998,34391-3,C48677,CIV,LABELER,"Cephalon, Inc.",C73594,NLM,TRUE,,13,,,TRUE,FALSE,FALSE,TRUE,TRUE
63459-0101-30_PART_1_OF_1_CHAL10_SF_DD1C6E93.jpg,63459-0101-30,101,TRUE,TRUE,FALSE,fcn_mix_weight/dr_224/63459-0101-30_PART_1_OF_1_CHAL10_SF_DD1C6E93.jpg,63459-0101-30_DD1C6E93,32658,TRUE,10/17/2017 05:31:41 PM,2020-02-10 17:11:44,e16c26ad-7bc2-d155-3a5d-da83ad6492c8-63459-101-0,e16c26ad-7bc2-d155-3a5d-da83ad6492c8,13,,C48345,OVAL,,1,,PROVIGIL;100;MG,,C48325,WHITE,,MODAFINIL 100 mg;,MODAFINIL[MODAFINIL];,"CROSCARMELLOSE SODIUM;LACTOSE MONOHYDRATE;MAGNESIUM STEARATE;MICROCRYSTALLINE CELLULOSE;POVIDONE K30;STARCH, CORN;",HRX,,,,2020-02-10 16:08:17,63459-101,0,,634590101,63459,101,Provigil,completed,20200302,72cde307-ca84-487d-a2df-2a04935edd3a.xml,,C42998,34391-3,C48677,CIV,LABELER,"Cephalon, Inc.",C73594,NLM,TRUE,,13,,,TRUE,FALSE,FALSE,TRUE,TRUE
64679-0929-01_PART_1_OF_1_CHAL10_SB_6521B2ED.jpg,64679-0929-01,929,TRUE,FALSE,FALSE,fcn_mix_weight/dr_224/64679-0929-01_PART_1_OF_1_CHAL10_SB_6521B2ED.jpg,64679-0929-01_6521B2ED,11037,TRUE,10/17/2017 05:30:09 PM,2020-02-10 17:11:01,e927801e-5de4-44f9-b543-789c093de655-64679-929-0,e927801e-5de4-44f9-b543-789c093de655,8,,C48348,ROUND,,1,,W;929,,C48325,WHITE,,LISINOPRIL 10 mg;,LISINOPRIL[LISINOPRIL ANHYDROUS];,"CALCIUM PHOSPHATE, DIBASIC, DIHYDRATE;MAGNESIUM STEARATE;MANNITOL;POVIDONE;SILICON DIOXIDE;STARCH, CORN;",HRX,SCD,lisinopril 10 MG Oral Tablet,314076,2020-02-10 16:04:22,64679-929,0,,646790929,64679,929,Lisinopril,active,20191126,14a98e8a-bb40-4212-8a55-bbd4972ff939.xml,,C42998,34391-3,,,LABELER,Wockhardt USA LLC.,C73584,NLM,TRUE,,4,,,TRUE,FALSE,FALSE,TRUE,TRUE
64679-0929-01_PART_1_OF_1_CHAL10_SF_6521B2ED.jpg,64679-0929-01,929,TRUE,TRUE,FALSE,fcn_mix_weight/dr_224/64679-0929-01_PART_1_OF_1_CHAL10_SF_6521B2ED.jpg,64679-0929-01_6521B2ED,11037,TRUE,10/17/2017 05:30:09 PM,2020-02-10 17:11:01,e927801e-5de4-44f9-b543-789c093de655-64679-929-0,e927801e-5de4-44f9-b543-789c093de655,8,,C48348,ROUND,,1,,W;929,,C48325,WHITE,,LISINOPRIL 10 mg;,LISINOPRIL[LISINOPRIL ANHYDROUS];,"CALCIUM PHOSPHATE, DIBASIC, DIHYDRATE;MAGNESIUM STEARATE;MANNITOL;POVIDONE;SILICON DIOXIDE;STARCH, CORN;",HRX,SCD,lisinopril 10 MG Oral Tablet,314076,2020-02-10 16:04:22,64679-929,0,,646790929,64679,929,Lisinopril,active,20191126,14a98e8a-bb40-4212-8a55-bbd4972ff939.xml,,C42998,34391-3,,,LABELER,Wockhardt USA LLC.,C73584,NLM,TRUE,,4,,,TRUE,FALSE,FALSE,TRUE,TRUE
64679-0936-03_PART_1_OF_1_CHAL10_SB_7E05BF4D.jpg,64679-0936-03,936,TRUE,FALSE,FALSE,fcn_mix_weight/dr_224/64679-0936-03_PART_1_OF_1_CHAL10_SB_7E05BF4D.jpg,64679-0936-03_7E05BF4D,35426,TRUE,10/17/2017 05:31:54 PM,2020-02-10 17:03:18,673ac9dd-472a-4936-ad22-d9f6298b0106-64679-936-0,673ac9dd-472a-4936-ad22-d9f6298b0106,9,,C48348,ROUND,RECTANGLE,1,,W;936,,C48332,BROWN,,FAMOTIDINE 20 mg;,FAMOTIDINE[FAMOTIDINE];,"CELLULOSE, MICROCRYSTALLINE;FERRIC OXIDE RED;FERRIC OXIDE YELLOW;HYDROXYPROPYL CELLULOSE, LOW SUBSTITUTED;HYPROMELLOSES;MAGNESIUM STEARATE;STARCH, CORN;TALC;TITANIUM DIOXIDE;POLYETHYLENE GLYCOL 400;",HRX,,,,2020-02-10 15:24:45,64679-936,0,,646790936,64679,936,Famotidine,active,20171219,c4b3566a-36a7-42bc-8a43-07923a5cb525.xml,,C42931,34391-3,,,LABELER,Wockhardt USA LLC.,C73584,NLM,TRUE,,3,,,TRUE,FALSE,FALSE,TRUE,TRUE
64679-0936-03_PART_1_OF_1_CHAL10_SF_7E05BF4D.jpg,64679-0936-03,936,TRUE,TRUE,FALSE,fcn_mix_weight/dr_224/64679-0936-03_PART_1_OF_1_CHAL10_SF_7E05BF4D.jpg,64679-0936-03_7E05BF4D,35426,TRUE,10/17/2017 05:31:54 PM,2020-02-10 17:03:18,673ac9dd-472a-4936-ad22-d9f6298b0106-64679-936-0,673ac9dd-472a-4936-ad22-d9f6298b0106,9,,C48348,ROUND,RECTANGLE,1,,W;936,,C48332,BROWN,,FAMOTIDINE 20 mg;,FAMOTIDINE[FAMOTIDINE];,"CELLULOSE, MICROCRYSTALLINE;FERRIC OXIDE RED;FERRIC OXIDE YELLOW;HYDROXYPROPYL CELLULOSE, LOW SUBSTITUTED;HYPROMELLOSES;MAGNESIUM STEARATE;STARCH, CORN;TALC;TITANIUM DIOXIDE;POLYETHYLENE GLYCOL 400;",HRX,,,,2020-02-10 15:24:45,64679-936,0,,646790936,64679,936,Famotidine,active,20171219,c4b3566a-36a7-42bc-8a43-07923a5cb525.xml,,C42931,34391-3,,,LABELER,Wockhardt USA LLC.,C73584,NLM,TRUE,,3,,,TRUE,FALSE,FALSE,TRUE,TRUE
64679-0953-01_PART_1_OF_1_CHAL10_SB_6A21B55D.jpg,64679-0953-01,953,TRUE,FALSE,FALSE,fcn_mix_weight/dr_224/64679-0953-01_PART_1_OF_1_CHAL10_SB_6A21B55D.jpg,64679-0953-01_6A21B55D,5884,TRUE,10/17/2017 05:29:46 PM,2020-02-10 17:02:31,e927801e-5de4-44f9-b543-789c093de655-64679-953-0,e927801e-5de4-44f9-b543-789c093de655,8,,C48348,ROUND,,1,,W;953,,C48326,RED,,LISINOPRIL 30 mg;,LISINOPRIL[LISINOPRIL ANHYDROUS];,"CALCIUM PHOSPHATE, DIBASIC, DIHYDRATE;FERRIC OXIDE RED;MAGNESIUM STEARATE;MANNITOL;POVIDONE;SILICON DIOXIDE;STARCH, CORN;",HRX,SCD,lisinopril 30 MG Oral Tablet,205326,2020-02-10 15:20:57,64679-953,0,,646790953,64679,953,Lisinopril,active,20191126,14a98e8a-bb40-4212-8a55-bbd4972ff939.xml,,C42998,34391-3,,,LABELER,Wockhardt USA LLC.,C73584,NLM,TRUE,,4,,,TRUE,FALSE,FALSE,TRUE,TRUE
64679-0953-01_PART_1_OF_1_CHAL10_SF_6A21B55D.jpg,64679-0953-01,953,TRUE,TRUE,FALSE,fcn_mix_weight/dr_224/64679-0953-01_PART_1_OF_1_CHAL10_SF_6A21B55D.jpg,64679-0953-01_6A21B55D,5884,TRUE,10/17/2017 05:29:46 PM,2020-02-10 17:02:31,e927801e-5de4-44f9-b543-789c093de655-64679-953-0,e927801e-5de4-44f9-b543-789c093de655,8,,C48348,ROUND,,1,,W;953,,C48326,RED,,LISINOPRIL 30 mg;,LISINOPRIL[LISINOPRIL ANHYDROUS];,"CALCIUM PHOSPHATE, DIBASIC, DIHYDRATE;FERRIC OXIDE RED;MAGNESIUM STEARATE;MANNITOL;POVIDONE;SILICON DIOXIDE;STARCH, CORN;",HRX,SCD,lisinopril 30 MG Oral Tablet,205326,2020-02-10 15:20:57,64679-953,0,,646790953,64679,953,Lisinopril,active,20191126,14a98e8a-bb40-4212-8a55-bbd4972ff939.xml,,C42998,34391-3,,,LABELER,Wockhardt USA LLC.,C73584,NLM,TRUE,,4,,,TRUE,FALSE,FALSE,TRUE,TRUE
64720-0323-10_PART_1_OF_1_CHAL10_SB_F51DFA9F.jpg,64720-0323-10,323,TRUE,FALSE,FALSE,fcn_mix_weight/dr_224/64720-0323-10_PART_1_OF_1_CHAL10_SB_F51DFA9F.jpg,64720-0323-10_F51DFA9F,28562,TRUE,10/17/2017 05:31:23 PM,10/17/2017 05:31:23 PM,aae18c5d-5d4b-4fe2-930b-dbc58dc59665-64720-323-0,aae18c5d-5d4b-4fe2-930b-dbc58dc59665,14,,C48336,CAPSULE,,1,,cor;323,,C48325;C48329;C48334,GREEN;TURQUOISE;WHITE,,ZALEPLON 10 mg,ZALEPLON[ZALEPLON],"CELLULOSE, MICROCRYSTALLINE / STARCH, CORN / SILICON DIOXIDE / SODIUM LAURYL SULFATE / MAGNESIUM STEARATE / LACTOSE / GELATIN / TITANIUM DIOXIDE / D&C YELLOW NO. 10 / FD&C BLUE NO. 1 / FD&C GREEN NO. 3 / FD&C YELLOW NO. 5",HRX,,zaleplon 10 MG Oral Capsule,313761,,64720-323,0,,647200323,64720,323,ZALEPLON,active,20130506,e75b6a83-902c-4012-b1b4-bc7412248e88.xml,,C25158,34391-3,C48677,,LABELER,"CorePharma, LLC",C73594,NLM,TRUE,,5,,,FALSE,TRUE,FALSE,TRUE,TRUE
64720-0323-10_PART_1_OF_1_CHAL10_SF_F51DFA9F.jpg,64720-0323-10,323,TRUE,TRUE,FALSE,fcn_mix_weight/dr_224/64720-0323-10_PART_1_OF_1_CHAL10_SF_F51DFA9F.jpg,64720-0323-10_F51DFA9F,28562,TRUE,10/17/2017 05:31:23 PM,10/17/2017 05:31:23 PM,aae18c5d-5d4b-4fe2-930b-dbc58dc59665-64720-323-0,aae18c5d-5d4b-4fe2-930b-dbc58dc59665,14,,C48336,CAPSULE,,1,,cor;323,,C48325;C48329;C48334,GREEN;TURQUOISE;WHITE,,ZALEPLON 10 mg,ZALEPLON[ZALEPLON],"CELLULOSE, MICROCRYSTALLINE / STARCH, CORN / SILICON DIOXIDE / SODIUM LAURYL SULFATE / MAGNESIUM STEARATE / LACTOSE / GELATIN / TITANIUM DIOXIDE / D&C YELLOW NO. 10 / FD&C BLUE NO. 1 / FD&C GREEN NO. 3 / FD&C YELLOW NO. 5",HRX,,zaleplon 10 MG Oral Capsule,313761,,64720-323,0,,647200323,64720,323,ZALEPLON,active,20130506,e75b6a83-902c-4012-b1b4-bc7412248e88.xml,,C25158,34391-3,C48677,,LABELER,"CorePharma, LLC",C73594,NLM,TRUE,,5,,,FALSE,TRUE,FALSE,TRUE,TRUE
64764-0805-30_PART_1_OF_1_CHAL10_SB_191C8C94.jpg,64764-0805-30,805,TRUE,FALSE,FALSE,fcn_mix_weight/dr_224/64764-0805-30_PART_1_OF_1_CHAL10_SB_191C8C94.jpg,64764-0805-30_191C8C94,4900,TRUE,10/17/2017 05:29:42 PM,2020-02-10 17:13:48,9de82310-70e8-47b9-b1fc-6c6848b99455-64764-805-0,9de82310-70e8-47b9-b1fc-6c6848b99455,7,,C48348,ROUND,,1,,TAK;RAM;8,,C48331,ORANGE,,ramelteon 8 mg;,ramelteon[ramelteon];,,HRX,SBD,ramelteon 8 MG Oral Tablet [Rozerem],603162,2020-02-10 16:19:49,64764-805,0,,647640805,64764,805,Rozerem,active,20181228,a66bc7a3-4647-43cc-bd7f-cacb36fa48cf.xml,,C42931,34391-3,,,LABELER,"Takeda Pharmaceuticals America, Inc.",C73594,NLM,TRUE,,13,,,TRUE,FALSE,FALSE,TRUE,TRUE
64764-0805-30_PART_1_OF_1_CHAL10_SF_191C8C94.jpg,64764-0805-30,805,TRUE,TRUE,FALSE,fcn_mix_weight/dr_224/64764-0805-30_PART_1_OF_1_CHAL10_SF_191C8C94.jpg,64764-0805-30_191C8C94,4900,TRUE,10/17/2017 05:29:42 PM,2020-02-10 17:13:48,9de82310-70e8-47b9-b1fc-6c6848b99455-64764-805-0,9de82310-70e8-47b9-b1fc-6c6848b99455,7,,C48348,ROUND,,1,,TAK;RAM;8,,C48331,ORANGE,,ramelteon 8 mg;,ramelteon[ramelteon];,,HRX,SBD,ramelteon 8 MG Oral Tablet [Rozerem],603162,2020-02-10 16:19:49,64764-805,0,,647640805,64764,805,Rozerem,active,20181228,a66bc7a3-4647-43cc-bd7f-cacb36fa48cf.xml,,C42931,34391-3,,,LABELER,"Takeda Pharmaceuticals America, Inc.",C73594,NLM,TRUE,,13,,,TRUE,FALSE,FALSE,TRUE,TRUE
64764-0918-30_PART_1_OF_1_CHAL10_SB_351D9A9C.jpg,64764-0918-30,918,TRUE,FALSE,FALSE,fcn_mix_weight/dr_224/64764-0918-30_PART_1_OF_1_CHAL10_SB_351D9A9C.jpg,64764-0918-30_351D9A9C,44930,TRUE,10/17/2017 05:32:37 PM,2020-02-10 17:11:50,54de10ef-fe5f-4930-b91d-6bbb04c664bd-64764-918-0,54de10ef-fe5f-4930-b91d-6bbb04c664bd,9,,C48348,ROUND,,1,,TAP;40,,C48329,GREEN,,febuxostat 40 mg;,febuxostat[febuxostat];,"lactose monohydrate;MICROCRYSTALLINE CELLULOSE;HYDROXYPROPYL CELLULOSE (70000 WAMW);croscarmellose sodium;silicon dioxide;magnesium stearate;POLYVINYL ALCOHOL, UNSPECIFIED;Talc;POLYETHYLENE GLYCOL, UNSPECIFIED;Titanium Dioxide;D&C YELLOW NO. 10;FD&C BLUE NO. 1;FD&C BLUE NO. 2;",HRX,SBD,febuxostat 40 MG Oral Tablet [Uloric],834239,2020-02-10 16:08:49,64764-918,0,,647640918,64764,918,ULORIC,active,20190228,61bbeaf5-8037-4bed-8193-3f12ff39b3a0.xml,,C42998,34391-3,,,LABELER,"Takeda Pharmaceuticals America, Inc.",C73594,NLM,TRUE,,13,,,TRUE,FALSE,FALSE,TRUE,TRUE
64764-0918-30_PART_1_OF_1_CHAL10_SF_351D9A9C.jpg,64764-0918-30,918,TRUE,TRUE,FALSE,fcn_mix_weight/dr_224/64764-0918-30_PART_1_OF_1_CHAL10_SF_351D9A9C.jpg,64764-0918-30_351D9A9C,44930,TRUE,10/17/2017 05:32:37 PM,2020-02-10 17:11:50,54de10ef-fe5f-4930-b91d-6bbb04c664bd-64764-918-0,54de10ef-fe5f-4930-b91d-6bbb04c664bd,9,,C48348,ROUND,,1,,TAP;40,,C48329,GREEN,,febuxostat 40 mg;,febuxostat[febuxostat];,"lactose monohydrate;MICROCRYSTALLINE CELLULOSE;HYDROXYPROPYL CELLULOSE (70000 WAMW);croscarmellose sodium;silicon dioxide;magnesium stearate;POLYVINYL ALCOHOL, UNSPECIFIED;Talc;POLYETHYLENE GLYCOL, UNSPECIFIED;Titanium Dioxide;D&C YELLOW NO. 10;FD&C BLUE NO. 1;FD&C BLUE NO. 2;",HRX,SBD,febuxostat 40 MG Oral Tablet [Uloric],834239,2020-02-10 16:08:49,64764-918,0,,647640918,64764,918,ULORIC,active,20190228,61bbeaf5-8037-4bed-8193-3f12ff39b3a0.xml,,C42998,34391-3,,,LABELER,"Takeda Pharmaceuticals America, Inc.",C73594,NLM,TRUE,,13,,,TRUE,FALSE,FALSE,TRUE,TRUE
64980-0112-01_PART_1_OF_1_CHAL10_SB_DC236E0B.jpg,64980-0112-01,112,TRUE,FALSE,FALSE,fcn_mix_weight/dr_224/64980-0112-01_PART_1_OF_1_CHAL10_SB_DC236E0B.jpg,64980-0112-01_DC236E0B,4744,TRUE,10/17/2017 05:29:41 PM,10/17/2017 05:29:41 PM,4c3e5601-5551-4674-88b0-4fea3c421b29-64980-112-0,4c3e5601-5551-4674-88b0-4fea3c421b29,8,,C48345,OVAL,,2,,cor;144,,C48325,WHITE,,BENZTROPINE MESYLATE 1 mg;,BENZTROPINE MESYLATE [BENZTROPINE ];,"MAGNESIUM STEARATE;CELLULOSE, MICROCRYSTALLINE;POVIDONE;STARCH, CORN;",HRX,,,,,64980-112,0,,649800112,64980,112,BENZTROPINE MESYLATE,active,20100122,d71749ac-d1f0-428f-a76e-088ceb20f794.xml,,C42998,34391-3,,,LABELER,Rising Pharmaceuticals Inc,C73584,NLM,TRUE,,4,,,FALSE,TRUE,FALSE,TRUE,TRUE
64980-0112-01_PART_1_OF_1_CHAL10_SF_DC236E0B.jpg,64980-0112-01,112,TRUE,TRUE,FALSE,fcn_mix_weight/dr_224/64980-0112-01_PART_1_OF_1_CHAL10_SF_DC236E0B.jpg,64980-0112-01_DC236E0B,4744,TRUE,10/17/2017 05:29:41 PM,10/17/2017 05:29:41 PM,4c3e5601-5551-4674-88b0-4fea3c421b29-64980-112-0,4c3e5601-5551-4674-88b0-4fea3c421b29,8,,C48345,OVAL,,2,,cor;144,,C48325,WHITE,,BENZTROPINE MESYLATE 1 mg;,BENZTROPINE MESYLATE [BENZTROPINE ];,"MAGNESIUM STEARATE;CELLULOSE, MICROCRYSTALLINE;POVIDONE;STARCH, CORN;",HRX,,,,,64980-112,0,,649800112,64980,112,BENZTROPINE MESYLATE,active,20100122,d71749ac-d1f0-428f-a76e-088ceb20f794.xml,,C42998,34391-3,,,LABELER,Rising Pharmaceuticals Inc,C73584,NLM,TRUE,,4,,,FALSE,TRUE,FALSE,TRUE,TRUE
65162-0212-11_PART_1_OF_1_CHAL10_SB_AD1C56C2.jpg,65162-0212-11,212,TRUE,FALSE,FALSE,fcn_mix_weight/dr_224/65162-0212-11_PART_1_OF_1_CHAL10_SB_AD1C56C2.jpg,65162-0212-11_AD1C56C2,7607,TRUE,10/17/2017 05:29:54 PM,2020-02-10 17:15:14,7e467c02-49a0-4b62-b537-430fdfa4f10e-65162-212-0,7e467c02-49a0-4b62-b537-430fdfa4f10e,16,,C48336,CAPSULE,,1,,IP;212,,C48325,WHITE,PURPLE,PHENYTOIN SODIUM 100 mg;,PHENYTOIN SODIUM[PHENYTOIN];,,HRX,SCD,phenytoin sodium 100 MG Extended Release Oral Capsule,855671,2020-02-10 16:27:35,65162-212,0,,651620212,65162,212,Extended Phenytoin Sodium,active,20190516,93f16703-3d12-4b8e-ae31-1320cacb85d6.xml,,C25158,34391-3,,,LABELER,Amneal Pharmaceuticals LLC,C73584,NLM,TRUE,,18,,,TRUE,FALSE,FALSE,TRUE,TRUE
65162-0212-11_PART_1_OF_1_CHAL10_SF_AD1C56C2.jpg,65162-0212-11,212,TRUE,TRUE,FALSE,fcn_mix_weight/dr_224/65162-0212-11_PART_1_OF_1_CHAL10_SF_AD1C56C2.jpg,65162-0212-11_AD1C56C2,7607,TRUE,10/17/2017 05:29:54 PM,2020-02-10 17:15:14,7e467c02-49a0-4b62-b537-430fdfa4f10e-65162-212-0,7e467c02-49a0-4b62-b537-430fdfa4f10e,16,,C48336,CAPSULE,,1,,IP;212,,C48325,WHITE,PURPLE,PHENYTOIN SODIUM 100 mg;,PHENYTOIN SODIUM[PHENYTOIN];,,HRX,SCD,phenytoin sodium 100 MG Extended Release Oral Capsule,855671,2020-02-10 16:27:35,65162-212,0,,651620212,65162,212,Extended Phenytoin Sodium,active,20190516,93f16703-3d12-4b8e-ae31-1320cacb85d6.xml,,C25158,34391-3,,,LABELER,Amneal Pharmaceuticals LLC,C73584,NLM,TRUE,,18,,,TRUE,FALSE,FALSE,TRUE,TRUE
65197-0002-01_PART_1_OF_1_CHAL10_SB_3315999C.jpg,65197-0002-01,2,TRUE,FALSE,FALSE,fcn_mix_weight/dr_224/65197-0002-01_PART_1_OF_1_CHAL10_SB_3315999C.jpg,65197-0002-01_3315999C,7112,TRUE,10/17/2017 05:29:52 PM,2020-02-10 17:12:57,5012f997-9fb2-4c3d-99fd-4f7efd7c39af-65197-002-0,5012f997-9fb2-4c3d-99fd-4f7efd7c39af,10,14,C48336,CAPSULE,,1,,DYRENIUM;50;mg;DYRENIUM;WPC;002,,C48326,RED,,TRIAMTERENE 50 mg;,TRIAMTERENE[TRIAMTERENE];,D&C RED NO. 33;FD&C YELLOW NO. 6;GELATIN;LACTOSE;MAGNESIUM STEARATE;SODIUM LAURYL SULFATE;TITANIUM DIOXIDE;SILICON DIOXIDE;,HRX,,,,2020-02-10 16:06:40,65197-002,0,,651970002,65197,2,Dyrenium,completed,20130514,96d12576-d968-41bc-ad64-fd3812e09f25.xml,,C25158,34391-3,,,LABELER,WellSpring Pharmaceutical Corporation,C73594,NLM,TRUE,,8,,,TRUE,FALSE,FALSE,TRUE,TRUE
65197-0002-01_PART_1_OF_1_CHAL10_SF_3315999C.jpg,65197-0002-01,2,TRUE,TRUE,FALSE,fcn_mix_weight/dr_224/65197-0002-01_PART_1_OF_1_CHAL10_SF_3315999C.jpg,65197-0002-01_3315999C,7112,TRUE,10/17/2017 05:29:52 PM,2020-02-10 17:12:57,5012f997-9fb2-4c3d-99fd-4f7efd7c39af-65197-002-0,5012f997-9fb2-4c3d-99fd-4f7efd7c39af,10,14,C48336,CAPSULE,,1,,DYRENIUM;50;mg;DYRENIUM;WPC;002,,C48326,RED,,TRIAMTERENE 50 mg;,TRIAMTERENE[TRIAMTERENE];,D&C RED NO. 33;FD&C YELLOW NO. 6;GELATIN;LACTOSE;MAGNESIUM STEARATE;SODIUM LAURYL SULFATE;TITANIUM DIOXIDE;SILICON DIOXIDE;,HRX,,,,2020-02-10 16:06:40,65197-002,0,,651970002,65197,2,Dyrenium,completed,20130514,96d12576-d968-41bc-ad64-fd3812e09f25.xml,,C25158,34391-3,,,LABELER,WellSpring Pharmaceutical Corporation,C73594,NLM,TRUE,,8,,,TRUE,FALSE,FALSE,TRUE,TRUE
65580-0302-03_PART_1_OF_1_CHAL10_SB_04128254.jpg,65580-0302-03,302,TRUE,FALSE,FALSE,fcn_mix_weight/dr_224/65580-0302-03_PART_1_OF_1_CHAL10_SB_04128254.jpg,65580-0302-03_04128254,35644,TRUE,10/17/2017 05:31:55 PM,2020-02-10 17:00:33,0804aaf5-de2d-4e38-915d-4b3c0da379d4-65580-302-0,0804aaf5-de2d-4e38-915d-4b3c0da379d4,8,,C48348,ROUND,,1,,OS302,,C48325,WHITE,,venlafaxine hydrochloride 75 mg;,venlafaxine hydrochloride[venlafaxine];,"mannitol;POVIDONE, UNSPECIFIED;MICROCRYSTALLINE CELLULOSE;POLYETHYLENE GLYCOL, UNSPECIFIED;silicon dioxide;magnesium stearate;cellulose acetate;HYPROMELLOSE, UNSPECIFIED;LACTOSE, UNSPECIFIED FORM;titanium dioxide;triacetin;ferrosoferric oxide;propylene glycol;",HRX,,,,2020-02-10 16:29:55,65580-302,0,,655800302,65580,302,venlafaxine hydrochloride,completed,20170515,252c0bd2-a4ae-4d4a-88fe-7fc006340f21.xml,,C42930,34391-3,,,LABELER,"Upstate Pharma, LLC",C73594,NLM,TRUE,,5,,,TRUE,FALSE,FALSE,TRUE,TRUE
65580-0302-03_PART_1_OF_1_CHAL10_SF_04128254.jpg,65580-0302-03,302,TRUE,TRUE,FALSE,fcn_mix_weight/dr_224/65580-0302-03_PART_1_OF_1_CHAL10_SF_04128254.jpg,65580-0302-03_04128254,35644,TRUE,10/17/2017 05:31:55 PM,2020-02-10 17:00:33,0804aaf5-de2d-4e38-915d-4b3c0da379d4-65580-302-0,0804aaf5-de2d-4e38-915d-4b3c0da379d4,8,,C48348,ROUND,,1,,OS302,,C48325,WHITE,,venlafaxine hydrochloride 75 mg;,venlafaxine hydrochloride[venlafaxine];,"mannitol;POVIDONE, UNSPECIFIED;MICROCRYSTALLINE CELLULOSE;POLYETHYLENE GLYCOL, UNSPECIFIED;silicon dioxide;magnesium stearate;cellulose acetate;HYPROMELLOSE, UNSPECIFIED;LACTOSE, UNSPECIFIED FORM;titanium dioxide;triacetin;ferrosoferric oxide;propylene glycol;",HRX,,,,2020-02-10 16:29:55,65580-302,0,,655800302,65580,302,venlafaxine hydrochloride,completed,20170515,252c0bd2-a4ae-4d4a-88fe-7fc006340f21.xml,,C42930,34391-3,,,LABELER,"Upstate Pharma, LLC",C73594,NLM,TRUE,,5,,,TRUE,FALSE,FALSE,TRUE,TRUE
65580-0303-03_PART_1_OF_1_CHAL10_SB_0A128554.jpg,65580-0303-03,303,TRUE,FALSE,FALSE,fcn_mix_weight/dr_224/65580-0303-03_PART_1_OF_1_CHAL10_SB_0A128554.jpg,65580-0303-03_0A128554,30983,TRUE,10/17/2017 05:31:34 PM,2020-02-10 17:07:41,0804aaf5-de2d-4e38-915d-4b3c0da379d4-65580-303-0,0804aaf5-de2d-4e38-915d-4b3c0da379d4,10,,C48348,ROUND,,1,,OS303,,C48325,WHITE,,venlafaxine hydrochloride 150 mg;,venlafaxine hydrochloride[venlafaxine];,"mannitol;POVIDONE, UNSPECIFIED;MICROCRYSTALLINE CELLULOSE;POLYETHYLENE GLYCOL, UNSPECIFIED;silicon dioxide;magnesium stearate;cellulose acetate;HYPROMELLOSE, UNSPECIFIED;LACTOSE, UNSPECIFIED FORM;titanium dioxide;triacetin;ferrosoferric oxide;propylene glycol;",HRX,,,,2020-02-10 15:45:44,65580-303,0,,655800303,65580,303,venlafaxine hydrochloride,completed,20170515,252c0bd2-a4ae-4d4a-88fe-7fc006340f21.xml,,C42930,34391-3,,,LABELER,"Upstate Pharma, LLC",C73594,NLM,TRUE,,5,,,TRUE,FALSE,FALSE,TRUE,TRUE
65580-0303-03_PART_1_OF_1_CHAL10_SF_0A128554.jpg,65580-0303-03,303,TRUE,TRUE,FALSE,fcn_mix_weight/dr_224/65580-0303-03_PART_1_OF_1_CHAL10_SF_0A128554.jpg,65580-0303-03_0A128554,30983,TRUE,10/17/2017 05:31:34 PM,2020-02-10 17:07:41,0804aaf5-de2d-4e38-915d-4b3c0da379d4-65580-303-0,0804aaf5-de2d-4e38-915d-4b3c0da379d4,10,,C48348,ROUND,,1,,OS303,,C48325,WHITE,,venlafaxine hydrochloride 150 mg;,venlafaxine hydrochloride[venlafaxine];,"mannitol;POVIDONE, UNSPECIFIED;MICROCRYSTALLINE CELLULOSE;POLYETHYLENE GLYCOL, UNSPECIFIED;silicon dioxide;magnesium stearate;cellulose acetate;HYPROMELLOSE, UNSPECIFIED;LACTOSE, UNSPECIFIED FORM;titanium dioxide;triacetin;ferrosoferric oxide;propylene glycol;",HRX,,,,2020-02-10 15:45:44,65580-303,0,,655800303,65580,303,venlafaxine hydrochloride,completed,20170515,252c0bd2-a4ae-4d4a-88fe-7fc006340f21.xml,,C42930,34391-3,,,LABELER,"Upstate Pharma, LLC",C73594,NLM,TRUE,,5,,,TRUE,FALSE,FALSE,TRUE,TRUE
65580-0304-03_PART_1_OF_1_CHAL10_SB_011280A4.jpg,65580-0304-03,304,TRUE,FALSE,FALSE,fcn_mix_weight/dr_224/65580-0304-03_PART_1_OF_1_CHAL10_SB_011280A4.jpg,65580-0304-03_011280A4,7881,TRUE,10/17/2017 05:29:55 PM,2020-02-10 17:02:04,0804aaf5-de2d-4e38-915d-4b3c0da379d4-65580-304-0,0804aaf5-de2d-4e38-915d-4b3c0da379d4,11,,C48348,ROUND,,1,,OS304,,C48325,WHITE,,venlafaxine hydrochloride 225 mg;,venlafaxine hydrochloride[venlafaxine];,"mannitol;POVIDONE, UNSPECIFIED;MICROCRYSTALLINE CELLULOSE;POLYETHYLENE GLYCOL, UNSPECIFIED;silicon dioxide;magnesium stearate;cellulose acetate;HYPROMELLOSE, UNSPECIFIED;LACTOSE, UNSPECIFIED FORM;titanium dioxide;triacetin;ferrosoferric oxide;propylene glycol;",HRX,,,,2020-02-10 15:18:49,65580-304,0,,655800304,65580,304,venlafaxine hydrochloride,completed,20170515,252c0bd2-a4ae-4d4a-88fe-7fc006340f21.xml,,C42930,34391-3,,,LABELER,"Upstate Pharma, LLC",C73594,NLM,TRUE,,5,,,TRUE,FALSE,FALSE,TRUE,TRUE
65580-0304-03_PART_1_OF_1_CHAL10_SF_011280A4.jpg,65580-0304-03,304,TRUE,TRUE,FALSE,fcn_mix_weight/dr_224/65580-0304-03_PART_1_OF_1_CHAL10_SF_011280A4.jpg,65580-0304-03_011280A4,7881,TRUE,10/17/2017 05:29:55 PM,2020-02-10 17:02:04,0804aaf5-de2d-4e38-915d-4b3c0da379d4-65580-304-0,0804aaf5-de2d-4e38-915d-4b3c0da379d4,11,,C48348,ROUND,,1,,OS304,,C48325,WHITE,,venlafaxine hydrochloride 225 mg;,venlafaxine hydrochloride[venlafaxine];,"mannitol;POVIDONE, UNSPECIFIED;MICROCRYSTALLINE CELLULOSE;POLYETHYLENE GLYCOL, UNSPECIFIED;silicon dioxide;magnesium stearate;cellulose acetate;HYPROMELLOSE, UNSPECIFIED;LACTOSE, UNSPECIFIED FORM;titanium dioxide;triacetin;ferrosoferric oxide;propylene glycol;",HRX,,,,2020-02-10 15:18:49,65580-304,0,,655800304,65580,304,venlafaxine hydrochloride,completed,20170515,252c0bd2-a4ae-4d4a-88fe-7fc006340f21.xml,,C42930,34391-3,,,LABELER,"Upstate Pharma, LLC",C73594,NLM,TRUE,,5,,,TRUE,FALSE,FALSE,TRUE,TRUE
65597-0118-30_PART_1_OF_1_CHAL10_SB_071D83EC.jpg,65597-0118-30,118,TRUE,FALSE,FALSE,fcn_mix_weight/dr_224/65597-0118-30_PART_1_OF_1_CHAL10_SB_071D83EC.jpg,65597-0118-30_071D83EC,45779,TRUE,10/17/2017 05:32:41 PM,2020-02-10 17:02:11,5562b3f5-8757-11de-8a39-0800200c9a66-65597-118-0,5562b3f5-8757-11de-8a39-0800200c9a66,15,,C48345,OVAL,,1,,C57,,C48326,RED,,OLMESARTAN MEDOXOMIL 40 mg;AMLODIPINE BESYLATE 10 mg;HYDROCHLOROTHIAZIDE 25 mg;,OLMESARTAN MEDOXOMIL[OLMESARTAN];AMLODIPINE BESYLATE[AMLODIPINE];HYDROCHLOROTHIAZIDE[HYDROCHLOROTHIAZIDE];,"STARCH, CORN;MICROCRYSTALLINE CELLULOSE;CROSCARMELLOSE SODIUM;MAGNESIUM STEARATE;SILICON DIOXIDE;",HRX,SBD,amlodipine 10 MG / hydrochlorothiazide 25 MG / olmesartan medoxomil 40 MG Oral Tablet [Tribenzor],999995,2020-02-10 15:19:18,65597-118,0,,655970118,65597,118,Tribenzor,active,20200527,8df546db-7fe9-461f-b95e-ba0bef741a58.xml,,C42931,34391-3,,,LABELER,Daiichi Sankyo Inc.,C73594,NLM,TRUE,,23,,,TRUE,FALSE,FALSE,TRUE,TRUE
65597-0118-30_PART_1_OF_1_CHAL10_SF_071D83EC.jpg,65597-0118-30,118,TRUE,TRUE,FALSE,fcn_mix_weight/dr_224/65597-0118-30_PART_1_OF_1_CHAL10_SF_071D83EC.jpg,65597-0118-30_071D83EC,45779,TRUE,10/17/2017 05:32:41 PM,2020-02-10 17:02:11,5562b3f5-8757-11de-8a39-0800200c9a66-65597-118-0,5562b3f5-8757-11de-8a39-0800200c9a66,15,,C48345,OVAL,,1,,C57,,C48326,RED,,OLMESARTAN MEDOXOMIL 40 mg;AMLODIPINE BESYLATE 10 mg;HYDROCHLOROTHIAZIDE 25 mg;,OLMESARTAN MEDOXOMIL[OLMESARTAN];AMLODIPINE BESYLATE[AMLODIPINE];HYDROCHLOROTHIAZIDE[HYDROCHLOROTHIAZIDE];,"STARCH, CORN;MICROCRYSTALLINE CELLULOSE;CROSCARMELLOSE SODIUM;MAGNESIUM STEARATE;SILICON DIOXIDE;",HRX,SBD,amlodipine 10 MG / hydrochlorothiazide 25 MG / olmesartan medoxomil 40 MG Oral Tablet [Tribenzor],999995,2020-02-10 15:19:18,65597-118,0,,655970118,65597,118,Tribenzor,active,20200527,8df546db-7fe9-461f-b95e-ba0bef741a58.xml,,C42931,34391-3,,,LABELER,Daiichi Sankyo Inc.,C73594,NLM,TRUE,,23,,,TRUE,FALSE,FALSE,TRUE,TRUE
65597-0701-18_PART_1_OF_1_CHAL10_SB_AD1DD6FE.jpg,65597-0701-18,701,TRUE,FALSE,FALSE,fcn_mix_weight/dr_224/65597-0701-18_PART_1_OF_1_CHAL10_SB_AD1DD6FE.jpg,65597-0701-18_AD1DD6FE,13920,TRUE,10/17/2017 05:30:21 PM,2020-02-10 17:03:41,4a06d3b2-7229-4398-baba-5d0a72f63821-65597-701-0,4a06d3b2-7229-4398-baba-5d0a72f63821,19,,C48345,OVAL,,1,,Sankyo;C01,,C48325,WHITE,,COLESEVELAM HYDROCHLORIDE 625 mg;,COLESEVELAM HYDROCHLORIDE[COLESEVELAM];,"MAGNESIUM STEARATE;MICROCRYSTALLINE CELLULOSE;SILICON DIOXIDE;HYPROMELLOSE, UNSPECIFIED;",HRX,SBD,colesevelam hydrochloride 625 MG Oral Tablet [Welchol],866912,2020-02-10 15:26:39,65597-701,0,,655970701,65597,701,Welchol,active,20200812,266a7143-c10d-40ee-b217-e565db2295b7.xml,,C42931,34391-3,,,LABELER,Daiichi Sankyo Inc.,C73594,NLM,TRUE,,33,,,TRUE,FALSE,FALSE,TRUE,TRUE
65597-0701-18_PART_1_OF_1_CHAL10_SF_AD1DD6FE.jpg,65597-0701-18,701,TRUE,TRUE,FALSE,fcn_mix_weight/dr_224/65597-0701-18_PART_1_OF_1_CHAL10_SF_AD1DD6FE.jpg,65597-0701-18_AD1DD6FE,13920,TRUE,10/17/2017 05:30:21 PM,2020-02-10 17:03:41,4a06d3b2-7229-4398-baba-5d0a72f63821-65597-701-0,4a06d3b2-7229-4398-baba-5d0a72f63821,19,,C48345,OVAL,,1,,Sankyo;C01,,C48325,WHITE,,COLESEVELAM HYDROCHLORIDE 625 mg;,COLESEVELAM HYDROCHLORIDE[COLESEVELAM];,"MAGNESIUM STEARATE;MICROCRYSTALLINE CELLULOSE;SILICON DIOXIDE;HYPROMELLOSE, UNSPECIFIED;",HRX,SBD,colesevelam hydrochloride 625 MG Oral Tablet [Welchol],866912,2020-02-10 15:26:39,65597-701,0,,655970701,65597,701,Welchol,active,20200812,266a7143-c10d-40ee-b217-e565db2295b7.xml,,C42931,34391-3,,,LABELER,Daiichi Sankyo Inc.,C73594,NLM,TRUE,,33,,,TRUE,FALSE,FALSE,TRUE,TRUE
65862-0012-30_PART_1_OF_1_CHAL10_SB_052182EC.jpg,65862-0012-30,12,TRUE,FALSE,FALSE,fcn_mix_weight/dr_224/65862-0012-30_PART_1_OF_1_CHAL10_SB_052182EC.jpg,65862-0012-30_052182EC,39419,TRUE,10/17/2017 05:32:12 PM,2020-02-10 17:11:58,39a85db1-9e59-4ab0-9e18-36757f019faa-65862-012-0,39a85db1-9e59-4ab0-9e18-36757f019faa,10,,C48336,CAPSULE,OVAL,2,,A;1;7,,C48333,BLUE,,SERTRALINE HYDROCHLORIDE 50 mg;,SERTRALINE HYDROCHLORIDE[SERTRALINE];,MICROCRYSTALLINE CELLULOSE;SODIUM STARCH GLYCOLATE TYPE A POTATO;HYDROXYPROPYL CELLULOSE (1600000 WAMW);DIBASIC CALCIUM PHOSPHATE DIHYDRATE;MAGNESIUM STEARATE;HYPROMELLOSE 2910 (6 MPA.S);TITANIUM DIOXIDE;POLYETHYLENE GLYCOL 400;POLYSORBATE 80;FD&C BLUE NO. 2;,HRX,SCD,sertraline 50 MG Oral Tablet,312941,2020-02-10 16:09:42,65862-012,0,,658620012,65862,12,Sertraline Hydrochloride,active,20200511,80aac5d8-bb02-46f5-a8ca-5fc9f934541c.xml,,C42931,34391-3,,,LABELER,Aurobindo Pharma Limited,C73584,NLM,TRUE,,24,,,TRUE,FALSE,FALSE,TRUE,TRUE
65862-0012-30_PART_1_OF_1_CHAL10_SF_052182EC.jpg,65862-0012-30,12,TRUE,TRUE,FALSE,fcn_mix_weight/dr_224/65862-0012-30_PART_1_OF_1_CHAL10_SF_052182EC.jpg,65862-0012-30_052182EC,39419,TRUE,10/17/2017 05:32:12 PM,2020-02-10 17:11:58,39a85db1-9e59-4ab0-9e18-36757f019faa-65862-012-0,39a85db1-9e59-4ab0-9e18-36757f019faa,10,,C48336,CAPSULE,OVAL,2,,A;1;7,,C48333,BLUE,,SERTRALINE HYDROCHLORIDE 50 mg;,SERTRALINE HYDROCHLORIDE[SERTRALINE];,MICROCRYSTALLINE CELLULOSE;SODIUM STARCH GLYCOLATE TYPE A POTATO;HYDROXYPROPYL CELLULOSE (1600000 WAMW);DIBASIC CALCIUM PHOSPHATE DIHYDRATE;MAGNESIUM STEARATE;HYPROMELLOSE 2910 (6 MPA.S);TITANIUM DIOXIDE;POLYETHYLENE GLYCOL 400;POLYSORBATE 80;FD&C BLUE NO. 2;,HRX,SCD,sertraline 50 MG Oral Tablet,312941,2020-02-10 16:09:42,65862-012,0,,658620012,65862,12,Sertraline Hydrochloride,active,20200511,80aac5d8-bb02-46f5-a8ca-5fc9f934541c.xml,,C42931,34391-3,,,LABELER,Aurobindo Pharma Limited,C73584,NLM,TRUE,,24,,,TRUE,FALSE,FALSE,TRUE,TRUE
65862-0044-01_PART_1_OF_1_CHAL10_SB_8C23C65E.jpg,65862-0044-01,44,TRUE,FALSE,FALSE,fcn_mix_weight/dr_224/65862-0044-01_PART_1_OF_1_CHAL10_SB_8C23C65E.jpg,65862-0044-01_8C23C65E,29168,TRUE,10/17/2017 05:31:26 PM,2020-02-10 17:07:33,d7214539-6c3d-466a-a474-6fde096fa182-65862-044-0,d7214539-6c3d-466a-a474-6fde096fa182,8,,C48348,ROUND,,1,,A;28,,C48330,YELLOW,,LISINOPRIL 20 mg;HYDROCHLOROTHIAZIDE 12.5 mg;,LISINOPRIL[LISINOPRIL ANHYDROUS];HYDROCHLOROTHIAZIDE[HYDROCHLOROTHIAZIDE];,"ANHYDROUS DIBASIC CALCIUM PHOSPHATE;MAGNESIUM STEARATE;MANNITOL;STARCH, CORN;FERRIC OXIDE YELLOW;",HRX,SCD,hydrochlorothiazide 12.5 MG / lisinopril 20 MG Oral Tablet,197886,2020-02-10 15:45:06,65862-044,0,,658620044,65862,44,Lisinopril and Hydrochlorothiazide,active,20200408,afc23b4c-a713-4fa6-9312-7d04c99bd0f9.xml,,C42998,34391-3,,,LABELER,Aurobindo Pharma Limited,C73584,NLM,TRUE,,16,,,TRUE,FALSE,FALSE,TRUE,TRUE
65862-0044-01_PART_1_OF_1_CHAL10_SF_8C23C65E.jpg,65862-0044-01,44,TRUE,TRUE,FALSE,fcn_mix_weight/dr_224/65862-0044-01_PART_1_OF_1_CHAL10_SF_8C23C65E.jpg,65862-0044-01_8C23C65E,29168,TRUE,10/17/2017 05:31:26 PM,2020-02-10 17:07:33,d7214539-6c3d-466a-a474-6fde096fa182-65862-044-0,d7214539-6c3d-466a-a474-6fde096fa182,8,,C48348,ROUND,,1,,A;28,,C48330,YELLOW,,LISINOPRIL 20 mg;HYDROCHLOROTHIAZIDE 12.5 mg;,LISINOPRIL[LISINOPRIL ANHYDROUS];HYDROCHLOROTHIAZIDE[HYDROCHLOROTHIAZIDE];,"ANHYDROUS DIBASIC CALCIUM PHOSPHATE;MAGNESIUM STEARATE;MANNITOL;STARCH, CORN;FERRIC OXIDE YELLOW;",HRX,SCD,hydrochlorothiazide 12.5 MG / lisinopril 20 MG Oral Tablet,197886,2020-02-10 15:45:06,65862-044,0,,658620044,65862,44,Lisinopril and Hydrochlorothiazide,active,20200408,afc23b4c-a713-4fa6-9312-7d04c99bd0f9.xml,,C42998,34391-3,,,LABELER,Aurobindo Pharma Limited,C73584,NLM,TRUE,,16,,,TRUE,FALSE,FALSE,TRUE,TRUE
65862-0050-30_PART_1_OF_1_CHAL10_SB_012180AC.jpg,65862-0050-30,50,TRUE,FALSE,FALSE,fcn_mix_weight/dr_224/65862-0050-30_PART_1_OF_1_CHAL10_SB_012180AC.jpg,65862-0050-30_012180AC,3509,TRUE,10/17/2017 05:29:35 PM,2020-02-10 17:13:28,4724dbb4-3613-4e6a-948f-a43d34f97f06-65862-050-0,4724dbb4-3613-4e6a-948f-a43d34f97f06,5,,C48348,ROUND,,1,,A;15,,C48330,YELLOW,,SIMVASTATIN 5 mg;,SIMVASTATIN[SIMVASTATIN];,"ASCORBIC ACID;LACTOSE MONOHYDRATE;MICROCRYSTALLINE CELLULOSE;STARCH, CORN;HYDROXYPROPYL CELLULOSE (1600000 WAMW);HYPROMELLOSE 2910 (6 MPA.S);TITANIUM DIOXIDE;TALC;CITRIC ACID MONOHYDRATE;ISOPROPYL ALCOHOL;MAGNESIUM STEARATE;BUTYLATED HYDROXYANISOLE;FERRIC OXIDE YELLOW;",HRX,SCD,simvastatin 5 MG Oral Tablet,312962,2020-02-10 16:18:00,65862-050,0,,658620050,65862,50,Simvastatin,active,20191115,21bcf9f6-d9ac-42fb-ac64-916ae565de3a.xml,,C42931,34391-3,,,LABELER,Aurobindo Pharma Limited,C73584,NLM,TRUE,,21,,,TRUE,FALSE,FALSE,TRUE,TRUE
65862-0050-30_PART_1_OF_1_CHAL10_SF_012180AC.jpg,65862-0050-30,50,TRUE,TRUE,FALSE,fcn_mix_weight/dr_224/65862-0050-30_PART_1_OF_1_CHAL10_SF_012180AC.jpg,65862-0050-30_012180AC,3509,TRUE,10/17/2017 05:29:35 PM,2020-02-10 17:13:28,4724dbb4-3613-4e6a-948f-a43d34f97f06-65862-050-0,4724dbb4-3613-4e6a-948f-a43d34f97f06,5,,C48348,ROUND,,1,,A;15,,C48330,YELLOW,,SIMVASTATIN 5 mg;,SIMVASTATIN[SIMVASTATIN];,"ASCORBIC ACID;LACTOSE MONOHYDRATE;MICROCRYSTALLINE CELLULOSE;STARCH, CORN;HYDROXYPROPYL CELLULOSE (1600000 WAMW);HYPROMELLOSE 2910 (6 MPA.S);TITANIUM DIOXIDE;TALC;CITRIC ACID MONOHYDRATE;ISOPROPYL ALCOHOL;MAGNESIUM STEARATE;BUTYLATED HYDROXYANISOLE;FERRIC OXIDE YELLOW;",HRX,SCD,simvastatin 5 MG Oral Tablet,312962,2020-02-10 16:18:00,65862-050,0,,658620050,65862,50,Simvastatin,active,20191115,21bcf9f6-d9ac-42fb-ac64-916ae565de3a.xml,,C42931,34391-3,,,LABELER,Aurobindo Pharma Limited,C73584,NLM,TRUE,,21,,,TRUE,FALSE,FALSE,TRUE,TRUE
65862-0052-30_PART_1_OF_1_CHAL10_SB_E522F2D7.jpg,65862-0052-30,52,TRUE,FALSE,FALSE,fcn_mix_weight/dr_224/65862-0052-30_PART_1_OF_1_CHAL10_SB_E522F2D7.jpg,65862-0052-30_E522F2D7,22941,TRUE,10/17/2017 05:30:59 PM,2020-02-10 17:05:34,4724dbb4-3613-4e6a-948f-a43d34f97f06-65862-052-0,4724dbb4-3613-4e6a-948f-a43d34f97f06,8,,C48348,ROUND,,1,,A;02,,C48328,PINK,,SIMVASTATIN 20 mg;,SIMVASTATIN[SIMVASTATIN];,"ASCORBIC ACID;LACTOSE MONOHYDRATE;MICROCRYSTALLINE CELLULOSE;STARCH, CORN;HYDROXYPROPYL CELLULOSE (1600000 WAMW);HYPROMELLOSE 2910 (6 MPA.S);TITANIUM DIOXIDE;TALC;CITRIC ACID MONOHYDRATE;ISOPROPYL ALCOHOL;MAGNESIUM STEARATE;BUTYLATED HYDROXYANISOLE;FERRIC OXIDE RED;FERRIC OXIDE YELLOW;",HRX,SCD,simvastatin 20 MG Oral Tablet,312961,2020-02-10 15:35:02,65862-052,0,,658620052,65862,52,Simvastatin,active,20191115,21bcf9f6-d9ac-42fb-ac64-916ae565de3a.xml,,C42931,34391-3,,,LABELER,Aurobindo Pharma Limited,C73584,NLM,TRUE,,21,,,TRUE,FALSE,FALSE,TRUE,TRUE
65862-0052-30_PART_1_OF_1_CHAL10_SF_E522F2D7.jpg,65862-0052-30,52,TRUE,TRUE,FALSE,fcn_mix_weight/dr_224/65862-0052-30_PART_1_OF_1_CHAL10_SF_E522F2D7.jpg,65862-0052-30_E522F2D7,22941,TRUE,10/17/2017 05:30:59 PM,2020-02-10 17:05:34,4724dbb4-3613-4e6a-948f-a43d34f97f06-65862-052-0,4724dbb4-3613-4e6a-948f-a43d34f97f06,8,,C48348,ROUND,,1,,A;02,,C48328,PINK,,SIMVASTATIN 20 mg;,SIMVASTATIN[SIMVASTATIN];,"ASCORBIC ACID;LACTOSE MONOHYDRATE;MICROCRYSTALLINE CELLULOSE;STARCH, CORN;HYDROXYPROPYL CELLULOSE (1600000 WAMW);HYPROMELLOSE 2910 (6 MPA.S);TITANIUM DIOXIDE;TALC;CITRIC ACID MONOHYDRATE;ISOPROPYL ALCOHOL;MAGNESIUM STEARATE;BUTYLATED HYDROXYANISOLE;FERRIC OXIDE RED;FERRIC OXIDE YELLOW;",HRX,SCD,simvastatin 20 MG Oral Tablet,312961,2020-02-10 15:35:02,65862-052,0,,658620052,65862,52,Simvastatin,active,20191115,21bcf9f6-d9ac-42fb-ac64-916ae565de3a.xml,,C42931,34391-3,,,LABELER,Aurobindo Pharma Limited,C73584,NLM,TRUE,,21,,,TRUE,FALSE,FALSE,TRUE,TRUE
65862-0053-30_PART_1_OF_1_CHAL10_SB_C621630B.jpg,65862-0053-30,53,TRUE,FALSE,FALSE,fcn_mix_weight/dr_224/65862-0053-30_PART_1_OF_1_CHAL10_SB_C621630B.jpg,65862-0053-30_C621630B,12778,TRUE,10/17/2017 05:30:16 PM,2020-02-10 17:10:02,4724dbb4-3613-4e6a-948f-a43d34f97f06-65862-053-0,4724dbb4-3613-4e6a-948f-a43d34f97f06,10,,C48348,ROUND,,1,,A;03,,C48328,PINK,,SIMVASTATIN 40 mg;,SIMVASTATIN[SIMVASTATIN];,"ASCORBIC ACID;LACTOSE MONOHYDRATE;MICROCRYSTALLINE CELLULOSE;STARCH, CORN;HYDROXYPROPYL CELLULOSE (1600000 WAMW);HYPROMELLOSE 2910 (6 MPA.S);TITANIUM DIOXIDE;TALC;CITRIC ACID MONOHYDRATE;ISOPROPYL ALCOHOL;MAGNESIUM STEARATE;BUTYLATED HYDROXYANISOLE;FERRIC OXIDE RED;",HRX,SCD,simvastatin 40 MG Oral Tablet,198211,2020-02-10 15:58:59,65862-053,0,,658620053,65862,53,Simvastatin,active,20191115,21bcf9f6-d9ac-42fb-ac64-916ae565de3a.xml,,C42931,34391-3,,,LABELER,Aurobindo Pharma Limited,C73584,NLM,TRUE,,21,,,TRUE,FALSE,FALSE,TRUE,TRUE
65862-0053-30_PART_1_OF_1_CHAL10_SF_C621630B.jpg,65862-0053-30,53,TRUE,TRUE,FALSE,fcn_mix_weight/dr_224/65862-0053-30_PART_1_OF_1_CHAL10_SF_C621630B.jpg,65862-0053-30_C621630B,12778,TRUE,10/17/2017 05:30:16 PM,2020-02-10 17:10:02,4724dbb4-3613-4e6a-948f-a43d34f97f06-65862-053-0,4724dbb4-3613-4e6a-948f-a43d34f97f06,10,,C48348,ROUND,,1,,A;03,,C48328,PINK,,SIMVASTATIN 40 mg;,SIMVASTATIN[SIMVASTATIN];,"ASCORBIC ACID;LACTOSE MONOHYDRATE;MICROCRYSTALLINE CELLULOSE;STARCH, CORN;HYDROXYPROPYL CELLULOSE (1600000 WAMW);HYPROMELLOSE 2910 (6 MPA.S);TITANIUM DIOXIDE;TALC;CITRIC ACID MONOHYDRATE;ISOPROPYL ALCOHOL;MAGNESIUM STEARATE;BUTYLATED HYDROXYANISOLE;FERRIC OXIDE RED;",HRX,SCD,simvastatin 40 MG Oral Tablet,198211,2020-02-10 15:58:59,65862-053,0,,658620053,65862,53,Simvastatin,active,20191115,21bcf9f6-d9ac-42fb-ac64-916ae565de3a.xml,,C42931,34391-3,,,LABELER,Aurobindo Pharma Limited,C73584,NLM,TRUE,,21,,,TRUE,FALSE,FALSE,TRUE,TRUE
65862-0054-30_PART_1_OF_1_CHAL10_SB_C12160FB.jpg,65862-0054-30,54,TRUE,FALSE,FALSE,fcn_mix_weight/dr_224/65862-0054-30_PART_1_OF_1_CHAL10_SB_C12160FB.jpg,65862-0054-30_C12160FB,20744,TRUE,10/17/2017 05:30:50 PM,2020-02-10 17:12:18,4724dbb4-3613-4e6a-948f-a43d34f97f06-65862-054-0,4724dbb4-3613-4e6a-948f-a43d34f97f06,19,,C48336,CAPSULE,OVAL,1,,A;04,,C48328,PINK,,SIMVASTATIN 80 mg;,SIMVASTATIN[SIMVASTATIN];,"ASCORBIC ACID;LACTOSE MONOHYDRATE;MICROCRYSTALLINE CELLULOSE;STARCH, CORN;HYDROXYPROPYL CELLULOSE (1600000 WAMW);HYPROMELLOSE 2910 (6 MPA.S);TITANIUM DIOXIDE;TALC;CITRIC ACID MONOHYDRATE;ISOPROPYL ALCOHOL;MAGNESIUM STEARATE;BUTYLATED HYDROXYANISOLE;FERRIC OXIDE RED;",HRX,SCD,simvastatin 80 MG Oral Tablet,200345,2020-02-10 16:11:33,65862-054,0,,658620054,65862,54,Simvastatin,active,20191115,21bcf9f6-d9ac-42fb-ac64-916ae565de3a.xml,,C42931,34391-3,,,LABELER,Aurobindo Pharma Limited,C73584,NLM,TRUE,,21,,,TRUE,FALSE,FALSE,TRUE,TRUE
65862-0054-30_PART_1_OF_1_CHAL10_SF_C12160FB.jpg,65862-0054-30,54,TRUE,TRUE,FALSE,fcn_mix_weight/dr_224/65862-0054-30_PART_1_OF_1_CHAL10_SF_C12160FB.jpg,65862-0054-30_C12160FB,20744,TRUE,10/17/2017 05:30:50 PM,2020-02-10 17:12:18,4724dbb4-3613-4e6a-948f-a43d34f97f06-65862-054-0,4724dbb4-3613-4e6a-948f-a43d34f97f06,19,,C48336,CAPSULE,OVAL,1,,A;04,,C48328,PINK,,SIMVASTATIN 80 mg;,SIMVASTATIN[SIMVASTATIN];,"ASCORBIC ACID;LACTOSE MONOHYDRATE;MICROCRYSTALLINE CELLULOSE;STARCH, CORN;HYDROXYPROPYL CELLULOSE (1600000 WAMW);HYPROMELLOSE 2910 (6 MPA.S);TITANIUM DIOXIDE;TALC;CITRIC ACID MONOHYDRATE;ISOPROPYL ALCOHOL;MAGNESIUM STEARATE;BUTYLATED HYDROXYANISOLE;FERRIC OXIDE RED;",HRX,SCD,simvastatin 80 MG Oral Tablet,200345,2020-02-10 16:11:33,65862-054,0,,658620054,65862,54,Simvastatin,active,20191115,21bcf9f6-d9ac-42fb-ac64-916ae565de3a.xml,,C42931,34391-3,,,LABELER,Aurobindo Pharma Limited,C73584,NLM,TRUE,,21,,,TRUE,FALSE,FALSE,TRUE,TRUE
65862-0064-01_PART_1_OF_1_CHAL10_SB_252392CC.jpg,65862-0064-01,64,TRUE,FALSE,FALSE,fcn_mix_weight/dr_224/65862-0064-01_PART_1_OF_1_CHAL10_SB_252392CC.jpg,65862-0064-01_252392CC,11946,TRUE,10/17/2017 05:30:12 PM,2020-02-10 17:15:13,2b705cb6-cb75-4c2a-907a-4bd45d18bc2c-65862-064-0,2b705cb6-cb75-4c2a-907a-4bd45d18bc2c,11,,C48348,ROUND,,2,,C;75,,C48333,BLUE,,METOPROLOL TARTRATE 100 mg;,METOPROLOL TARTRATE[METOPROLOL];,"MICROCRYSTALLINE CELLULOSE;STARCH, CORN;SODIUM STARCH GLYCOLATE TYPE A POTATO;SILICON DIOXIDE;SODIUM LAURYL SULFATE;TALC;MAGNESIUM STEARATE;HYPROMELLOSE 2910 (6 MPA.S);TITANIUM DIOXIDE;POLYETHYLENE GLYCOL 400;POLYSORBATE 80;FD&C BLUE NO. 2;",HRX,SCD,metoprolol tartrate 100 MG Oral Tablet,866511,2020-02-10 16:27:28,65862-064,0,,658620064,65862,64,Metoprolol Tartrate,active,20200122,a0fcc5dd-decf-4644-a871-3fe056371f72.xml,,C42931,34391-3,,,LABELER,Aurobindo Pharma Limited,C73584,NLM,TRUE,,15,,,TRUE,FALSE,FALSE,TRUE,TRUE
65862-0064-01_PART_1_OF_1_CHAL10_SF_252392CC.jpg,65862-0064-01,64,TRUE,TRUE,FALSE,fcn_mix_weight/dr_224/65862-0064-01_PART_1_OF_1_CHAL10_SF_252392CC.jpg,65862-0064-01_252392CC,11946,TRUE,10/17/2017 05:30:12 PM,2020-02-10 17:15:13,2b705cb6-cb75-4c2a-907a-4bd45d18bc2c-65862-064-0,2b705cb6-cb75-4c2a-907a-4bd45d18bc2c,11,,C48348,ROUND,,2,,C;75,,C48333,BLUE,,METOPROLOL TARTRATE 100 mg;,METOPROLOL TARTRATE[METOPROLOL];,"MICROCRYSTALLINE CELLULOSE;STARCH, CORN;SODIUM STARCH GLYCOLATE TYPE A POTATO;SILICON DIOXIDE;SODIUM LAURYL SULFATE;TALC;MAGNESIUM STEARATE;HYPROMELLOSE 2910 (6 MPA.S);TITANIUM DIOXIDE;POLYETHYLENE GLYCOL 400;POLYSORBATE 80;FD&C BLUE NO. 2;",HRX,SCD,metoprolol tartrate 100 MG Oral Tablet,866511,2020-02-10 16:27:28,65862-064,0,,658620064,65862,64,Metoprolol Tartrate,active,20200122,a0fcc5dd-decf-4644-a871-3fe056371f72.xml,,C42931,34391-3,,,LABELER,Aurobindo Pharma Limited,C73584,NLM,TRUE,,15,,,TRUE,FALSE,FALSE,TRUE,TRUE
65862-0142-01_PART_1_OF_1_CHAL10_SB_A621537A.jpg,65862-0142-01,142,TRUE,FALSE,FALSE,fcn_mix_weight/dr_224/65862-0142-01_PART_1_OF_1_CHAL10_SB_A621537A.jpg,65862-0142-01_A621537A,35072,TRUE,10/17/2017 05:31:53 PM,2020-02-10 17:03:17,7cc14b86-0833-4c3c-91f3-7963d7052fd5-65862-142-0,7cc14b86-0833-4c3c-91f3-7963d7052fd5,6,,C48345,OVAL,,1,,E;01,,C48325,WHITE,,CARVEDILOL 3.125 mg;,CARVEDILOL[CARVEDILOL];,LACTOSE MONOHYDRATE;SILICON DIOXIDE;CROSPOVIDONE;POVIDONE K30;SUCROSE;MAGNESIUM STEARATE;POLYETHYLENE GLYCOL 400;POLYSORBATE 80;TITANIUM DIOXIDE;HYPROMELLOSE 2910 (5 MPA.S);,HRX,SCD,carvedilol 3.125 MG Oral Tablet,686924,2020-02-10 15:24:41,65862-142,0,,658620142,65862,142,Carvedilol,active,20190906,79278a9a-b296-4943-986a-7b5f65148fba.xml,,C42931,34391-3,,,LABELER,Aurobindo Pharma Limited,C73584,NLM,TRUE,,18,,,TRUE,FALSE,FALSE,TRUE,TRUE
65862-0142-01_PART_1_OF_1_CHAL10_SF_A621537A.jpg,65862-0142-01,142,TRUE,TRUE,FALSE,fcn_mix_weight/dr_224/65862-0142-01_PART_1_OF_1_CHAL10_SF_A621537A.jpg,65862-0142-01_A621537A,35072,TRUE,10/17/2017 05:31:53 PM,2020-02-10 17:03:17,7cc14b86-0833-4c3c-91f3-7963d7052fd5-65862-142-0,7cc14b86-0833-4c3c-91f3-7963d7052fd5,6,,C48345,OVAL,,1,,E;01,,C48325,WHITE,,CARVEDILOL 3.125 mg;,CARVEDILOL[CARVEDILOL];,LACTOSE MONOHYDRATE;SILICON DIOXIDE;CROSPOVIDONE;POVIDONE K30;SUCROSE;MAGNESIUM STEARATE;POLYETHYLENE GLYCOL 400;POLYSORBATE 80;TITANIUM DIOXIDE;HYPROMELLOSE 2910 (5 MPA.S);,HRX,SCD,carvedilol 3.125 MG Oral Tablet,686924,2020-02-10 15:24:41,65862-142,0,,658620142,65862,142,Carvedilol,active,20190906,79278a9a-b296-4943-986a-7b5f65148fba.xml,,C42931,34391-3,,,LABELER,Aurobindo Pharma Limited,C73584,NLM,TRUE,,18,,,TRUE,FALSE,FALSE,TRUE,TRUE
65862-0144-01_PART_1_OF_1_CHAL10_SB_5E212F49.jpg,65862-0144-01,144,TRUE,FALSE,FALSE,fcn_mix_weight/dr_224/65862-0144-01_PART_1_OF_1_CHAL10_SB_5E212F49.jpg,65862-0144-01_5E212F49,25913,TRUE,10/17/2017 05:31:12 PM,2020-02-10 17:03:17,7cc14b86-0833-4c3c-91f3-7963d7052fd5-65862-144-0,7cc14b86-0833-4c3c-91f3-7963d7052fd5,11,,C48345,OVAL,,1,,E;03,,C48325,WHITE,,CARVEDILOL 12.5 mg;,CARVEDILOL[CARVEDILOL];,LACTOSE MONOHYDRATE;SILICON DIOXIDE;CROSPOVIDONE;POVIDONE K30;SUCROSE;MAGNESIUM STEARATE;POLYETHYLENE GLYCOL 400;POLYSORBATE 80;TITANIUM DIOXIDE;HYPROMELLOSE 2910 (5 MPA.S);,HRX,SCD,carvedilol 12.5 MG Oral Tablet,200032,2020-02-10 15:24:41,65862-144,0,,658620144,65862,144,Carvedilol,active,20190906,79278a9a-b296-4943-986a-7b5f65148fba.xml,,C42931,34391-3,,,LABELER,Aurobindo Pharma Limited,C73584,NLM,TRUE,,18,,,TRUE,FALSE,FALSE,TRUE,TRUE
65862-0144-01_PART_1_OF_1_CHAL10_SF_5E212F49.jpg,65862-0144-01,144,TRUE,TRUE,FALSE,fcn_mix_weight/dr_224/65862-0144-01_PART_1_OF_1_CHAL10_SF_5E212F49.jpg,65862-0144-01_5E212F49,25913,TRUE,10/17/2017 05:31:12 PM,2020-02-10 17:03:17,7cc14b86-0833-4c3c-91f3-7963d7052fd5-65862-144-0,7cc14b86-0833-4c3c-91f3-7963d7052fd5,11,,C48345,OVAL,,1,,E;03,,C48325,WHITE,,CARVEDILOL 12.5 mg;,CARVEDILOL[CARVEDILOL];,LACTOSE MONOHYDRATE;SILICON DIOXIDE;CROSPOVIDONE;POVIDONE K30;SUCROSE;MAGNESIUM STEARATE;POLYETHYLENE GLYCOL 400;POLYSORBATE 80;TITANIUM DIOXIDE;HYPROMELLOSE 2910 (5 MPA.S);,HRX,SCD,carvedilol 12.5 MG Oral Tablet,200032,2020-02-10 15:24:41,65862-144,0,,658620144,65862,144,Carvedilol,active,20190906,79278a9a-b296-4943-986a-7b5f65148fba.xml,,C42931,34391-3,,,LABELER,Aurobindo Pharma Limited,C73584,NLM,TRUE,,18,,,TRUE,FALSE,FALSE,TRUE,TRUE
65862-0155-30_PART_1_OF_1_CHAL10_SB_FF23FFEF.jpg,65862-0155-30,155,TRUE,FALSE,FALSE,fcn_mix_weight/dr_224/65862-0155-30_PART_1_OF_1_CHAL10_SB_FF23FFEF.jpg,65862-0155-30_FF23FFEF,23732,TRUE,10/17/2017 05:31:03 PM,2020-02-10 16:59:33,326e8ab0-6886-4749-9544-885b37070051-65862-155-0,326e8ab0-6886-4749-9544-885b37070051,10,,C48336,CAPSULE,OVAL,2,,56;C,,C48328,PINK,,PAROXETINE HYDROCHLORIDE HEMIHYDRATE 20 mg;,PAROXETINE HYDROCHLORIDE HEMIHYDRATE[PAROXETINE];,DIBASIC CALCIUM PHOSPHATE DIHYDRATE;LACTOSE MONOHYDRATE;SODIUM STARCH GLYCOLATE TYPE A POTATO;ANHYDROUS DIBASIC CALCIUM PHOSPHATE;MAGNESIUM STEARATE;TITANIUM DIOXIDE;POLYSORBATE 80;HYPROMELLOSE 2910 (3 MPA.S);HYPROMELLOSE 2910 (6 MPA.S);POLYETHYLENE GLYCOL 400;D&C RED NO. 30;,HRX,SCD,paroxetine hydrochloride 20 MG Oral Tablet,1738495,2020-02-10 15:08:01,65862-155,0,,658620155,65862,155,Paroxetine,active,20190916,6f8ba9ce-9927-4127-ac80-c2256ca8c5da.xml,,C42931,34391-3,,,LABELER,Aurobindo Pharma Limited,C73584,NLM,TRUE,,18,,,TRUE,FALSE,FALSE,TRUE,TRUE
65862-0155-30_PART_1_OF_1_CHAL10_SF_FF23FFEF.jpg,65862-0155-30,155,TRUE,TRUE,FALSE,fcn_mix_weight/dr_224/65862-0155-30_PART_1_OF_1_CHAL10_SF_FF23FFEF.jpg,65862-0155-30_FF23FFEF,23732,TRUE,10/17/2017 05:31:03 PM,2020-02-10 16:59:33,326e8ab0-6886-4749-9544-885b37070051-65862-155-0,326e8ab0-6886-4749-9544-885b37070051,10,,C48336,CAPSULE,OVAL,2,,56;C,,C48328,PINK,,PAROXETINE HYDROCHLORIDE HEMIHYDRATE 20 mg;,PAROXETINE HYDROCHLORIDE HEMIHYDRATE[PAROXETINE];,DIBASIC CALCIUM PHOSPHATE DIHYDRATE;LACTOSE MONOHYDRATE;SODIUM STARCH GLYCOLATE TYPE A POTATO;ANHYDROUS DIBASIC CALCIUM PHOSPHATE;MAGNESIUM STEARATE;TITANIUM DIOXIDE;POLYSORBATE 80;HYPROMELLOSE 2910 (3 MPA.S);HYPROMELLOSE 2910 (6 MPA.S);POLYETHYLENE GLYCOL 400;D&C RED NO. 30;,HRX,SCD,paroxetine hydrochloride 20 MG Oral Tablet,1738495,2020-02-10 15:08:01,65862-155,0,,658620155,65862,155,Paroxetine,active,20190916,6f8ba9ce-9927-4127-ac80-c2256ca8c5da.xml,,C42931,34391-3,,,LABELER,Aurobindo Pharma Limited,C73584,NLM,TRUE,,18,,,TRUE,FALSE,FALSE,TRUE,TRUE
65862-0156-30_PART_1_OF_1_CHAL10_SB_1E238F6C.jpg,65862-0156-30,156,TRUE,FALSE,FALSE,fcn_mix_weight/dr_224/65862-0156-30_PART_1_OF_1_CHAL10_SB_1E238F6C.jpg,65862-0156-30_1E238F6C,31505,TRUE,10/17/2017 05:31:36 PM,2020-02-10 17:03:20,326e8ab0-6886-4749-9544-885b37070051-65862-156-0,326e8ab0-6886-4749-9544-885b37070051,11,,C48336,CAPSULE,OVAL,1,,F;12,,C48333,BLUE,,PAROXETINE HYDROCHLORIDE HEMIHYDRATE 30 mg;,PAROXETINE HYDROCHLORIDE HEMIHYDRATE[PAROXETINE];,DIBASIC CALCIUM PHOSPHATE DIHYDRATE;LACTOSE MONOHYDRATE;SODIUM STARCH GLYCOLATE TYPE A POTATO;ANHYDROUS DIBASIC CALCIUM PHOSPHATE;MAGNESIUM STEARATE;TITANIUM DIOXIDE;POLYSORBATE 80;HYPROMELLOSE 2910 (5 MPA.S);POLYETHYLENE GLYCOL 400;FD&C BLUE NO. 2;,HRX,SCD,paroxetine hydrochloride 30 MG Oral Tablet,1738503,2020-02-10 15:24:56,65862-156,0,,658620156,65862,156,Paroxetine,active,20190916,6f8ba9ce-9927-4127-ac80-c2256ca8c5da.xml,,C42931,34391-3,,,LABELER,Aurobindo Pharma Limited,C73584,NLM,TRUE,,18,,,TRUE,FALSE,FALSE,TRUE,TRUE
65862-0156-30_PART_1_OF_1_CHAL10_SF_1E238F6C.jpg,65862-0156-30,156,TRUE,TRUE,FALSE,fcn_mix_weight/dr_224/65862-0156-30_PART_1_OF_1_CHAL10_SF_1E238F6C.jpg,65862-0156-30_1E238F6C,31505,TRUE,10/17/2017 05:31:36 PM,2020-02-10 17:03:20,326e8ab0-6886-4749-9544-885b37070051-65862-156-0,326e8ab0-6886-4749-9544-885b37070051,11,,C48336,CAPSULE,OVAL,1,,F;12,,C48333,BLUE,,PAROXETINE HYDROCHLORIDE HEMIHYDRATE 30 mg;,PAROXETINE HYDROCHLORIDE HEMIHYDRATE[PAROXETINE];,DIBASIC CALCIUM PHOSPHATE DIHYDRATE;LACTOSE MONOHYDRATE;SODIUM STARCH GLYCOLATE TYPE A POTATO;ANHYDROUS DIBASIC CALCIUM PHOSPHATE;MAGNESIUM STEARATE;TITANIUM DIOXIDE;POLYSORBATE 80;HYPROMELLOSE 2910 (5 MPA.S);POLYETHYLENE GLYCOL 400;FD&C BLUE NO. 2;,HRX,SCD,paroxetine hydrochloride 30 MG Oral Tablet,1738503,2020-02-10 15:24:56,65862-156,0,,658620156,65862,156,Paroxetine,active,20190916,6f8ba9ce-9927-4127-ac80-c2256ca8c5da.xml,,C42931,34391-3,,,LABELER,Aurobindo Pharma Limited,C73584,NLM,TRUE,,18,,,TRUE,FALSE,FALSE,TRUE,TRUE
65862-0537-50_PART_1_OF_1_CHAL10_SB_3A1B9D5C.jpg,65862-0537-50,537,TRUE,FALSE,FALSE,fcn_mix_weight/dr_224/65862-0537-50_PART_1_OF_1_CHAL10_SB_3A1B9D5C.jpg,65862-0537-50_3A1B9D5C,7603,TRUE,10/17/2017 05:29:54 PM,2020-02-10 17:12:49,529ac72c-c4a0-4001-8cf9-b94f5bf7265c-65862-537-0,529ac72c-c4a0-4001-8cf9-b94f5bf7265c,19,,C48336,CAPSULE,OVAL,1,,12;T,,C48331,ORANGE,,LEVOFLOXACIN 500 mg;,LEVOFLOXACIN[LEVOFLOXACIN ANHYDROUS];,CROSCARMELLOSE SODIUM;HYPROMELLOSE 2910 (5 MPA.S);HYPROMELLOSE 2910 (6 MPA.S);MAGNESIUM STEARATE;MICROCRYSTALLINE CELLULOSE;POLYETHYLENE GLYCOL 400;POLYSORBATE 80;TITANIUM DIOXIDE;FERRIC OXIDE RED;FERRIC OXIDE YELLOW;,HRX,SCD,levofloxacin 500 MG Oral Tablet,199885,2020-02-10 16:14:44,65862-537,0,,658620537,65862,537,Levofloxacin,active,20200706,27593c1a-6420-4b64-ae35-50a1487f7f46.xml,,C42931,34391-3,,,LABELER,Aurobindo Pharma Limited,C73584,NLM,TRUE,,21,,,TRUE,FALSE,FALSE,TRUE,TRUE
65862-0537-50_PART_1_OF_1_CHAL10_SF_3A1B9D5C.jpg,65862-0537-50,537,TRUE,TRUE,FALSE,fcn_mix_weight/dr_224/65862-0537-50_PART_1_OF_1_CHAL10_SF_3A1B9D5C.jpg,65862-0537-50_3A1B9D5C,7603,TRUE,10/17/2017 05:29:54 PM,2020-02-10 17:12:49,529ac72c-c4a0-4001-8cf9-b94f5bf7265c-65862-537-0,529ac72c-c4a0-4001-8cf9-b94f5bf7265c,19,,C48336,CAPSULE,OVAL,1,,12;T,,C48331,ORANGE,,LEVOFLOXACIN 500 mg;,LEVOFLOXACIN[LEVOFLOXACIN ANHYDROUS];,CROSCARMELLOSE SODIUM;HYPROMELLOSE 2910 (5 MPA.S);HYPROMELLOSE 2910 (6 MPA.S);MAGNESIUM STEARATE;MICROCRYSTALLINE CELLULOSE;POLYETHYLENE GLYCOL 400;POLYSORBATE 80;TITANIUM DIOXIDE;FERRIC OXIDE RED;FERRIC OXIDE YELLOW;,HRX,SCD,levofloxacin 500 MG Oral Tablet,199885,2020-02-10 16:14:44,65862-537,0,,658620537,65862,537,Levofloxacin,active,20200706,27593c1a-6420-4b64-ae35-50a1487f7f46.xml,,C42931,34391-3,,,LABELER,Aurobindo Pharma Limited,C73584,NLM,TRUE,,21,,,TRUE,FALSE,FALSE,TRUE,TRUE
66213-0421-10_PART_1_OF_1_CHAL10_SB_0815840C.jpg,66213-0421-10,421,TRUE,FALSE,FALSE,fcn_mix_weight/dr_224/66213-0421-10_PART_1_OF_1_CHAL10_SB_0815840C.jpg,66213-0421-10_0815840C,3176,TRUE,10/17/2017 05:29:34 PM,2020-02-10 16:59:40,2064014b-6f8e-4232-88c2-d1870042abc7-66213-421-0,2064014b-6f8e-4232-88c2-d1870042abc7,10,,C48348,ROUND,,1,,421,P,C48329,GREEN,,Phenobarbital 48.6 mg;HYOSCYAMINE SULFATE 0.3111 mg;ATROPINE SULFATE 0.0582 mg;SCOPOLAMINE HYDROBROMIDE 0.0195 mg;,Phenobarbital[Phenobarbital];HYOSCYAMINE SULFATE[HYOSCYAMINE];ATROPINE SULFATE[ATROPINE];SCOPOLAMINE HYDROBROMIDE[SCOPOLAMINE];,"ANHYDROUS LACTOSE;CALCIUM SULFATE, UNSPECIFIED;SILICON DIOXIDE;CALCIUM PHOSPHATE, DIBASIC, ANHYDROUS;LACTOSE MONOHYDRATE;MAGNESIUM STEARATE;STEARIC ACID;D&C YELLOW NO. 10;FD&C BLUE NO. 1;HYPROMELLOSE 2208 (4000 MPA.S);POLYDEXTROSE;POLYETHYLENE GLYCOL 2000;TITANIUM DIOXIDE;TRIACETIN;",HRX,SBD,atropine sulfate 0.0582 MG / hyoscyamine sulfate 0.311 MG / phenobarbital 48.6 MG / scopolamine hydrobromide 0.0195 MG Extended Release Oral Tablet [Donnatal],1046999,2020-02-10 15:08:23,66213-421,0,,662130421,66213,421,Donnatal Extentabs,active,20111017,03a3609f-520f-4e7b-8d7b-1652881723c0.xml,,C42930,34391-3,,,LABELER,"PBM Pharmaceuticals, Inc",C73627,NLM,TRUE,,1,,,TRUE,FALSE,FALSE,TRUE,TRUE
66213-0421-10_PART_1_OF_1_CHAL10_SF_0815840C.jpg,66213-0421-10,421,TRUE,TRUE,FALSE,fcn_mix_weight/dr_224/66213-0421-10_PART_1_OF_1_CHAL10_SF_0815840C.jpg,66213-0421-10_0815840C,3176,TRUE,10/17/2017 05:29:34 PM,2020-02-10 16:59:40,2064014b-6f8e-4232-88c2-d1870042abc7-66213-421-0,2064014b-6f8e-4232-88c2-d1870042abc7,10,,C48348,ROUND,,1,,421,P,C48329,GREEN,,Phenobarbital 48.6 mg;HYOSCYAMINE SULFATE 0.3111 mg;ATROPINE SULFATE 0.0582 mg;SCOPOLAMINE HYDROBROMIDE 0.0195 mg;,Phenobarbital[Phenobarbital];HYOSCYAMINE SULFATE[HYOSCYAMINE];ATROPINE SULFATE[ATROPINE];SCOPOLAMINE HYDROBROMIDE[SCOPOLAMINE];,"ANHYDROUS LACTOSE;CALCIUM SULFATE, UNSPECIFIED;SILICON DIOXIDE;CALCIUM PHOSPHATE, DIBASIC, ANHYDROUS;LACTOSE MONOHYDRATE;MAGNESIUM STEARATE;STEARIC ACID;D&C YELLOW NO. 10;FD&C BLUE NO. 1;HYPROMELLOSE 2208 (4000 MPA.S);POLYDEXTROSE;POLYETHYLENE GLYCOL 2000;TITANIUM DIOXIDE;TRIACETIN;",HRX,SBD,atropine sulfate 0.0582 MG / hyoscyamine sulfate 0.311 MG / phenobarbital 48.6 MG / scopolamine hydrobromide 0.0195 MG Extended Release Oral Tablet [Donnatal],1046999,2020-02-10 15:08:23,66213-421,0,,662130421,66213,421,Donnatal Extentabs,active,20111017,03a3609f-520f-4e7b-8d7b-1652881723c0.xml,,C42930,34391-3,,,LABELER,"PBM Pharmaceuticals, Inc",C73627,NLM,TRUE,,1,,,TRUE,FALSE,FALSE,TRUE,TRUE
66582-0312-31_PART_1_OF_1_CHAL10_SB_B21DD90E.jpg,66582-0312-31,312,TRUE,FALSE,FALSE,fcn_mix_weight/dr_224/66582-0312-31_PART_1_OF_1_CHAL10_SB_B21DD90E.jpg,66582-0312-31_B21DD90E,17285,TRUE,10/17/2017 05:30:35 PM,2020-02-10 17:13:57,2f58df9c-59fb-4d13-65be-4aff52f223e2-66582-312-0,2f58df9c-59fb-4d13-65be-4aff52f223e2,11,,C48345,OVAL,,1,,312,,C48325,WHITE,,ezetimibe 10 mg;simvastatin 20 mg;,ezetimibe[ezetimibe];simvastatin[simvastatin];,"butylated hydroxyanisole;citric acid monohydrate;croscarmellose sodium;HYPROMELLOSE, UNSPECIFIED;lactose monohydrate;magnesium stearate;propyl gallate;MICROCRYSTALLINE CELLULOSE;",HRX,SBD,ezetimibe 10 MG / simvastatin 20 MG Oral Tablet [Vytorin],1245430,2020-02-10 16:20:49,66582-312,0,,665820312,66582,312,VYTORIN,active,20200505,a0278285-0041-4d5d-a19e-21d3d9272399.xml,,C42998,34391-3,,,LABELER,Merck Sharp & Dohme Corp.,C73594,NLM,TRUE,,56,,,TRUE,FALSE,FALSE,TRUE,TRUE
66582-0312-31_PART_1_OF_1_CHAL10_SF_B21DD90E.jpg,66582-0312-31,312,TRUE,TRUE,FALSE,fcn_mix_weight/dr_224/66582-0312-31_PART_1_OF_1_CHAL10_SF_B21DD90E.jpg,66582-0312-31_B21DD90E,17285,TRUE,10/17/2017 05:30:35 PM,2020-02-10 17:13:57,2f58df9c-59fb-4d13-65be-4aff52f223e2-66582-312-0,2f58df9c-59fb-4d13-65be-4aff52f223e2,11,,C48345,OVAL,,1,,312,,C48325,WHITE,,ezetimibe 10 mg;simvastatin 20 mg;,ezetimibe[ezetimibe];simvastatin[simvastatin];,"butylated hydroxyanisole;citric acid monohydrate;croscarmellose sodium;HYPROMELLOSE, UNSPECIFIED;lactose monohydrate;magnesium stearate;propyl gallate;MICROCRYSTALLINE CELLULOSE;",HRX,SBD,ezetimibe 10 MG / simvastatin 20 MG Oral Tablet [Vytorin],1245430,2020-02-10 16:20:49,66582-312,0,,665820312,66582,312,VYTORIN,active,20200505,a0278285-0041-4d5d-a19e-21d3d9272399.xml,,C42998,34391-3,,,LABELER,Merck Sharp & Dohme Corp.,C73594,NLM,TRUE,,56,,,TRUE,FALSE,FALSE,TRUE,TRUE
66582-0313-31_PART_1_OF_1_CHAL10_SB_931DC9AE.jpg,66582-0313-31,313,TRUE,FALSE,FALSE,fcn_mix_weight/dr_224/66582-0313-31_PART_1_OF_1_CHAL10_SB_931DC9AE.jpg,66582-0313-31_931DC9AE,17996,TRUE,10/17/2017 05:30:38 PM,2020-02-10 17:09:12,2f58df9c-59fb-4d13-65be-4aff52f223e2-66582-313-0,2f58df9c-59fb-4d13-65be-4aff52f223e2,14,,C48345,OVAL,,1,,313,,C48325,WHITE,,ezetimibe 10 mg;simvastatin 40 mg;,ezetimibe[ezetimibe];simvastatin[simvastatin];,"butylated hydroxyanisole;citric acid monohydrate;croscarmellose sodium;HYPROMELLOSE, UNSPECIFIED;lactose monohydrate;magnesium stearate;propyl gallate;MICROCRYSTALLINE CELLULOSE;",HRX,SBD,ezetimibe 10 MG / simvastatin 40 MG Oral Tablet [Vytorin],1245441,2020-02-10 15:54:13,66582-313,0,,665820313,66582,313,VYTORIN,active,20200505,a0278285-0041-4d5d-a19e-21d3d9272399.xml,,C42998,34391-3,,,LABELER,Merck Sharp & Dohme Corp.,C73594,NLM,TRUE,,56,,,TRUE,FALSE,FALSE,TRUE,TRUE
66582-0313-31_PART_1_OF_1_CHAL10_SF_931DC9AE.jpg,66582-0313-31,313,TRUE,TRUE,FALSE,fcn_mix_weight/dr_224/66582-0313-31_PART_1_OF_1_CHAL10_SF_931DC9AE.jpg,66582-0313-31_931DC9AE,17996,TRUE,10/17/2017 05:30:38 PM,2020-02-10 17:09:12,2f58df9c-59fb-4d13-65be-4aff52f223e2-66582-313-0,2f58df9c-59fb-4d13-65be-4aff52f223e2,14,,C48345,OVAL,,1,,313,,C48325,WHITE,,ezetimibe 10 mg;simvastatin 40 mg;,ezetimibe[ezetimibe];simvastatin[simvastatin];,"butylated hydroxyanisole;citric acid monohydrate;croscarmellose sodium;HYPROMELLOSE, UNSPECIFIED;lactose monohydrate;magnesium stearate;propyl gallate;MICROCRYSTALLINE CELLULOSE;",HRX,SBD,ezetimibe 10 MG / simvastatin 40 MG Oral Tablet [Vytorin],1245441,2020-02-10 15:54:13,66582-313,0,,665820313,66582,313,VYTORIN,active,20200505,a0278285-0041-4d5d-a19e-21d3d9272399.xml,,C42998,34391-3,,,LABELER,Merck Sharp & Dohme Corp.,C73594,NLM,TRUE,,56,,,TRUE,FALSE,FALSE,TRUE,TRUE
67253-0902-10_PART_1_OF_1_CHAL10_SB_AC15561A.jpg,67253-0902-10,902,TRUE,FALSE,FALSE,fcn_mix_weight/dr_224/67253-0902-10_PART_1_OF_1_CHAL10_SB_AC15561A.jpg,67253-0902-10_AC15561A,27379,TRUE,10/17/2017 05:31:18 PM,2020-02-10 17:15:26,e10f867c-a6c3-43d1-89da-d82d1def8487-67253-902-0,e10f867c-a6c3-43d1-89da-d82d1def8487,9,,C48345,OVAL,,2,,S902,,C48329,GREEN,,ALPRAZOLAM 1 mg;,ALPRAZOLAM[ALPRAZOLAM];,"CROSPOVIDONE;DOCUSATE SODIUM;LACTOSE, UNSPECIFIED FORM;MAGNESIUM STEARATE;CELLULOSE, MICROCRYSTALLINE;SILICON DIOXIDE;SODIUM BENZOATE;STARCH, CORN;FD&C BLUE NO. 2;D&C YELLOW NO. 10;",HRX,SCD,alprazolam 1 MG Oral Tablet,197321,2020-02-10 16:28:31,67253-902,0,,672530902,67253,902,Alprazolam,completed,20190624,f7f35ad6-705d-4e9e-9ace-6c5eedf6459e.xml,,C42998,34391-3,C48677,CIV,LABELER,Par Pharmaceutical,C73584,NLM,TRUE,,8,,,TRUE,FALSE,FALSE,TRUE,TRUE
67253-0902-10_PART_1_OF_1_CHAL10_SF_AC15561A.jpg,67253-0902-10,902,TRUE,TRUE,FALSE,fcn_mix_weight/dr_224/67253-0902-10_PART_1_OF_1_CHAL10_SF_AC15561A.jpg,67253-0902-10_AC15561A,27379,TRUE,10/17/2017 05:31:18 PM,2020-02-10 17:15:26,e10f867c-a6c3-43d1-89da-d82d1def8487-67253-902-0,e10f867c-a6c3-43d1-89da-d82d1def8487,9,,C48345,OVAL,,2,,S902,,C48329,GREEN,,ALPRAZOLAM 1 mg;,ALPRAZOLAM[ALPRAZOLAM];,"CROSPOVIDONE;DOCUSATE SODIUM;LACTOSE, UNSPECIFIED FORM;MAGNESIUM STEARATE;CELLULOSE, MICROCRYSTALLINE;SILICON DIOXIDE;SODIUM BENZOATE;STARCH, CORN;FD&C BLUE NO. 2;D&C YELLOW NO. 10;",HRX,SCD,alprazolam 1 MG Oral Tablet,197321,2020-02-10 16:28:31,67253-902,0,,672530902,67253,902,Alprazolam,completed,20190624,f7f35ad6-705d-4e9e-9ace-6c5eedf6459e.xml,,C42998,34391-3,C48677,CIV,LABELER,Par Pharmaceutical,C73584,NLM,TRUE,,8,,,TRUE,FALSE,FALSE,TRUE,TRUE
67767-0133-60_PART_1_OF_1_CHAL10_SB_26269354.jpg,67767-0133-60,133,TRUE,FALSE,FALSE,fcn_mix_weight/dr_224/67767-0133-60_PART_1_OF_1_CHAL10_SB_26269354.jpg,67767-0133-60_26269354,21069,TRUE,10/17/2017 05:30:51 PM,10/17/2017 05:30:51 PM,a4a56e4e-849d-4928-8d32-528080feb67e-67767-133-0,a4a56e4e-849d-4928-8d32-528080feb67e,11,,C48348,ROUND,,1,,A;133,,C48330,YELLOW,,BUPROPION HYDROCHLORIDE 150 mg;,BUPROPION HYDROCHLORIDE[BUPROPION];,"COPOVIDONE;SILICON DIOXIDE;HYDROXYPROPYL CELLULOSE;HYPROMELLOSES;MAGNESIUM STEARATE;CELLULOSE, MICROCRYSTALLINE;POLYDEXTROSE;POLYETHYLENE GLYCOL;TITANIUM DIOXIDE;TRIACETIN;FERRIC OXIDE YELLOW;",HRX,,12 HR Bupropion Hydrochloride 150 MG Extended Release Oral Tablet,993518,,67767-133,0,,677670133,67767,133,Bupropion Hydrochloride,active,20100610,9a504cce-efd9-44f7-b67e-00f55a4295c9.xml,,C42930,34391-3,,,LABELER,Actavis South Atlantic LLC,C73584,NLM,TRUE,,2,,,FALSE,TRUE,FALSE,TRUE,TRUE
67767-0133-60_PART_1_OF_1_CHAL10_SF_26269354.jpg,67767-0133-60,133,TRUE,TRUE,FALSE,fcn_mix_weight/dr_224/67767-0133-60_PART_1_OF_1_CHAL10_SF_26269354.jpg,67767-0133-60_26269354,21069,TRUE,10/17/2017 05:30:51 PM,10/17/2017 05:30:51 PM,a4a56e4e-849d-4928-8d32-528080feb67e-67767-133-0,a4a56e4e-849d-4928-8d32-528080feb67e,11,,C48348,ROUND,,1,,A;133,,C48330,YELLOW,,BUPROPION HYDROCHLORIDE 150 mg;,BUPROPION HYDROCHLORIDE[BUPROPION];,"COPOVIDONE;SILICON DIOXIDE;HYDROXYPROPYL CELLULOSE;HYPROMELLOSES;MAGNESIUM STEARATE;CELLULOSE, MICROCRYSTALLINE;POLYDEXTROSE;POLYETHYLENE GLYCOL;TITANIUM DIOXIDE;TRIACETIN;FERRIC OXIDE YELLOW;",HRX,,12 HR Bupropion Hydrochloride 150 MG Extended Release Oral Tablet,993518,,67767-133,0,,677670133,67767,133,Bupropion Hydrochloride,active,20100610,9a504cce-efd9-44f7-b67e-00f55a4295c9.xml,,C42930,34391-3,,,LABELER,Actavis South Atlantic LLC,C73584,NLM,TRUE,,2,,,FALSE,TRUE,FALSE,TRUE,TRUE
67877-0147-01_PART_1_OF_1_CHAL10_SB_D61DEB0F.jpg,67877-0147-01,147,TRUE,FALSE,FALSE,fcn_mix_weight/dr_224/67877-0147-01_PART_1_OF_1_CHAL10_SB_D61DEB0F.jpg,67877-0147-01_D61DEB0F,43096,TRUE,10/17/2017 05:32:29 PM,2020-02-10 17:07:21,8f54731f-c5b7-492c-acb0-444c5fbb7029-67877-147-0,8f54731f-c5b7-492c-acb0-444c5fbb7029,19,,C48336,CAPSULE,,1,,30mg;Novel123,,C48325,WHITE,,TEMAZEPAM 30 mg;,TEMAZEPAM[TEMAZEPAM];,"STARCH, CORN;ANHYDROUS LACTOSE;MAGNESIUM STEARATE;SODIUM LAURYL SULFATE;TITANIUM DIOXIDE;AMMONIA;ALCOHOL;ISOPROPYL ALCOHOL;BUTYL ALCOHOL;SHELLAC;POTASSIUM HYDROXIDE;PROPYLENE GLYCOL;FERROSOFERRIC OXIDE;GELATIN;",HRX,SCD,temazepam 30 MG Oral Capsule,198242,2020-02-10 15:43:53,67877-147,0,,678770147,67877,147,temazepam,active,20171220,9000c23c-594b-4823-9aab-e406fc7fbbd5.xml,,C25158,34391-3,C48677,CIV,LABELER,"Ascend Laboratories, LLC",C73584,NLM,TRUE,,11,,,TRUE,FALSE,FALSE,TRUE,TRUE
67877-0147-01_PART_1_OF_1_CHAL10_SF_D61DEB0F.jpg,67877-0147-01,147,TRUE,TRUE,FALSE,fcn_mix_weight/dr_224/67877-0147-01_PART_1_OF_1_CHAL10_SF_D61DEB0F.jpg,67877-0147-01_D61DEB0F,43096,TRUE,10/17/2017 05:32:29 PM,2020-02-10 17:07:21,8f54731f-c5b7-492c-acb0-444c5fbb7029-67877-147-0,8f54731f-c5b7-492c-acb0-444c5fbb7029,19,,C48336,CAPSULE,,1,,30mg;Novel123,,C48325,WHITE,,TEMAZEPAM 30 mg;,TEMAZEPAM[TEMAZEPAM];,"STARCH, CORN;ANHYDROUS LACTOSE;MAGNESIUM STEARATE;SODIUM LAURYL SULFATE;TITANIUM DIOXIDE;AMMONIA;ALCOHOL;ISOPROPYL ALCOHOL;BUTYL ALCOHOL;SHELLAC;POTASSIUM HYDROXIDE;PROPYLENE GLYCOL;FERROSOFERRIC OXIDE;GELATIN;",HRX,SCD,temazepam 30 MG Oral Capsule,198242,2020-02-10 15:43:53,67877-147,0,,678770147,67877,147,temazepam,active,20171220,9000c23c-594b-4823-9aab-e406fc7fbbd5.xml,,C25158,34391-3,C48677,CIV,LABELER,"Ascend Laboratories, LLC",C73584,NLM,TRUE,,11,,,TRUE,FALSE,FALSE,TRUE,TRUE
68012-0104-30_PART_1_OF_1_CHAL10_SB_EE1DF76F.jpg,68012-0104-30,104,TRUE,FALSE,FALSE,fcn_mix_weight/dr_224/68012-0104-30_PART_1_OF_1_CHAL10_SB_EE1DF76F.jpg,68012-0104-30_EE1DF76F,34230,TRUE,10/17/2017 05:31:49 PM,2020-02-10 17:08:49,cd6868b9-5824-442b-8d65-4db29ecb70a4-68012-104-0,cd6868b9-5824-442b-8d65-4db29ecb70a4,23,,C48336,CAPSULE,,1,,40,,C48333;C48325,BLUE;WHITE,,OMEPRAZOLE 40 mg;SODIUM BICARBONATE 1100 mg;,OMEPRAZOLE[OMEPRAZOLE];SODIUM BICARBONATE[BICARBONATE ION];,CROSCARMELLOSE SODIUM;SODIUM STEARYL FUMARATE;,HRX,SBD,omeprazole 40 MG / sodium bicarbonate 1100 MG Oral Capsule [Zegerid Reformulated Aug 2006],646352,2020-02-10 15:52:17,68012-104,0,,680120104,68012,104,ZEGERID,active,20190902,77326463-c748-47e1-b349-baf7f6329f25.xml,,C25158,34391-3,,,LABELER,"Santarus, Inc..",C73594,NLM,TRUE,,43,,,TRUE,FALSE,FALSE,TRUE,TRUE
68012-0104-30_PART_1_OF_1_CHAL10_SF_EE1DF76F.jpg,68012-0104-30,104,TRUE,TRUE,FALSE,fcn_mix_weight/dr_224/68012-0104-30_PART_1_OF_1_CHAL10_SF_EE1DF76F.jpg,68012-0104-30_EE1DF76F,34230,TRUE,10/17/2017 05:31:49 PM,2020-02-10 17:08:49,cd6868b9-5824-442b-8d65-4db29ecb70a4-68012-104-0,cd6868b9-5824-442b-8d65-4db29ecb70a4,23,,C48336,CAPSULE,,1,,40,,C48333;C48325,BLUE;WHITE,,OMEPRAZOLE 40 mg;SODIUM BICARBONATE 1100 mg;,OMEPRAZOLE[OMEPRAZOLE];SODIUM BICARBONATE[BICARBONATE ION];,CROSCARMELLOSE SODIUM;SODIUM STEARYL FUMARATE;,HRX,SBD,omeprazole 40 MG / sodium bicarbonate 1100 MG Oral Capsule [Zegerid Reformulated Aug 2006],646352,2020-02-10 15:52:17,68012-104,0,,680120104,68012,104,ZEGERID,active,20190902,77326463-c748-47e1-b349-baf7f6329f25.xml,,C25158,34391-3,,,LABELER,"Santarus, Inc..",C73594,NLM,TRUE,,43,,,TRUE,FALSE,FALSE,TRUE,TRUE
68180-0478-01_PART_1_OF_1_CHAL10_SB_AB21558A.jpg,68180-0478-01,478,TRUE,FALSE,FALSE,fcn_mix_weight/dr_224/68180-0478-01_PART_1_OF_1_CHAL10_SB_AB21558A.jpg,68180-0478-01_AB21558A,5035,TRUE,10/17/2017 05:29:43 PM,2020-02-10 17:05:44,3e48217f-8175-4e9b-9fd0-909be4bbba95-68180-478-0,3e48217f-8175-4e9b-9fd0-909be4bbba95,9,,C48345,OVAL,,1,,LL;C02,,C48328,PINK,,SIMVASTATIN 10 mg;,SIMVASTATIN[SIMVASTATIN];,"ASCORBIC ACID;BUTYLATED HYDROXYANISOLE;HYPROMELLOSES;CELLULOSE, MICROCRYSTALLINE;TALC;LACTOSE MONOHYDRATE;MAGNESIUM STEARATE;TITANIUM DIOXIDE;CITRIC ACID MONOHYDRATE;FERROSOFERRIC OXIDE;HYDROXYPROPYL CELLULOSE (1600000 WAMW);STARCH, CORN;",HRX,SCD,simvastatin 10 MG Oral Tablet,314231,2020-02-10 15:35:50,68180-478,0,,681800478,68180,478,SIMVASTATIN,active,20200101,2d1fb16c-7318-4550-901f-7b286fb1c82b.xml,,C42931,34391-3,,,LABELER,"Lupin Pharmaceuticals, Inc.",C73584,NLM,TRUE,,12,,,TRUE,FALSE,FALSE,TRUE,TRUE
68180-0478-01_PART_1_OF_1_CHAL10_SB_AB21558A.jpg,68180-0478-01,478,TRUE,FALSE,FALSE,fcn_mix_weight/dr_224/68180-0478-01_PART_1_OF_1_CHAL10_SB_AB21558A.jpg,68180-0478-01_AB21558A,17335,TRUE,10/17/2017 05:30:35 PM,2020-02-10 17:15:35,4bec3923-6221-4b8b-9a72-872a63680de1-68084-511-0,4bec3923-6221-4b8b-9a72-872a63680de1,9,,C48345,OVAL,,1,,LL;C02,,C48328,PINK,,SIMVASTATIN 10 mg;,SIMVASTATIN[SIMVASTATIN];,"ASCORBIC ACID;CITRIC ACID MONOHYDRATE;HYDROXYPROPYL CELLULOSE (1600000 WAMW);HYPROMELLOSE, UNSPECIFIED;FERROSOFERRIC OXIDE;LACTOSE MONOHYDRATE;MAGNESIUM STEARATE;MICROCRYSTALLINE CELLULOSE;STARCH, CORN;TALC;TITANIUM DIOXIDE;BUTYLATED HYDROXYANISOLE;",HRX,SCD,simvastatin 10 MG Oral Tablet,314231,2020-02-10 16:29:22,68084-511,0,,680840511,68084,511,Simvastatin,active,20191010,9493b1f7-1a44-4496-e053-2a95a90a0250.xml,68180-478,C42931,34391-3,,,LABELER,American Health Packaging,C73584,SPL,TRUE,1,8,,,TRUE,FALSE,FALSE,TRUE,TRUE
68180-0478-01_PART_1_OF_1_CHAL10_SF_AB21558A.jpg,68180-0478-01,478,TRUE,TRUE,FALSE,fcn_mix_weight/dr_224/68180-0478-01_PART_1_OF_1_CHAL10_SF_AB21558A.jpg,68180-0478-01_AB21558A,5035,TRUE,10/17/2017 05:29:43 PM,2020-02-10 17:05:44,3e48217f-8175-4e9b-9fd0-909be4bbba95-68180-478-0,3e48217f-8175-4e9b-9fd0-909be4bbba95,9,,C48345,OVAL,,1,,LL;C02,,C48328,PINK,,SIMVASTATIN 10 mg;,SIMVASTATIN[SIMVASTATIN];,"ASCORBIC ACID;BUTYLATED HYDROXYANISOLE;HYPROMELLOSES;CELLULOSE, MICROCRYSTALLINE;TALC;LACTOSE MONOHYDRATE;MAGNESIUM STEARATE;TITANIUM DIOXIDE;CITRIC ACID MONOHYDRATE;FERROSOFERRIC OXIDE;HYDROXYPROPYL CELLULOSE (1600000 WAMW);STARCH, CORN;",HRX,SCD,simvastatin 10 MG Oral Tablet,314231,2020-02-10 15:35:50,68180-478,0,,681800478,68180,478,SIMVASTATIN,active,20200101,2d1fb16c-7318-4550-901f-7b286fb1c82b.xml,,C42931,34391-3,,,LABELER,"Lupin Pharmaceuticals, Inc.",C73584,NLM,TRUE,,12,,,TRUE,FALSE,FALSE,TRUE,TRUE
68180-0478-01_PART_1_OF_1_CHAL10_SF_AB21558A.jpg,68180-0478-01,478,TRUE,TRUE,FALSE,fcn_mix_weight/dr_224/68180-0478-01_PART_1_OF_1_CHAL10_SF_AB21558A.jpg,68180-0478-01_AB21558A,17335,TRUE,10/17/2017 05:30:35 PM,2020-02-10 17:15:35,4bec3923-6221-4b8b-9a72-872a63680de1-68084-511-0,4bec3923-6221-4b8b-9a72-872a63680de1,9,,C48345,OVAL,,1,,LL;C02,,C48328,PINK,,SIMVASTATIN 10 mg;,SIMVASTATIN[SIMVASTATIN];,"ASCORBIC ACID;CITRIC ACID MONOHYDRATE;HYDROXYPROPYL CELLULOSE (1600000 WAMW);HYPROMELLOSE, UNSPECIFIED;FERROSOFERRIC OXIDE;LACTOSE MONOHYDRATE;MAGNESIUM STEARATE;MICROCRYSTALLINE CELLULOSE;STARCH, CORN;TALC;TITANIUM DIOXIDE;BUTYLATED HYDROXYANISOLE;",HRX,SCD,simvastatin 10 MG Oral Tablet,314231,2020-02-10 16:29:22,68084-511,0,,680840511,68084,511,Simvastatin,active,20191010,9493b1f7-1a44-4496-e053-2a95a90a0250.xml,68180-478,C42931,34391-3,,,LABELER,American Health Packaging,C73584,SPL,TRUE,1,8,,,TRUE,FALSE,FALSE,TRUE,TRUE
68180-0479-01_PART_1_OF_1_CHAL10_SB_B4215A0A.jpg,68180-0479-01,479,TRUE,FALSE,FALSE,fcn_mix_weight/dr_224/68180-0479-01_PART_1_OF_1_CHAL10_SB_B4215A0A.jpg,68180-0479-01_B4215A0A,32474,TRUE,10/17/2017 05:31:40 PM,2020-02-10 17:16:09,3e48217f-8175-4e9b-9fd0-909be4bbba95-68180-479-0,3e48217f-8175-4e9b-9fd0-909be4bbba95,11,,C48345,OVAL,,1,,LL;C03,,C48332,BROWN,,SIMVASTATIN 20 mg;,SIMVASTATIN[SIMVASTATIN];,"ASCORBIC ACID;BUTYLATED HYDROXYANISOLE;HYPROMELLOSES;CELLULOSE, MICROCRYSTALLINE;TALC;LACTOSE MONOHYDRATE;MAGNESIUM STEARATE;TITANIUM DIOXIDE;CITRIC ACID MONOHYDRATE;FERROSOFERRIC OXIDE;HYDROXYPROPYL CELLULOSE (1600000 WAMW);STARCH, CORN;",HRX,SCD,simvastatin 20 MG Oral Tablet,312961,2020-02-10 16:32:21,68180-479,0,,681800479,68180,479,SIMVASTATIN,active,20200101,2d1fb16c-7318-4550-901f-7b286fb1c82b.xml,,C42931,34391-3,,,LABELER,"Lupin Pharmaceuticals, Inc.",C73584,NLM,TRUE,,12,,,TRUE,FALSE,FALSE,TRUE,TRUE
68180-0479-01_PART_1_OF_1_CHAL10_SB_B4215A0A.jpg,68180-0479-01,479,TRUE,FALSE,FALSE,fcn_mix_weight/dr_224/68180-0479-01_PART_1_OF_1_CHAL10_SB_B4215A0A.jpg,68180-0479-01_B4215A0A,42010,TRUE,10/17/2017 05:32:24 PM,2020-02-10 17:03:30,4bec3923-6221-4b8b-9a72-872a63680de1-68084-512-0,4bec3923-6221-4b8b-9a72-872a63680de1,11,,C48345,OVAL,,1,,LL;C03,,C48332,BROWN,,SIMVASTATIN 20 mg;,SIMVASTATIN[SIMVASTATIN];,"ASCORBIC ACID;CITRIC ACID MONOHYDRATE;HYDROXYPROPYL CELLULOSE (1600000 WAMW);HYPROMELLOSE, UNSPECIFIED;FERROSOFERRIC OXIDE;LACTOSE MONOHYDRATE;MAGNESIUM STEARATE;MICROCRYSTALLINE CELLULOSE;STARCH, CORN;TALC;TITANIUM DIOXIDE;BUTYLATED HYDROXYANISOLE;",HRX,SCD,simvastatin 20 MG Oral Tablet,312961,2020-02-10 15:25:55,68084-512,0,,680840512,68084,512,Simvastatin,active,20191010,9493b1f7-1a44-4496-e053-2a95a90a0250.xml,68180-479,C42931,34391-3,,,LABELER,American Health Packaging,C73584,SPL,TRUE,1,8,,,TRUE,FALSE,FALSE,TRUE,TRUE
68180-0479-01_PART_1_OF_1_CHAL10_SF_B4215A0A.jpg,68180-0479-01,479,TRUE,TRUE,FALSE,fcn_mix_weight/dr_224/68180-0479-01_PART_1_OF_1_CHAL10_SF_B4215A0A.jpg,68180-0479-01_B4215A0A,32474,TRUE,10/17/2017 05:31:40 PM,2020-02-10 17:16:09,3e48217f-8175-4e9b-9fd0-909be4bbba95-68180-479-0,3e48217f-8175-4e9b-9fd0-909be4bbba95,11,,C48345,OVAL,,1,,LL;C03,,C48332,BROWN,,SIMVASTATIN 20 mg;,SIMVASTATIN[SIMVASTATIN];,"ASCORBIC ACID;BUTYLATED HYDROXYANISOLE;HYPROMELLOSES;CELLULOSE, MICROCRYSTALLINE;TALC;LACTOSE MONOHYDRATE;MAGNESIUM STEARATE;TITANIUM DIOXIDE;CITRIC ACID MONOHYDRATE;FERROSOFERRIC OXIDE;HYDROXYPROPYL CELLULOSE (1600000 WAMW);STARCH, CORN;",HRX,SCD,simvastatin 20 MG Oral Tablet,312961,2020-02-10 16:32:21,68180-479,0,,681800479,68180,479,SIMVASTATIN,active,20200101,2d1fb16c-7318-4550-901f-7b286fb1c82b.xml,,C42931,34391-3,,,LABELER,"Lupin Pharmaceuticals, Inc.",C73584,NLM,TRUE,,12,,,TRUE,FALSE,FALSE,TRUE,TRUE
68180-0479-01_PART_1_OF_1_CHAL10_SF_B4215A0A.jpg,68180-0479-01,479,TRUE,TRUE,FALSE,fcn_mix_weight/dr_224/68180-0479-01_PART_1_OF_1_CHAL10_SF_B4215A0A.jpg,68180-0479-01_B4215A0A,42010,TRUE,10/17/2017 05:32:24 PM,2020-02-10 17:03:30,4bec3923-6221-4b8b-9a72-872a63680de1-68084-512-0,4bec3923-6221-4b8b-9a72-872a63680de1,11,,C48345,OVAL,,1,,LL;C03,,C48332,BROWN,,SIMVASTATIN 20 mg;,SIMVASTATIN[SIMVASTATIN];,"ASCORBIC ACID;CITRIC ACID MONOHYDRATE;HYDROXYPROPYL CELLULOSE (1600000 WAMW);HYPROMELLOSE, UNSPECIFIED;FERROSOFERRIC OXIDE;LACTOSE MONOHYDRATE;MAGNESIUM STEARATE;MICROCRYSTALLINE CELLULOSE;STARCH, CORN;TALC;TITANIUM DIOXIDE;BUTYLATED HYDROXYANISOLE;",HRX,SCD,simvastatin 20 MG Oral Tablet,312961,2020-02-10 15:25:55,68084-512,0,,680840512,68084,512,Simvastatin,active,20191010,9493b1f7-1a44-4496-e053-2a95a90a0250.xml,68180-479,C42931,34391-3,,,LABELER,American Health Packaging,C73584,SPL,TRUE,1,8,,,TRUE,FALSE,FALSE,TRUE,TRUE
68180-0480-01_PART_1_OF_1_CHAL10_SB_0A21855C.jpg,68180-0480-01,480,TRUE,FALSE,FALSE,fcn_mix_weight/dr_224/68180-0480-01_PART_1_OF_1_CHAL10_SB_0A21855C.jpg,68180-0480-01_0A21855C,3420,TRUE,10/17/2017 05:29:35 PM,2020-02-10 17:10:39,3e48217f-8175-4e9b-9fd0-909be4bbba95-68180-480-0,3e48217f-8175-4e9b-9fd0-909be4bbba95,14,,C48345,OVAL,,1,,LL;C04,,C48326,RED,,SIMVASTATIN 40 mg;,SIMVASTATIN[SIMVASTATIN];,"ASCORBIC ACID;BUTYLATED HYDROXYANISOLE;HYPROMELLOSES;CELLULOSE, MICROCRYSTALLINE;TALC;LACTOSE MONOHYDRATE;MAGNESIUM STEARATE;TITANIUM DIOXIDE;CITRIC ACID MONOHYDRATE;FERROSOFERRIC OXIDE;STARCH, CORN;HYDROXYPROPYL CELLULOSE (1600000 WAMW);",HRX,SCD,simvastatin 40 MG Oral Tablet,198211,2020-02-10 16:02:31,68180-480,0,,681800480,68180,480,SIMVASTATIN,active,20200101,2d1fb16c-7318-4550-901f-7b286fb1c82b.xml,,C42931,34391-3,,,LABELER,"Lupin Pharmaceuticals, Inc.",C73584,NLM,TRUE,,12,,,TRUE,FALSE,FALSE,TRUE,TRUE
68180-0480-01_PART_1_OF_1_CHAL10_SF_0A21855C.jpg,68180-0480-01,480,TRUE,TRUE,FALSE,fcn_mix_weight/dr_224/68180-0480-01_PART_1_OF_1_CHAL10_SF_0A21855C.jpg,68180-0480-01_0A21855C,3420,TRUE,10/17/2017 05:29:35 PM,2020-02-10 17:10:39,3e48217f-8175-4e9b-9fd0-909be4bbba95-68180-480-0,3e48217f-8175-4e9b-9fd0-909be4bbba95,14,,C48345,OVAL,,1,,LL;C04,,C48326,RED,,SIMVASTATIN 40 mg;,SIMVASTATIN[SIMVASTATIN];,"ASCORBIC ACID;BUTYLATED HYDROXYANISOLE;HYPROMELLOSES;CELLULOSE, MICROCRYSTALLINE;TALC;LACTOSE MONOHYDRATE;MAGNESIUM STEARATE;TITANIUM DIOXIDE;CITRIC ACID MONOHYDRATE;FERROSOFERRIC OXIDE;STARCH, CORN;HYDROXYPROPYL CELLULOSE (1600000 WAMW);",HRX,SCD,simvastatin 40 MG Oral Tablet,198211,2020-02-10 16:02:31,68180-480,0,,681800480,68180,480,SIMVASTATIN,active,20200101,2d1fb16c-7318-4550-901f-7b286fb1c82b.xml,,C42931,34391-3,,,LABELER,"Lupin Pharmaceuticals, Inc.",C73584,NLM,TRUE,,12,,,TRUE,FALSE,FALSE,TRUE,TRUE
68180-0481-01_PART_1_OF_1_CHAL10_SB_FA217D1B.jpg,68180-0481-01,481,TRUE,FALSE,FALSE,fcn_mix_weight/dr_224/68180-0481-01_PART_1_OF_1_CHAL10_SB_FA217D1B.jpg,68180-0481-01_FA217D1B,23201,TRUE,10/17/2017 05:31:00 PM,2020-02-10 17:15:36,3e48217f-8175-4e9b-9fd0-909be4bbba95-68180-481-0,3e48217f-8175-4e9b-9fd0-909be4bbba95,18,,C48336,CAPSULE,OVAL,1,,LL;C05,,C48326,RED,,SIMVASTATIN 80 mg;,SIMVASTATIN[SIMVASTATIN];,"ASCORBIC ACID;BUTYLATED HYDROXYANISOLE;HYPROMELLOSES;CELLULOSE, MICROCRYSTALLINE;TALC;LACTOSE MONOHYDRATE;MAGNESIUM STEARATE;TITANIUM DIOXIDE;CITRIC ACID MONOHYDRATE;FERROSOFERRIC OXIDE;HYDROXYPROPYL CELLULOSE (1600000 WAMW);STARCH, CORN;",HRX,SCD,simvastatin 80 MG Oral Tablet,200345,2020-02-10 16:29:25,68180-481,0,,681800481,68180,481,SIMVASTATIN,active,20200101,2d1fb16c-7318-4550-901f-7b286fb1c82b.xml,,C42931,34391-3,,,LABELER,"Lupin Pharmaceuticals, Inc.",C73584,NLM,TRUE,,12,,,TRUE,FALSE,FALSE,TRUE,TRUE
68180-0481-01_PART_1_OF_1_CHAL10_SF_FA217D1B.jpg,68180-0481-01,481,TRUE,TRUE,FALSE,fcn_mix_weight/dr_224/68180-0481-01_PART_1_OF_1_CHAL10_SF_FA217D1B.jpg,68180-0481-01_FA217D1B,23201,TRUE,10/17/2017 05:31:00 PM,2020-02-10 17:15:36,3e48217f-8175-4e9b-9fd0-909be4bbba95-68180-481-0,3e48217f-8175-4e9b-9fd0-909be4bbba95,18,,C48336,CAPSULE,OVAL,1,,LL;C05,,C48326,RED,,SIMVASTATIN 80 mg;,SIMVASTATIN[SIMVASTATIN];,"ASCORBIC ACID;BUTYLATED HYDROXYANISOLE;HYPROMELLOSES;CELLULOSE, MICROCRYSTALLINE;TALC;LACTOSE MONOHYDRATE;MAGNESIUM STEARATE;TITANIUM DIOXIDE;CITRIC ACID MONOHYDRATE;FERROSOFERRIC OXIDE;HYDROXYPROPYL CELLULOSE (1600000 WAMW);STARCH, CORN;",HRX,SCD,simvastatin 80 MG Oral Tablet,200345,2020-02-10 16:29:25,68180-481,0,,681800481,68180,481,SIMVASTATIN,active,20200101,2d1fb16c-7318-4550-901f-7b286fb1c82b.xml,,C42931,34391-3,,,LABELER,"Lupin Pharmaceuticals, Inc.",C73584,NLM,TRUE,,12,,,TRUE,FALSE,FALSE,TRUE,TRUE
68180-0501-01_PART_1_OF_1_CHAL10_SB_08240460.jpg,68180-0501-01,501,TRUE,FALSE,FALSE,fcn_mix_weight/dr_224/68180-0501-01_PART_1_OF_1_CHAL10_SB_08240460.jpg,68180-0501-01_08240460,12845,TRUE,10/17/2017 05:30:16 PM,2020-02-10 17:11:12,06a401f0-4380-4081-86ed-a309a25abf6b-68180-501-0,06a401f0-4380-4081-86ed-a309a25abf6b,8,,C48348,ROUND,,1,,7;5,,C48330,YELLOW,,MELOXICAM 7.5 mg;,MELOXICAM[MELOXICAM];,"SILICON DIOXIDE;SODIUM CITRATE;CELLULOSE, MICROCRYSTALLINE;POVIDONE;LACTOSE MONOHYDRATE;MAGNESIUM STEARATE;CROSPOVIDONE (15 MPA.S AT 5%);",HRX,SCD,meloxicam 7.5 MG Oral Tablet,311486,2020-02-10 16:05:24,68180-501,0,,681800501,68180,501,Meloxicam,active,20191126,912f162d-d846-4561-af48-2e08a45c323b.xml,,C42998,34391-3,,,LABELER,"Lupin Pharmaceuticals, Inc.",C73584,NLM,TRUE,,11,,,TRUE,FALSE,FALSE,TRUE,TRUE
68180-0501-01_PART_1_OF_1_CHAL10_SF_08240460.jpg,68180-0501-01,501,TRUE,TRUE,FALSE,fcn_mix_weight/dr_224/68180-0501-01_PART_1_OF_1_CHAL10_SF_08240460.jpg,68180-0501-01_08240460,12845,TRUE,10/17/2017 05:30:16 PM,2020-02-10 17:11:12,06a401f0-4380-4081-86ed-a309a25abf6b-68180-501-0,06a401f0-4380-4081-86ed-a309a25abf6b,8,,C48348,ROUND,,1,,7;5,,C48330,YELLOW,,MELOXICAM 7.5 mg;,MELOXICAM[MELOXICAM];,"SILICON DIOXIDE;SODIUM CITRATE;CELLULOSE, MICROCRYSTALLINE;POVIDONE;LACTOSE MONOHYDRATE;MAGNESIUM STEARATE;CROSPOVIDONE (15 MPA.S AT 5%);",HRX,SCD,meloxicam 7.5 MG Oral Tablet,311486,2020-02-10 16:05:24,68180-501,0,,681800501,68180,501,Meloxicam,active,20191126,912f162d-d846-4561-af48-2e08a45c323b.xml,,C42998,34391-3,,,LABELER,"Lupin Pharmaceuticals, Inc.",C73584,NLM,TRUE,,11,,,TRUE,FALSE,FALSE,TRUE,TRUE
68180-0502-01_PART_1_OF_1_CHAL10_SB_F623FB3F.jpg,68180-0502-01,502,TRUE,FALSE,FALSE,fcn_mix_weight/dr_224/68180-0502-01_PART_1_OF_1_CHAL10_SB_F623FB3F.jpg,68180-0502-01_F623FB3F,31657,TRUE,10/17/2017 05:31:37 PM,2020-02-10 17:09:53,06a401f0-4380-4081-86ed-a309a25abf6b-68180-502-0,06a401f0-4380-4081-86ed-a309a25abf6b,11,,C48345,OVAL,,1,,15,,C48330,YELLOW,,MELOXICAM 15 mg;,MELOXICAM[MELOXICAM];,"SILICON DIOXIDE;SODIUM CITRATE;CELLULOSE, MICROCRYSTALLINE;POVIDONE;LACTOSE MONOHYDRATE;MAGNESIUM STEARATE;CROSPOVIDONE (15 MPA.S AT 5%);",HRX,SCD,meloxicam 15 MG Oral Tablet,152695,2020-02-10 15:58:16,68180-502,0,,681800502,68180,502,Meloxicam,active,20191126,912f162d-d846-4561-af48-2e08a45c323b.xml,,C42998,34391-3,,,LABELER,"Lupin Pharmaceuticals, Inc.",C73584,NLM,TRUE,,11,,,TRUE,FALSE,FALSE,TRUE,TRUE
68180-0502-01_PART_1_OF_1_CHAL10_SF_F623FB3F.jpg,68180-0502-01,502,TRUE,TRUE,FALSE,fcn_mix_weight/dr_224/68180-0502-01_PART_1_OF_1_CHAL10_SF_F623FB3F.jpg,68180-0502-01_F623FB3F,31657,TRUE,10/17/2017 05:31:37 PM,2020-02-10 17:09:53,06a401f0-4380-4081-86ed-a309a25abf6b-68180-502-0,06a401f0-4380-4081-86ed-a309a25abf6b,11,,C48345,OVAL,,1,,15,,C48330,YELLOW,,MELOXICAM 15 mg;,MELOXICAM[MELOXICAM];,"SILICON DIOXIDE;SODIUM CITRATE;CELLULOSE, MICROCRYSTALLINE;POVIDONE;LACTOSE MONOHYDRATE;MAGNESIUM STEARATE;CROSPOVIDONE (15 MPA.S AT 5%);",HRX,SCD,meloxicam 15 MG Oral Tablet,152695,2020-02-10 15:58:16,68180-502,0,,681800502,68180,502,Meloxicam,active,20191126,912f162d-d846-4561-af48-2e08a45c323b.xml,,C42998,34391-3,,,LABELER,"Lupin Pharmaceuticals, Inc.",C73584,NLM,TRUE,,11,,,TRUE,FALSE,FALSE,TRUE,TRUE
68180-0518-01_PART_1_OF_1_CHAL10_SB_070883B4.jpg,68180-0518-01,518,TRUE,FALSE,FALSE,fcn_mix_weight/dr_224/68180-0518-01_PART_1_OF_1_CHAL10_SB_070883B4.jpg,68180-0518-01_070883B4,36809,TRUE,10/17/2017 05:32:00 PM,2020-02-10 17:13:17,515f735c-5dba-43d9-8a58-97a319cafd56-68180-518-0,515f735c-5dba-43d9-8a58-97a319cafd56,7,,C48343,HEXAGON (6 SIDED),,1,,LL;B01,,C48333,BLUE,,HYDROCHLOROTHIAZIDE 12.5 mg;LISINOPRIL 10 mg;,HYDROCHLOROTHIAZIDE[HYDROCHLOROTHIAZIDE];LISINOPRIL[LISINOPRIL ANHYDROUS];,"ANHYDROUS DIBASIC CALCIUM PHOSPHATE;FD&C BLUE NO. 2;MANNITOL;STARCH, CORN;MAGNESIUM STEARATE;ALUMINUM OXIDE;",HRX,SCD,hydrochlorothiazide 12.5 MG / lisinopril 10 MG Oral Tablet,197885,2020-02-10 16:17:04,68180-518,0,,681800518,68180,518,Lisinopril and Hydrochlorothiazide,active,20201001,3a53f18e-af9b-4932-8300-b3521e87528d.xml,,C42998,34391-3,,,LABELER,"Lupin Pharmaceuticals, Inc.",C73584,NLM,TRUE,,13,,,TRUE,FALSE,FALSE,TRUE,TRUE
68180-0518-01_PART_1_OF_1_CHAL10_SF_070883B4.jpg,68180-0518-01,518,TRUE,TRUE,FALSE,fcn_mix_weight/dr_224/68180-0518-01_PART_1_OF_1_CHAL10_SF_070883B4.jpg,68180-0518-01_070883B4,36809,TRUE,10/17/2017 05:32:00 PM,2020-02-10 17:13:17,515f735c-5dba-43d9-8a58-97a319cafd56-68180-518-0,515f735c-5dba-43d9-8a58-97a319cafd56,7,,C48343,HEXAGON (6 SIDED),,1,,LL;B01,,C48333,BLUE,,HYDROCHLOROTHIAZIDE 12.5 mg;LISINOPRIL 10 mg;,HYDROCHLOROTHIAZIDE[HYDROCHLOROTHIAZIDE];LISINOPRIL[LISINOPRIL ANHYDROUS];,"ANHYDROUS DIBASIC CALCIUM PHOSPHATE;FD&C BLUE NO. 2;MANNITOL;STARCH, CORN;MAGNESIUM STEARATE;ALUMINUM OXIDE;",HRX,SCD,hydrochlorothiazide 12.5 MG / lisinopril 10 MG Oral Tablet,197885,2020-02-10 16:17:04,68180-518,0,,681800518,68180,518,Lisinopril and Hydrochlorothiazide,active,20201001,3a53f18e-af9b-4932-8300-b3521e87528d.xml,,C42998,34391-3,,,LABELER,"Lupin Pharmaceuticals, Inc.",C73584,NLM,TRUE,,13,,,TRUE,FALSE,FALSE,TRUE,TRUE
68382-0022-01_PART_1_OF_1_CHAL10_SB_59202C81.jpg,68382-0022-01,22,TRUE,FALSE,FALSE,fcn_mix_weight/dr_224/68382-0022-01_PART_1_OF_1_CHAL10_SB_59202C81.jpg,68382-0022-01_59202C81,34949,TRUE,10/17/2017 05:31:52 PM,2020-02-10 17:13:32,db801706-1362-44c7-92ab-f584f96c7e1c-68382-022-0,db801706-1362-44c7-92ab-f584f96c7e1c,6,,C48348,ROUND,,1,,Z;65,,C48325,WHITE,,ATENOLOL 25 mg;,ATENOLOL[ATENOLOL];,"ANHYDROUS CITRIC ACID;CROSCARMELLOSE SODIUM;MAGNESIUM STEARATE;SILICON DIOXIDE;POVIDONE;CELLULOSE, MICROCRYSTALLINE;",HRX,SCD,atenolol 25 MG Oral Tablet,197380,2020-02-10 15:43:39,68382-022,0,,683820022,68382,22,Atenolol,active,20181008,49b0cb66-fb5b-4a22-8f99-fcdcc6c695da.xml,,C42998,34391-3,,,LABELER,Zydus Pharmaceuticals (USA) Inc.,C73584,NLM,TRUE,,9,,,TRUE,FALSE,FALSE,TRUE,TRUE
68382-0022-01_PART_1_OF_1_CHAL10_SF_59202C81.jpg,68382-0022-01,22,TRUE,TRUE,FALSE,fcn_mix_weight/dr_224/68382-0022-01_PART_1_OF_1_CHAL10_SF_59202C81.jpg,68382-0022-01_59202C81,34949,TRUE,10/17/2017 05:31:52 PM,2020-02-10 17:13:32,db801706-1362-44c7-92ab-f584f96c7e1c-68382-022-0,db801706-1362-44c7-92ab-f584f96c7e1c,6,,C48348,ROUND,,1,,Z;65,,C48325,WHITE,,ATENOLOL 25 mg;,ATENOLOL[ATENOLOL];,"ANHYDROUS CITRIC ACID;CROSCARMELLOSE SODIUM;MAGNESIUM STEARATE;SILICON DIOXIDE;POVIDONE;CELLULOSE, MICROCRYSTALLINE;",HRX,SCD,atenolol 25 MG Oral Tablet,197380,2020-02-10 15:43:39,68382-022,0,,683820022,68382,22,Atenolol,active,20181008,49b0cb66-fb5b-4a22-8f99-fcdcc6c695da.xml,,C42998,34391-3,,,LABELER,Zydus Pharmaceuticals (USA) Inc.,C73584,NLM,TRUE,,9,,,TRUE,FALSE,FALSE,TRUE,TRUE
68382-0023-01_PART_1_OF_1_CHAL10_SB_452022C1.jpg,68382-0023-01,23,TRUE,FALSE,FALSE,fcn_mix_weight/dr_224/68382-0023-01_PART_1_OF_1_CHAL10_SB_452022C1.jpg,68382-0023-01_452022C1,15557,TRUE,10/17/2017 05:30:27 PM,2020-02-10 17:07:18,db801706-1362-44c7-92ab-f584f96c7e1c-68382-023-0,db801706-1362-44c7-92ab-f584f96c7e1c,8,,C48348,ROUND,,2,,Z;66,,C48325,WHITE,,ATENOLOL 50 mg;,ATENOLOL[ATENOLOL];,"ANHYDROUS CITRIC ACID;CROSCARMELLOSE SODIUM;MAGNESIUM STEARATE;SILICON DIOXIDE;POVIDONE;CELLULOSE, MICROCRYSTALLINE;",HRX,SCD,atenolol 50 MG Oral Tablet,197381,2020-02-10 15:43:39,68382-023,0,,683820023,68382,23,Atenolol,active,20181008,49b0cb66-fb5b-4a22-8f99-fcdcc6c695da.xml,,C42998,34391-3,,,LABELER,Zydus Pharmaceuticals (USA) Inc.,C73584,NLM,TRUE,,9,,,TRUE,FALSE,FALSE,TRUE,TRUE
68382-0023-01_PART_1_OF_1_CHAL10_SF_452022C1.jpg,68382-0023-01,23,TRUE,TRUE,FALSE,fcn_mix_weight/dr_224/68382-0023-01_PART_1_OF_1_CHAL10_SF_452022C1.jpg,68382-0023-01_452022C1,15557,TRUE,10/17/2017 05:30:27 PM,2020-02-10 17:07:18,db801706-1362-44c7-92ab-f584f96c7e1c-68382-023-0,db801706-1362-44c7-92ab-f584f96c7e1c,8,,C48348,ROUND,,2,,Z;66,,C48325,WHITE,,ATENOLOL 50 mg;,ATENOLOL[ATENOLOL];,"ANHYDROUS CITRIC ACID;CROSCARMELLOSE SODIUM;MAGNESIUM STEARATE;SILICON DIOXIDE;POVIDONE;CELLULOSE, MICROCRYSTALLINE;",HRX,SCD,atenolol 50 MG Oral Tablet,197381,2020-02-10 15:43:39,68382-023,0,,683820023,68382,23,Atenolol,active,20181008,49b0cb66-fb5b-4a22-8f99-fcdcc6c695da.xml,,C42998,34391-3,,,LABELER,Zydus Pharmaceuticals (USA) Inc.,C73584,NLM,TRUE,,9,,,TRUE,FALSE,FALSE,TRUE,TRUE
68382-0024-01_PART_1_OF_1_CHAL10_SB_A12050B2.jpg,68382-0024-01,24,TRUE,FALSE,FALSE,fcn_mix_weight/dr_224/68382-0024-01_PART_1_OF_1_CHAL10_SB_A12050B2.jpg,68382-0024-01_A12050B2,15114,TRUE,10/17/2017 05:30:26 PM,2020-02-10 17:15:55,db801706-1362-44c7-92ab-f584f96c7e1c-68382-024-0,db801706-1362-44c7-92ab-f584f96c7e1c,10,,C48348,ROUND,,1,,Z;67,,C48325,WHITE,,ATENOLOL 100 mg;,ATENOLOL[ATENOLOL];,"ANHYDROUS CITRIC ACID;CROSCARMELLOSE SODIUM;MAGNESIUM STEARATE;SILICON DIOXIDE;POVIDONE;CELLULOSE, MICROCRYSTALLINE;",HRX,SCD,atenolol 100 MG Oral Tablet,197379,2020-02-10 16:31:07,68382-024,0,,683820024,68382,24,Atenolol,active,20181008,49b0cb66-fb5b-4a22-8f99-fcdcc6c695da.xml,,C42998,34391-3,,,LABELER,Zydus Pharmaceuticals (USA) Inc.,C73584,NLM,TRUE,,9,,,TRUE,FALSE,FALSE,TRUE,TRUE
68382-0024-01_PART_1_OF_1_CHAL10_SF_A12050B2.jpg,68382-0024-01,24,TRUE,TRUE,FALSE,fcn_mix_weight/dr_224/68382-0024-01_PART_1_OF_1_CHAL10_SF_A12050B2.jpg,68382-0024-01_A12050B2,15114,TRUE,10/17/2017 05:30:26 PM,2020-02-10 17:15:55,db801706-1362-44c7-92ab-f584f96c7e1c-68382-024-0,db801706-1362-44c7-92ab-f584f96c7e1c,10,,C48348,ROUND,,1,,Z;67,,C48325,WHITE,,ATENOLOL 100 mg;,ATENOLOL[ATENOLOL];,"ANHYDROUS CITRIC ACID;CROSCARMELLOSE SODIUM;MAGNESIUM STEARATE;SILICON DIOXIDE;POVIDONE;CELLULOSE, MICROCRYSTALLINE;",HRX,SCD,atenolol 100 MG Oral Tablet,197379,2020-02-10 16:31:07,68382-024,0,,683820024,68382,24,Atenolol,active,20181008,49b0cb66-fb5b-4a22-8f99-fcdcc6c695da.xml,,C42998,34391-3,,,LABELER,Zydus Pharmaceuticals (USA) Inc.,C73584,NLM,TRUE,,9,,,TRUE,FALSE,FALSE,TRUE,TRUE
68462-0160-01_PART_1_OF_1_CHAL10_SB_B123D88E.jpg,68462-0160-01,160,TRUE,FALSE,FALSE,fcn_mix_weight/dr_224/68462-0160-01_PART_1_OF_1_CHAL10_SB_B123D88E.jpg,68462-0160-01_B123D88E,29426,TRUE,10/17/2017 05:31:27 PM,2020-02-10 17:16:13,bd64d499-0e99-4e48-bf0a-70f67e955d8b-68462-160-0,bd64d499-0e99-4e48-bf0a-70f67e955d8b,13,,C48348,ROUND,,1,,G;45;850,,C48325,WHITE,,METFORMIN HYDROCHLORIDE 850 mg;,METFORMIN HYDROCHLORIDE[METFORMIN];,"MICROCRYSTALLINE CELLULOSE;MAGNESIUM STEARATE;POVIDONE, UNSPECIFIED;POLYETHYLENE GLYCOL 400;POLYETHYLENE GLYCOL 6000;HYPROMELLOSE, UNSPECIFIED;",HRX,,,,2020-02-10 16:02:24,68462-160,0,,684620160,68462,160,Metformin Hydrochloride,active,20170626,5bfab3d1-d0f1-4cd0-a9e0-bad5d53da82c.xml,,C42998,34391-3,,,LABELER,"Glenmark Pharmaceuticals Inc., USA",C73584,NLM,TRUE,,9,,,TRUE,FALSE,FALSE,TRUE,TRUE
68462-0160-01_PART_1_OF_1_CHAL10_SF_B123D88E.jpg,68462-0160-01,160,TRUE,TRUE,FALSE,fcn_mix_weight/dr_224/68462-0160-01_PART_1_OF_1_CHAL10_SF_B123D88E.jpg,68462-0160-01_B123D88E,29426,TRUE,10/17/2017 05:31:27 PM,2020-02-10 17:16:13,bd64d499-0e99-4e48-bf0a-70f67e955d8b-68462-160-0,bd64d499-0e99-4e48-bf0a-70f67e955d8b,13,,C48348,ROUND,,1,,G;45;850,,C48325,WHITE,,METFORMIN HYDROCHLORIDE 850 mg;,METFORMIN HYDROCHLORIDE[METFORMIN];,"MICROCRYSTALLINE CELLULOSE;MAGNESIUM STEARATE;POVIDONE, UNSPECIFIED;POLYETHYLENE GLYCOL 400;POLYETHYLENE GLYCOL 6000;HYPROMELLOSE, UNSPECIFIED;",HRX,,,,2020-02-10 16:02:24,68462-160,0,,684620160,68462,160,Metformin Hydrochloride,active,20170626,5bfab3d1-d0f1-4cd0-a9e0-bad5d53da82c.xml,,C42998,34391-3,,,LABELER,"Glenmark Pharmaceuticals Inc., USA",C73584,NLM,TRUE,,9,,,TRUE,FALSE,FALSE,TRUE,TRUE
68462-0163-01_PART_1_OF_1_CHAL10_SB_DC216E7B.jpg,68462-0163-01,163,TRUE,FALSE,FALSE,fcn_mix_weight/dr_224/68462-0163-01_PART_1_OF_1_CHAL10_SB_DC216E7B.jpg,68462-0163-01_DC216E7B,45305,TRUE,10/17/2017 05:32:39 PM,2020-02-10 17:08:57,c4a21f67-7812-4634-beba-f8e85c63c5f2-68462-163-0,c4a21f67-7812-4634-beba-f8e85c63c5f2,6,,C48348,ROUND,,1,,G;41,,C48325,WHITE,,CARVEDILOL 6.25 mg;,CARVEDILOL[CARVEDILOL];,"SILICON DIOXIDE;CROSPOVIDONE (15 MPA.S AT 5%);HYPROMELLOSE, UNSPECIFIED;LACTOSE, UNSPECIFIED FORM;MAGNESIUM STEARATE;POLYETHYLENE GLYCOL, UNSPECIFIED;POLYSORBATE 80;POVIDONE, UNSPECIFIED;TITANIUM DIOXIDE;",HRX,SCD,carvedilol 6.25 MG Oral Tablet,200031,2020-02-10 15:52:56,68462-163,0,,684620163,68462,163,Carvedilol,active,20190930,333eef39-b4ff-4ed5-ac20-5df0a958b54e.xml,,C42931,34391-3,,,LABELER,"Glenmark Pharmaceuticals Inc., USA",C73584,NLM,TRUE,,10,,,TRUE,FALSE,FALSE,TRUE,TRUE
68462-0163-01_PART_1_OF_1_CHAL10_SF_DC216E7B.jpg,68462-0163-01,163,TRUE,TRUE,FALSE,fcn_mix_weight/dr_224/68462-0163-01_PART_1_OF_1_CHAL10_SF_DC216E7B.jpg,68462-0163-01_DC216E7B,45305,TRUE,10/17/2017 05:32:39 PM,2020-02-10 17:08:57,c4a21f67-7812-4634-beba-f8e85c63c5f2-68462-163-0,c4a21f67-7812-4634-beba-f8e85c63c5f2,6,,C48348,ROUND,,1,,G;41,,C48325,WHITE,,CARVEDILOL 6.25 mg;,CARVEDILOL[CARVEDILOL];,"SILICON DIOXIDE;CROSPOVIDONE (15 MPA.S AT 5%);HYPROMELLOSE, UNSPECIFIED;LACTOSE, UNSPECIFIED FORM;MAGNESIUM STEARATE;POLYETHYLENE GLYCOL, UNSPECIFIED;POLYSORBATE 80;POVIDONE, UNSPECIFIED;TITANIUM DIOXIDE;",HRX,SCD,carvedilol 6.25 MG Oral Tablet,200031,2020-02-10 15:52:56,68462-163,0,,684620163,68462,163,Carvedilol,active,20190930,333eef39-b4ff-4ed5-ac20-5df0a958b54e.xml,,C42931,34391-3,,,LABELER,"Glenmark Pharmaceuticals Inc., USA",C73584,NLM,TRUE,,10,,,TRUE,FALSE,FALSE,TRUE,TRUE
68462-0208-01_PART_1_OF_1_CHAL10_SB_7A1B3D59.jpg,68462-0208-01,208,TRUE,FALSE,FALSE,fcn_mix_weight/dr_224/68462-0208-01_PART_1_OF_1_CHAL10_SB_7A1B3D59.jpg,68462-0208-01_7A1B3D59,19718,TRUE,10/17/2017 05:30:45 PM,2020-02-10 17:07:00,baac91ad-f8ee-4694-89f8-5c47a8eda39a-68462-208-0,baac91ad-f8ee-4694-89f8-5c47a8eda39a,8,,C48348,ROUND,,2,,G;208,,C48332,BROWN,,MOEXIPRIL HYDROCHLORIDE 15 mg;,MOEXIPRIL HYDROCHLORIDE[MOEXIPRILAT];,"CROSPOVIDONE (15 MPA.S AT 5%);LACTOSE MONOHYDRATE;MAGNESIUM OXIDE;MAGNESIUM STEARATE;POVIDONE, UNSPECIFIED;HYDROXYPROPYL CELLULOSE, UNSPECIFIED;TITANIUM DIOXIDE;POLYETHYLENE GLYCOL 6000;FERRIC OXIDE RED;FERROSOFERRIC OXIDE;FERRIC OXIDE YELLOW;HYPROMELLOSE, UNSPECIFIED;",HRX,SCD,moexipril hydrochloride 15 MG Oral Tablet,1299896,2020-02-10 15:42:09,68462-208,0,,684620208,68462,208,Moexipril Hydrochloride,active,20181206,83e29d4f-9c22-42f7-931c-5fcb6bfe21a3.xml,,C42931,34391-3,,,LABELER,"Glenmark Pharmaceuticals Inc., USA",C73584,NLM,TRUE,,8,,,TRUE,FALSE,FALSE,TRUE,TRUE
68462-0208-01_PART_1_OF_1_CHAL10_SF_7A1B3D59.jpg,68462-0208-01,208,TRUE,TRUE,FALSE,fcn_mix_weight/dr_224/68462-0208-01_PART_1_OF_1_CHAL10_SF_7A1B3D59.jpg,68462-0208-01_7A1B3D59,19718,TRUE,10/17/2017 05:30:45 PM,2020-02-10 17:07:00,baac91ad-f8ee-4694-89f8-5c47a8eda39a-68462-208-0,baac91ad-f8ee-4694-89f8-5c47a8eda39a,8,,C48348,ROUND,,2,,G;208,,C48332,BROWN,,MOEXIPRIL HYDROCHLORIDE 15 mg;,MOEXIPRIL HYDROCHLORIDE[MOEXIPRILAT];,"CROSPOVIDONE (15 MPA.S AT 5%);LACTOSE MONOHYDRATE;MAGNESIUM OXIDE;MAGNESIUM STEARATE;POVIDONE, UNSPECIFIED;HYDROXYPROPYL CELLULOSE, UNSPECIFIED;TITANIUM DIOXIDE;POLYETHYLENE GLYCOL 6000;FERRIC OXIDE RED;FERROSOFERRIC OXIDE;FERRIC OXIDE YELLOW;HYPROMELLOSE, UNSPECIFIED;",HRX,SCD,moexipril hydrochloride 15 MG Oral Tablet,1299896,2020-02-10 15:42:09,68462-208,0,,684620208,68462,208,Moexipril Hydrochloride,active,20181206,83e29d4f-9c22-42f7-931c-5fcb6bfe21a3.xml,,C42931,34391-3,,,LABELER,"Glenmark Pharmaceuticals Inc., USA",C73584,NLM,TRUE,,8,,,TRUE,FALSE,FALSE,TRUE,TRUE
68462-0358-05_PART_1_OF_1_CHAL10_SB_A71C53C2.jpg,68462-0358-05,358,TRUE,FALSE,FALSE,fcn_mix_weight/dr_224/68462-0358-05_PART_1_OF_1_CHAL10_SB_A71C53C2.jpg,68462-0358-05_A71C53C2,15340,TRUE,10/17/2017 05:30:27 PM,2020-02-10 17:09:23,5276f530-14bc-492d-974b-913fd06bf52e-68462-358-0,5276f530-14bc-492d-974b-913fd06bf52e,9,16,C48345,OVAL,,1,,IG;257,,C48325,WHITE,,NABUMETONE 500 mg;,NABUMETONE[NABUMETONE];,"MICROCRYSTALLINE CELLULOSE;HYPROMELLOSE, UNSPECIFIED;SODIUM STARCH GLYCOLATE TYPE A POTATO;SODIUM LAURYL SULFATE;SILICON DIOXIDE;MAGNESIUM STEARATE;TITANIUM DIOXIDE;POLYETHYLENE GLYCOL 200;POLYSORBATE 80;",HRX,SCD,nabumetone 500 MG Oral Tablet,311892,2020-02-10 15:55:18,68462-358,0,,684620358,68462,358,Nabumetone,active,20181207,53eb632a-bd56-4079-b1cd-c0699b9bfc52.xml,,C42931,34391-3,,,LABELER,"Glenmark Pharmaceuticals Inc., USA",C73584,NLM,TRUE,,4,,,TRUE,FALSE,FALSE,TRUE,TRUE
68462-0358-05_PART_1_OF_1_CHAL10_SF_A71C53C2.jpg,68462-0358-05,358,TRUE,TRUE,FALSE,fcn_mix_weight/dr_224/68462-0358-05_PART_1_OF_1_CHAL10_SF_A71C53C2.jpg,68462-0358-05_A71C53C2,15340,TRUE,10/17/2017 05:30:27 PM,2020-02-10 17:09:23,5276f530-14bc-492d-974b-913fd06bf52e-68462-358-0,5276f530-14bc-492d-974b-913fd06bf52e,9,16,C48345,OVAL,,1,,IG;257,,C48325,WHITE,,NABUMETONE 500 mg;,NABUMETONE[NABUMETONE];,"MICROCRYSTALLINE CELLULOSE;HYPROMELLOSE, UNSPECIFIED;SODIUM STARCH GLYCOLATE TYPE A POTATO;SODIUM LAURYL SULFATE;SILICON DIOXIDE;MAGNESIUM STEARATE;TITANIUM DIOXIDE;POLYETHYLENE GLYCOL 200;POLYSORBATE 80;",HRX,SCD,nabumetone 500 MG Oral Tablet,311892,2020-02-10 15:55:18,68462-358,0,,684620358,68462,358,Nabumetone,active,20181207,53eb632a-bd56-4079-b1cd-c0699b9bfc52.xml,,C42931,34391-3,,,LABELER,"Glenmark Pharmaceuticals Inc., USA",C73584,NLM,TRUE,,4,,,TRUE,FALSE,FALSE,TRUE,TRUE
68462-0360-01_PART_1_OF_1_CHAL10_SB_06230358.jpg,68462-0360-01,360,TRUE,FALSE,FALSE,fcn_mix_weight/dr_224/68462-0360-01_PART_1_OF_1_CHAL10_SB_06230358.jpg,68462-0360-01_06230358,32968,TRUE,10/17/2017 05:31:43 PM,10/17/2017 05:31:43 PM,e213bcc5-b945-4cd7-b61f-58f5fb863fd1-68462-360-0,e213bcc5-b945-4cd7-b61f-58f5fb863fd1,5,,C48348,ROUND,,1,,IG;275,,C48325,WHITE,,HYDROXYZINE HYDROCHLORIDE 10 mg;,HYDROXYZINE HYDROCHLORIDE[HYDROXYZINE];,"SILICON DIOXIDE;CROSPOVIDONE;CALCIUM PHOSPHATE, DIBASIC, ANHYDROUS;LACTOSE MONOHYDRATE;MAGNESIUM STEARATE;CELLULOSE, MICROCRYSTALLINE;TITANIUM DIOXIDE;HYPROMELLOSES;POLYETHYLENE GLYCOL 400;POLYSORBATE 80;",HRX,,Hydroxyzine Hydrochloride 10 MG Oral Tablet,995218,,68462-360,0,,684620360,68462,360,Hydroxyzine Hydrochloride,completed,20150109,f0b15ad2-afef-429e-a795-f98ff91a5cfb.xml,,C42931,34391-3,,,LABELER,"Glenmark Generics Inc., USA",C73584,NLM,TRUE,,3,,,FALSE,TRUE,FALSE,TRUE,TRUE
68462-0360-01_PART_1_OF_1_CHAL10_SF_06230358.jpg,68462-0360-01,360,TRUE,TRUE,FALSE,fcn_mix_weight/dr_224/68462-0360-01_PART_1_OF_1_CHAL10_SF_06230358.jpg,68462-0360-01_06230358,32968,TRUE,10/17/2017 05:31:43 PM,10/17/2017 05:31:43 PM,e213bcc5-b945-4cd7-b61f-58f5fb863fd1-68462-360-0,e213bcc5-b945-4cd7-b61f-58f5fb863fd1,5,,C48348,ROUND,,1,,IG;275,,C48325,WHITE,,HYDROXYZINE HYDROCHLORIDE 10 mg;,HYDROXYZINE HYDROCHLORIDE[HYDROXYZINE];,"SILICON DIOXIDE;CROSPOVIDONE;CALCIUM PHOSPHATE, DIBASIC, ANHYDROUS;LACTOSE MONOHYDRATE;MAGNESIUM STEARATE;CELLULOSE, MICROCRYSTALLINE;TITANIUM DIOXIDE;HYPROMELLOSES;POLYETHYLENE GLYCOL 400;POLYSORBATE 80;",HRX,,Hydroxyzine Hydrochloride 10 MG Oral Tablet,995218,,68462-360,0,,684620360,68462,360,Hydroxyzine Hydrochloride,completed,20150109,f0b15ad2-afef-429e-a795-f98ff91a5cfb.xml,,C42931,34391-3,,,LABELER,"Glenmark Generics Inc., USA",C73584,NLM,TRUE,,3,,,FALSE,TRUE,FALSE,TRUE,TRUE
68462-0361-01_PART_1_OF_1_CHAL10_SB_D222E917.jpg,68462-0361-01,361,TRUE,FALSE,FALSE,fcn_mix_weight/dr_224/68462-0361-01_PART_1_OF_1_CHAL10_SB_D222E917.jpg,68462-0361-01_D222E917,28698,TRUE,10/17/2017 05:31:24 PM,10/17/2017 05:31:24 PM,e213bcc5-b945-4cd7-b61f-58f5fb863fd1-68462-361-0,e213bcc5-b945-4cd7-b61f-58f5fb863fd1,7,,C48348,ROUND,,1,,IG;276,,C48325,WHITE,,HYDROXYZINE HYDROCHLORIDE 25 mg;,HYDROXYZINE HYDROCHLORIDE[HYDROXYZINE];,"SILICON DIOXIDE;CROSPOVIDONE;CALCIUM PHOSPHATE, DIBASIC, ANHYDROUS;LACTOSE MONOHYDRATE;MAGNESIUM STEARATE;CELLULOSE, MICROCRYSTALLINE;TITANIUM DIOXIDE;HYPROMELLOSES;POLYETHYLENE GLYCOL 400;POLYSORBATE 80;",HRX,,Hydroxyzine Hydrochloride 25 MG Oral Tablet,995258,,68462-361,0,,684620361,68462,361,Hydroxyzine Hydrochloride,completed,20150109,f0b15ad2-afef-429e-a795-f98ff91a5cfb.xml,,C42931,34391-3,,,LABELER,"Glenmark Generics Inc., USA",C73584,NLM,TRUE,,3,,,FALSE,TRUE,FALSE,TRUE,TRUE
68462-0361-01_PART_1_OF_1_CHAL10_SF_D222E917.jpg,68462-0361-01,361,TRUE,TRUE,FALSE,fcn_mix_weight/dr_224/68462-0361-01_PART_1_OF_1_CHAL10_SF_D222E917.jpg,68462-0361-01_D222E917,28698,TRUE,10/17/2017 05:31:24 PM,10/17/2017 05:31:24 PM,e213bcc5-b945-4cd7-b61f-58f5fb863fd1-68462-361-0,e213bcc5-b945-4cd7-b61f-58f5fb863fd1,7,,C48348,ROUND,,1,,IG;276,,C48325,WHITE,,HYDROXYZINE HYDROCHLORIDE 25 mg;,HYDROXYZINE HYDROCHLORIDE[HYDROXYZINE];,"SILICON DIOXIDE;CROSPOVIDONE;CALCIUM PHOSPHATE, DIBASIC, ANHYDROUS;LACTOSE MONOHYDRATE;MAGNESIUM STEARATE;CELLULOSE, MICROCRYSTALLINE;TITANIUM DIOXIDE;HYPROMELLOSES;POLYETHYLENE GLYCOL 400;POLYSORBATE 80;",HRX,,Hydroxyzine Hydrochloride 25 MG Oral Tablet,995258,,68462-361,0,,684620361,68462,361,Hydroxyzine Hydrochloride,completed,20150109,f0b15ad2-afef-429e-a795-f98ff91a5cfb.xml,,C42931,34391-3,,,LABELER,"Glenmark Generics Inc., USA",C73584,NLM,TRUE,,3,,,FALSE,TRUE,FALSE,TRUE,TRUE
68968-3500-01_PART_1_OF_1_CHAL10_SB_581E2C71.jpg,68968-3500-01,3500,TRUE,FALSE,FALSE,fcn_mix_weight/dr_224/68968-3500-01_PART_1_OF_1_CHAL10_SB_581E2C71.jpg,68968-3500-01_581E2C71,22690,TRUE,10/17/2017 05:30:58 PM,10/17/2017 05:30:58 PM,95a4ddd8-b76a-4128-b2ed-8a36cd5738f9-68968-3500-0,95a4ddd8-b76a-4128-b2ed-8a36cd5738f9,15,,C48345,OVAL,,1,,NVN2,,C48331,ORANGE,,VALPROIC ACID 500 mg;,VALPROIC ACID[VALPROIC ACID];,AMMONIA;GELATIN;GLYCERIN;METHACRYLIC ACID - METHYL METHACRYLATE COPOLYMER (1:1);TRIETHYL CITRATE;WATER;FD&C YELLOW NO. 6;,HRX,,Valproic Acid 500 MG Delayed Release Oral Capsule [Stavzor],1099693,,68968-3500,0,,689683500,68968,3500,STAVZOR,completed,20140911,6c1c7387-6c54-42f3-82b3-5be32070a14a.xml,,C42902,34391-3,,,LABELER,"Noven Therapeutics, LLC",C73594,NLM,TRUE,,17,,,FALSE,TRUE,FALSE,TRUE,TRUE
68968-3500-01_PART_1_OF_1_CHAL10_SF_581E2C71.jpg,68968-3500-01,3500,TRUE,TRUE,FALSE,fcn_mix_weight/dr_224/68968-3500-01_PART_1_OF_1_CHAL10_SF_581E2C71.jpg,68968-3500-01_581E2C71,22690,TRUE,10/17/2017 05:30:58 PM,10/17/2017 05:30:58 PM,95a4ddd8-b76a-4128-b2ed-8a36cd5738f9-68968-3500-0,95a4ddd8-b76a-4128-b2ed-8a36cd5738f9,15,,C48345,OVAL,,1,,NVN2,,C48331,ORANGE,,VALPROIC ACID 500 mg;,VALPROIC ACID[VALPROIC ACID];,AMMONIA;GELATIN;GLYCERIN;METHACRYLIC ACID - METHYL METHACRYLATE COPOLYMER (1:1);TRIETHYL CITRATE;WATER;FD&C YELLOW NO. 6;,HRX,,Valproic Acid 500 MG Delayed Release Oral Capsule [Stavzor],1099693,,68968-3500,0,,689683500,68968,3500,STAVZOR,completed,20140911,6c1c7387-6c54-42f3-82b3-5be32070a14a.xml,,C42902,34391-3,,,LABELER,"Noven Therapeutics, LLC",C73594,NLM,TRUE,,17,,,FALSE,TRUE,FALSE,TRUE,TRUE
99207-0461-30_PART_1_OF_1_CHAL10_SB_EF1C7793.jpg,99207-0461-30,461,TRUE,FALSE,FALSE,fcn_mix_weight/dr_224/99207-0461-30_PART_1_OF_1_CHAL10_SB_EF1C7793.jpg,99207-0461-30_EF1C7793,22317,TRUE,10/17/2017 05:30:56 PM,2020-02-10 17:08:48,1b9dfa57-f295-4038-8aec-8efc54817d07-99207-461-0,1b9dfa57-f295-4038-8aec-8efc54817d07,16,,C48345,OVAL,,1,,DYN;090,,C48330,YELLOW,,minocycline hydrochloride 90 mg;,minocycline hydrochloride[minocycline];,HYPROMELLOSE 2910 (50 MPA.S);lactose monohydrate;titanium dioxide;ferric oxide yellow;polyethylene glycol 3350;triacetin;,HRX,,,,2020-02-10 15:52:10,99207-461,0,,992070461,99207,461,Solodyn,completed,20170912,7578e84a-41ed-498d-8c2b-56a9931679db.xml,,C42930,34391-3,,,LABELER,Valeant Pharmaceuticals North America LLC,C73594,NLM,TRUE,,23,,,TRUE,FALSE,FALSE,TRUE,TRUE
99207-0461-30_PART_1_OF_1_CHAL10_SF_EF1C7793.jpg,99207-0461-30,461,TRUE,TRUE,FALSE,fcn_mix_weight/dr_224/99207-0461-30_PART_1_OF_1_CHAL10_SF_EF1C7793.jpg,99207-0461-30_EF1C7793,22317,TRUE,10/17/2017 05:30:56 PM,2020-02-10 17:08:48,1b9dfa57-f295-4038-8aec-8efc54817d07-99207-461-0,1b9dfa57-f295-4038-8aec-8efc54817d07,16,,C48345,OVAL,,1,,DYN;090,,C48330,YELLOW,,minocycline hydrochloride 90 mg;,minocycline hydrochloride[minocycline];,HYPROMELLOSE 2910 (50 MPA.S);lactose monohydrate;titanium dioxide;ferric oxide yellow;polyethylene glycol 3350;triacetin;,HRX,,,,2020-02-10 15:52:10,99207-461,0,,992070461,99207,461,Solodyn,completed,20170912,7578e84a-41ed-498d-8c2b-56a9931679db.xml,,C42930,34391-3,,,LABELER,Valeant Pharmaceuticals North America LLC,C73594,NLM,TRUE,,23,,,TRUE,FALSE,FALSE,TRUE,TRUE
99207-0467-30_PART_1_OF_1_CHAL10_SB_C11D60AB.jpg,99207-0467-30,467,TRUE,FALSE,FALSE,fcn_mix_weight/dr_224/99207-0467-30_PART_1_OF_1_CHAL10_SB_C11D60AB.jpg,99207-0467-30_C11D60AB,29268,TRUE,10/17/2017 05:31:26 PM,2020-02-10 17:07:11,1b9dfa57-f295-4038-8aec-8efc54817d07-99207-467-0,1b9dfa57-f295-4038-8aec-8efc54817d07,16,,C48345,OVAL,,1,,DYN;105,,C48327,PURPLE,,minocycline hydrochloride 105 mg;,minocycline hydrochloride[minocycline];,HYPROMELLOSE 2910 (50 MPA.S);lactose monohydrate;titanium dioxide;D&C Red No. 27;polyethylene glycol 3350;triacetin;FD&C Blue No. 1;,HRX,SBD,24 HR minocycline 105 MG Extended Release Oral Tablet [Solodyn],1014018,2020-02-10 15:43:09,99207-467,0,,992070467,99207,467,Solodyn,active,20170912,7578e84a-41ed-498d-8c2b-56a9931679db.xml,,C42930,34391-3,,,LABELER,Valeant Pharmaceuticals North America LLC,C73594,NLM,TRUE,,23,,,TRUE,FALSE,FALSE,TRUE,TRUE
99207-0467-30_PART_1_OF_1_CHAL10_SF_C11D60AB.jpg,99207-0467-30,467,TRUE,TRUE,FALSE,fcn_mix_weight/dr_224/99207-0467-30_PART_1_OF_1_CHAL10_SF_C11D60AB.jpg,99207-0467-30_C11D60AB,29268,TRUE,10/17/2017 05:31:26 PM,2020-02-10 17:07:11,1b9dfa57-f295-4038-8aec-8efc54817d07-99207-467-0,1b9dfa57-f295-4038-8aec-8efc54817d07,16,,C48345,OVAL,,1,,DYN;105,,C48327,PURPLE,,minocycline hydrochloride 105 mg;,minocycline hydrochloride[minocycline];,HYPROMELLOSE 2910 (50 MPA.S);lactose monohydrate;titanium dioxide;D&C Red No. 27;polyethylene glycol 3350;triacetin;FD&C Blue No. 1;,HRX,SBD,24 HR minocycline 105 MG Extended Release Oral Tablet [Solodyn],1014018,2020-02-10 15:43:09,99207-467,0,,992070467,99207,467,Solodyn,active,20170912,7578e84a-41ed-498d-8c2b-56a9931679db.xml,,C42930,34391-3,,,LABELER,Valeant Pharmaceuticals North America LLC,C73594,NLM,TRUE,,23,,,TRUE,FALSE,FALSE,TRUE,TRUE
